-8.e-9
-7.83838383838384e-9
-7.676767676767677e-9
-7.515151515151515e-9
-7.353535353535354e-9
-7.191919191919192e-9
-7.03030303030303e-9
-6.868686868686869e-9
-6.707070707070707e-9
-6.545454545454546e-9
-6.383838383838384e-9
-6.222222222222223e-9
-6.060606060606061e-9
-5.898989898989899e-9
-5.737373737373738e-9
-5.575757575757576e-9
-5.414141414141414e-9
-5.2525252525252525e-9
-5.090909090909091e-9
-4.9292929292929286e-9
-4.767676767676767e-9
-4.606060606060606e-9
-4.444444444444444e-9
-4.282828282828282e-9
-4.121212121212121e-9
-3.959595959595959e-9
-3.797979797979798e-9
-3.636363636363636e-9
-3.474747474747474e-9
-3.313131313131313e-9
-3.151515151515151e-9
-2.9898989898989897e-9
-2.8282828282828277e-9
-2.6666666666666657e-9
-2.5050505050505046e-9
-2.3434343434343426e-9
-2.1818181818181814e-9
-2.0202020202020194e-9
-1.8585858585858575e-9
-1.6969696969696963e-9
-1.5353535353535343e-9
-1.3737373737373732e-9
-1.2121212121212112e-9
-1.0505050505050492e-9
-8.88888888888888e-10
-7.27272727272726e-10
-5.656565656565649e-10
-4.040404040404029e-10
-2.4242424242424174e-10
-8.080808080807892e-11
8.080808080808223e-11
2.424242424242434e-10
4.0404040404040455e-10
5.656565656565674e-10
7.272727272727285e-10
8.888888888888897e-10
1.0505050505050525e-9
1.2121212121212137e-9
1.3737373737373748e-9
1.5353535353535376e-9
1.6969696969696988e-9
1.85858585858586e-9
2.020202020202021e-9
2.181818181818184e-9
2.343434343434345e-9
2.5050505050505062e-9
2.666666666666669e-9
2.82828282828283e-9
2.9898989898989914e-9
3.1515151515151525e-9
3.3131313131313153e-9
3.4747474747474765e-9
3.6363636363636376e-9
3.7979797979798005e-9
3.959595959595962e-9
4.121212121212123e-9
4.2828282828282856e-9
4.444444444444447e-9
4.606060606060608e-9
4.767676767676769e-9
4.929292929292932e-9
5.090909090909093e-9
5.252525252525254e-9
5.414141414141417e-9
5.575757575757578e-9
5.737373737373739e-9
5.898989898989902e-9
6.060606060606063e-9
6.2222222222222244e-9
6.383838383838386e-9
6.5454545454545484e-9
6.7070707070707096e-9
6.868686868686871e-9
7.0303030303030335e-9
7.191919191919195e-9
7.353535353535356e-9
7.515151515151517e-9
7.676767676767678e-9
7.838383838383843e-9
8.e-9