-9.e-9
-8.818181818181817e-9
-8.636363636363636e-9
-8.454545454545454e-9
-8.272727272727273e-9
-8.09090909090909e-9
-7.90909090909091e-9
-7.727272727272727e-9
-7.545454545454544e-9
-7.363636363636363e-9
-7.1818181818181815e-9
-7.e-9
-6.818181818181817e-9
-6.636363636363636e-9
-6.454545454545454e-9
-6.272727272727272e-9
-6.09090909090909e-9
-5.909090909090909e-9
-5.727272727272727e-9
-5.5454545454545444e-9
-5.3636363636363635e-9
-5.181818181818181e-9
-4.999999999999999e-9
-4.8181818181818176e-9
-4.636363636363636e-9
-4.454545454545454e-9
-4.272727272727272e-9
-4.090909090909091e-9
-3.909090909090908e-9
-3.7272727272727264e-9
-3.5454545454545447e-9
-3.363636363636363e-9
-3.1818181818181813e-9
-2.9999999999999996e-9
-2.818181818181818e-9
-2.636363636363636e-9
-2.4545454545454544e-9
-2.272727272727272e-9
-2.09090909090909e-9
-1.9090909090909084e-9
-1.7272727272727267e-9
-1.545454545454545e-9
-1.3636363636363625e-9
-1.1818181818181816e-9
-9.99999999999999e-10
-8.181818181818181e-10
-6.363636363636356e-10
-4.545454545454547e-10
-2.7272727272727216e-10
-9.090909090908962e-11
9.090909090909127e-11
2.727272727272738e-10
4.545454545454547e-10
6.363636363636372e-10
8.181818181818181e-10
1.0000000000000007e-9
1.1818181818181832e-9
1.3636363636363641e-9
1.5454545454545467e-9
1.7272727272727275e-9
1.90909090909091e-9
2.090909090909091e-9
2.2727272727272735e-9
2.4545454545454544e-9
2.636363636363637e-9
2.8181818181818195e-9
3.0000000000000004e-9
3.181818181818183e-9
3.363636363636364e-9
3.5454545454545464e-9
3.727272727272727e-9
3.90909090909091e-9
4.090909090909091e-9
4.272727272727273e-9
4.454545454545456e-9
4.636363636363637e-9
4.818181818181819e-9
5.e-9
5.181818181818183e-9
5.3636363636363635e-9
5.545454545454546e-9
5.727272727272729e-9
5.9090909090909095e-9
6.090909090909092e-9
6.272727272727275e-9
6.454545454545454e-9
6.636363636363636e-9
6.818181818181819e-9
7.0000000000000015e-9
7.181818181818184e-9
7.363636363636363e-9
7.545454545454546e-9
7.727272727272728e-9
7.909090909090911e-9
8.09090909090909e-9
8.272727272727273e-9
8.454545454545455e-9
8.636363636363638e-9
8.81818181818182e-9
9.e-9