3.0000000000000004e-9
3.3535353535353535e-9
3.7070707070707075e-9
4.060606060606061e-9
4.414141414141415e-9
4.767676767676768e-9
5.121212121212122e-9
5.474747474747475e-9
5.828282828282829e-9
6.181818181818182e-9
6.535353535353536e-9
6.88888888888889e-9
7.242424242424242e-9
7.595959595959596e-9
7.94949494949495e-9
8.303030303030303e-9
8.656565656565657e-9
9.01010101010101e-9
9.363636363636365e-9
9.717171717171717e-9
1.0070707070707072e-8
1.0424242424242424e-8
1.0777777777777779e-8
1.1131313131313132e-8
1.1484848484848484e-8
1.183838383838384e-8
1.2191919191919193e-8
1.2545454545454546e-8
1.28989898989899e-8
1.3252525252525253e-8
1.3606060606060606e-8
1.3959595959595962e-8
1.4313131313131315e-8
1.4666666666666667e-8
1.5020202020202023e-8
1.5373737373737374e-8
1.572727272727273e-8
1.6080808080808083e-8
1.6434343434343434e-8
1.678787878787879e-8
1.7141414141414143e-8
1.7494949494949498e-8
1.784848484848485e-8
1.8202020202020203e-8
1.8555555555555557e-8
1.890909090909091e-8
1.9262626262626263e-8
1.9616161616161617e-8
1.996969696969697e-8
2.0323232323232323e-8
2.067676767676768e-8
2.103030303030303e-8
2.1383838383838386e-8
2.1737373737373737e-8
2.209090909090909e-8
2.2444444444444446e-8
2.27979797979798e-8
2.3151515151515155e-8
2.3505050505050506e-8
2.385858585858586e-8
2.421212121212121e-8
2.4565656565656566e-8
2.4919191919191923e-8
2.5272727272727274e-8
2.562626262626263e-8
2.597979797979798e-8
2.6333333333333334e-8
2.6686868686868692e-8
2.7040404040404043e-8
2.7393939393939397e-8
2.774747474747475e-8
2.8101010101010103e-8
2.8454545454545454e-8
2.8808080808080812e-8
2.9161616161616166e-8
2.9515151515151517e-8
2.986868686868687e-8
3.0222222222222226e-8
3.057575757575758e-8
3.0929292929292935e-8
3.1282828282828286e-8
3.163636363636364e-8
3.1989898989898995e-8
3.234343434343434e-8
3.26969696969697e-8
3.3050505050505054e-8
3.3404040404040406e-8
3.3757575757575757e-8
3.4111111111111114e-8
3.4464646464646465e-8
3.4818181818181817e-8
3.5171717171717174e-8
3.5525252525252525e-8
3.5878787878787876e-8
3.6232323232323234e-8
3.658585858585859e-8
3.693939393939394e-8
3.7292929292929294e-8
3.7646464646464645e-8
3.8e-8