1.262689579999999978e+02
6.313431400000000338e+01
4.208935900000000174e+01
3.156682699999999997e+01
2.525326400000000149e+01
2.104418499999999881e+01
1.803766800000000003e+01
1.578275400000000062e+01
1.402890599999999921e+01
1.262580700000000000e+01
1.147779599999999967e+01
1.052110200000000084e+01
9.711574999999999847e+00
9.017678999999999334e+00
8.416287999999999769e+00
7.890056999999999654e+00
7.425722000000000378e+00
7.012967999999999869e+00
6.643650000000000055e+00
6.311252999999999780e+00
6.010502999999999929e+00
5.737083000000000155e+00
5.487428999999999668e+00
5.258570999999999884e+00
5.048011999999999944e+00
4.853641999999999790e+00
4.673662000000000205e+00
4.506528999999999563e+00
4.350914999999999644e+00
4.205668000000000184e+00
4.069785000000000430e+00
3.942387000000000086e+00
3.822703999999999880e+00
3.710055000000000103e+00
3.603835999999999817e+00
3.503512999999999877e+00
3.408605999999999803e+00
3.318687999999999860e+00
3.233375999999999806e+00
3.152324000000000126e+00
3.075220999999999982e+00
3.001783999999999786e+00
2.931757000000000168e+00
2.864908999999999928e+00
2.801025999999999794e+00
2.739916000000000018e+00
2.681401999999999841e+00
2.625322000000000155e+00
2.571525999999999978e+00
2.519877000000000145e+00
2.470248999999999917e+00
2.422525999999999957e+00
2.376599999999999824e+00
2.332370000000000054e+00
2.289744999999999919e+00
2.248638000000000137e+00
2.208969999999999878e+00
2.170666000000000206e+00
2.133656000000000219e+00
2.097876999999999992e+00
2.063266000000000044e+00
2.029768999999999934e+00
1.997332000000000107e+00
1.965904000000000096e+00
1.935440999999999967e+00
1.905896999999999952e+00
1.877232000000000012e+00
1.849406000000000105e+00
1.822384000000000004e+00
1.796130999999999922e+00
1.770613999999999910e+00
1.745802999999999994e+00
1.721668999999999894e+00
1.698183999999999916e+00
1.675321999999999978e+00
1.653059000000000056e+00
1.631370999999999905e+00
1.610236000000000001e+00
1.589633999999999991e+00
1.569544000000000050e+00
1.549946999999999964e+00
1.530826000000000020e+00
1.512162999999999924e+00
1.493940999999999963e+00
1.476145000000000040e+00
1.458760999999999974e+00
1.441773999999999889e+00
1.425170000000000048e+00
1.408937000000000106e+00
1.393062000000000022e+00
1.377534000000000036e+00
1.362340000000000106e+00
1.347472000000000003e+00
1.332916999999999907e+00
1.318665999999999894e+00
1.304708999999999897e+00
1.291037999999999908e+00
1.277644000000000002e+00
1.264518000000000031e+00
1.251652999999999905e+00
1.239039999999999919e+00
1.226671999999999985e+00
1.214542000000000010e+00
1.202642999999999907e+00
1.190968999999999944e+00
1.179511999999999894e+00
1.168268000000000084e+00
1.157229999999999981e+00
1.146392999999999995e+00
1.135750000000000037e+00
1.125296999999999992e+00
1.115029000000000048e+00
1.104940000000000033e+00
1.095026999999999973e+00
1.085283999999999915e+00
1.075706999999999969e+00
1.066292000000000018e+00
1.057034000000000029e+00
1.047930000000000028e+00
1.038975999999999900e+00
1.030167999999999973e+00
1.021503000000000050e+00
1.012977000000000016e+00
1.004585999999999979e+00
9.963279999999999914e-01
9.881990000000000496e-01
9.801959999999999562e-01
9.723169999999999868e-01
9.645580000000000265e-01
9.569170000000000176e-01
9.493899999999999562e-01
9.419760000000000355e-01
9.346710000000000296e-01
9.274740000000000206e-01
9.203820000000000334e-01
9.133930000000000105e-01
9.065039999999999765e-01
8.997129999999999850e-01
8.930179999999999785e-01
8.864170000000000105e-01
8.799080000000000235e-01
8.734889999999999599e-01
8.671579999999999844e-01
8.609139999999999571e-01
8.547540000000000138e-01
8.486770000000000147e-01
8.426810000000000134e-01
8.367649999999999810e-01
8.309260000000000534e-01
8.251640000000000086e-01
8.194770000000000110e-01
8.138630000000000031e-01
8.083200000000000385e-01
8.028490000000000348e-01
7.974459999999999882e-01
7.921110000000000095e-01
7.868429999999999591e-01
7.816400000000000015e-01
7.764999999999999680e-01
7.714239999999999986e-01
7.664090000000000069e-01
7.614549999999999930e-01
7.565600000000000103e-01
7.517230000000000301e-01
7.469440000000000524e-01
7.422210000000000196e-01
7.375530000000000141e-01
7.329390000000000072e-01
7.283779999999999699e-01
7.238700000000000134e-01
7.194129999999999692e-01
7.150060000000000304e-01
7.106489999999999752e-01
7.063409999999999966e-01
7.020809999999999551e-01
6.978670000000000151e-01
6.936999999999999833e-01
6.895790000000000530e-01
6.855019999999999447e-01
6.814700000000000202e-01
6.774799999999999711e-01
6.735330000000000483e-01
6.696280000000000010e-01
6.657640000000000224e-01
6.619410000000000016e-01
6.581569999999999920e-01
6.544130000000000225e-01
6.507070000000000354e-01
6.470390000000000308e-01
6.434090000000000087e-01
6.398150000000000226e-01
6.362569999999999615e-01
6.327359999999999651e-01
6.292489999999999473e-01
6.257960000000000189e-01
6.223779999999999868e-01
6.189940000000000442e-01
6.156420000000000226e-01
6.123220000000000329e-01
6.090349999999999930e-01
6.057789999999999564e-01
6.025549999999999518e-01
5.993610000000000326e-01
5.961969999999999770e-01
5.930619999999999781e-01
5.899569999999999537e-01
5.868809999999999860e-01
5.838330000000000464e-01
5.808140000000000525e-01
5.778219999999999468e-01
5.748569999999999514e-01
5.719189999999999552e-01
5.690070000000000405e-01
5.661209999999999853e-01
5.632620000000000404e-01
5.604270000000000085e-01
5.576179999999999470e-01
5.548330000000000206e-01
5.520720000000000072e-01
5.493360000000000465e-01
5.466229999999999700e-01
5.439340000000000286e-01
5.412670000000000536e-01
5.386239999999999917e-01
5.360019999999999785e-01
5.334029999999999605e-01
5.308260000000000201e-01
5.282700000000000173e-01
5.257349999999999524e-01
5.232219999999999649e-01
5.207289999999999974e-01
5.182560000000000500e-01
5.158040000000000402e-01
5.133720000000000505e-01
5.109590000000000520e-01
5.085650000000000448e-01
5.061909999999999465e-01
5.038359999999999506e-01
5.014990000000000281e-01
4.991809999999999858e-01
4.968810000000000171e-01
4.945990000000000109e-01
4.923350000000000226e-01
4.900880000000000236e-01
4.878589999999999871e-01
4.856469999999999954e-01
4.834510000000000196e-01
4.812730000000000063e-01
4.791110000000000091e-01
4.769649999999999723e-01
4.748350000000000071e-01
4.727210000000000023e-01
4.706230000000000135e-01
4.685409999999999853e-01
4.664730000000000265e-01
4.644209999999999727e-01
4.623840000000000172e-01
4.603619999999999934e-01
4.583539999999999837e-01
4.563610000000000166e-01
4.543820000000000081e-01
4.524179999999999868e-01
4.504670000000000063e-01
4.485299999999999843e-01
4.466069999999999762e-01
4.446970000000000089e-01
4.428010000000000002e-01
4.409170000000000034e-01
4.390470000000000206e-01
4.371900000000000230e-01
4.353449999999999820e-01
4.335140000000000104e-01
4.316940000000000222e-01
4.298870000000000191e-01
4.280919999999999725e-01
4.263100000000000223e-01
4.245389999999999997e-01
4.227799999999999891e-01
4.210329999999999906e-01
4.192969999999999753e-01
4.175730000000000275e-01
4.158600000000000074e-01
4.141580000000000261e-01
4.124669999999999725e-01
4.107870000000000132e-01
4.091179999999999817e-01
4.074599999999999889e-01
4.058120000000000061e-01
4.041750000000000065e-01
4.025489999999999902e-01
4.009320000000000106e-01
3.993260000000000143e-01
3.977299999999999724e-01
3.961430000000000229e-01
3.945670000000000011e-01
3.930000000000000160e-01
3.914429999999999854e-01
3.898960000000000203e-01
3.883579999999999810e-01
3.868300000000000072e-01
3.853099999999999858e-01
3.837999999999999745e-01
3.822989999999999999e-01
3.808070000000000066e-01
3.793239999999999945e-01
3.778500000000000192e-01
3.763850000000000251e-01
3.749279999999999835e-01
3.734790000000000054e-01
3.720399999999999818e-01
3.706079999999999930e-01
3.691849999999999854e-01
3.677699999999999858e-01
3.663629999999999942e-01
3.649649999999999839e-01
3.635740000000000083e-01
3.621920000000000139e-01
3.608169999999999988e-01
3.594499999999999917e-01
3.580900000000000194e-01
3.567379999999999995e-01
3.553939999999999877e-01
3.540570000000000106e-01
3.527279999999999860e-01
3.514059999999999961e-01
3.500909999999999855e-01
3.487839999999999829e-01
3.474840000000000151e-01
3.461899999999999977e-01
3.449039999999999884e-01
3.436250000000000138e-01
3.423519999999999897e-01
3.410869999999999735e-01
3.398280000000000189e-01
3.385759999999999881e-01
3.373300000000000187e-01
3.360909999999999731e-01
3.348590000000000177e-01
3.336319999999999841e-01
3.324130000000000140e-01
3.311999999999999944e-01
3.299929999999999808e-01
3.287919999999999732e-01
3.275970000000000271e-01
3.264090000000000047e-01
3.252260000000000151e-01
3.240500000000000047e-01
3.228790000000000271e-01
3.217149999999999732e-01
3.205560000000000076e-01
3.194029999999999925e-01
3.182559999999999834e-01
3.171140000000000070e-01
3.159790000000000099e-01
3.148480000000000167e-01
3.137240000000000029e-01
3.126050000000000217e-01
3.114910000000000179e-01
3.103819999999999912e-01
3.092799999999999994e-01
3.081820000000000115e-01
3.070899999999999741e-01
3.060030000000000250e-01
3.049209999999999976e-01
3.038440000000000030e-01
3.027719999999999856e-01
3.017050000000000010e-01
3.006440000000000223e-01
2.995869999999999922e-01
2.985360000000000236e-01
2.974890000000000034e-01
2.964470000000000161e-01
2.954100000000000059e-01
2.943769999999999998e-01
2.933499999999999996e-01
2.923270000000000035e-01
2.913080000000000114e-01
2.902950000000000252e-01
2.892850000000000144e-01
2.882810000000000095e-01
2.872810000000000086e-01
2.862850000000000117e-01
2.852939999999999920e-01
2.843069999999999764e-01
2.833249999999999935e-01
2.823470000000000146e-01
2.813729999999999842e-01
2.804030000000000133e-01
2.794380000000000197e-01
2.784769999999999746e-01
2.775199999999999889e-01
2.765670000000000073e-01
2.756179999999999741e-01
2.746730000000000005e-01
2.737330000000000041e-01
2.727959999999999829e-01
2.718630000000000213e-01
2.709349999999999814e-01
2.700099999999999723e-01
2.690890000000000226e-01
2.681709999999999927e-01
2.672579999999999956e-01
2.663490000000000024e-01
2.654429999999999845e-01
2.645410000000000261e-01
2.636419999999999875e-01
2.627470000000000083e-01
2.618559999999999777e-01
2.609690000000000065e-01
2.600850000000000106e-01
2.592050000000000187e-01
2.583280000000000021e-01
2.574540000000000162e-01
2.565850000000000075e-01
2.557180000000000009e-01
2.548549999999999982e-01
2.539959999999999996e-01
2.531399999999999761e-01
2.522869999999999835e-01
2.514370000000000216e-01
2.505910000000000082e-01
2.497479999999999978e-01
2.489079999999999904e-01
2.480719999999999870e-01
2.472389999999999866e-01
2.464089999999999892e-01
2.455819999999999947e-01
2.447580000000000033e-01
2.439369999999999872e-01
2.431200000000000028e-01
2.423049999999999926e-01
2.414939999999999864e-01
2.406850000000000100e-01
2.398800000000000099e-01
2.390770000000000117e-01
2.382779999999999898e-01
2.374809999999999977e-01
2.366870000000000085e-01
2.358969999999999956e-01
2.351090000000000124e-01
2.343240000000000045e-01
2.335409999999999986e-01
2.327619999999999967e-01
2.319849999999999968e-01
2.312120000000000009e-01
2.304400000000000059e-01
2.296719999999999873e-01
2.289059999999999984e-01
2.281430000000000125e-01
2.273830000000000018e-01
2.266259999999999941e-01
2.258709999999999885e-01
2.251180000000000125e-01
2.243680000000000119e-01
2.236209999999999865e-01
2.228769999999999918e-01
2.221339999999999981e-01
2.213950000000000085e-01
2.206579999999999930e-01
2.199230000000000074e-01
2.191909999999999969e-01
2.184619999999999895e-01
2.177340000000000109e-01
2.170100000000000084e-01
2.162870000000000070e-01
2.155680000000000096e-01
2.148500000000000132e-01
2.141349999999999920e-01
2.134220000000000006e-01
2.127110000000000112e-01
2.120029999999999970e-01
2.112970000000000126e-01
2.105940000000000034e-01
2.098919999999999952e-01
2.091929999999999901e-01
2.084959999999999869e-01
2.078019999999999867e-01
2.071089999999999876e-01
2.064189999999999914e-01
2.057309999999999972e-01
2.050450000000000050e-01
2.043609999999999871e-01
2.036799999999999999e-01
2.030000000000000138e-01
2.023230000000000028e-01
2.016479999999999939e-01
2.009749999999999870e-01
2.003030000000000088e-01
1.996340000000000059e-01
1.989670000000000050e-01
1.983020000000000060e-01
1.976390000000000091e-01
1.969779999999999864e-01
1.963189999999999935e-01
1.956620000000000026e-01
1.950070000000000137e-01
1.943539999999999990e-01
1.937029999999999863e-01
1.930540000000000034e-01
1.924059999999999937e-01
1.917609999999999870e-01
1.911170000000000091e-01
1.904760000000000064e-01
1.898360000000000047e-01
1.891980000000000051e-01
1.885620000000000074e-01
1.879280000000000117e-01
1.872949999999999893e-01
1.866639999999999966e-01
1.860360000000000069e-01
1.854089999999999905e-01
1.847830000000000028e-01
1.841599999999999904e-01
1.835380000000000067e-01
1.829179999999999973e-01
1.822999999999999898e-01
1.816830000000000112e-01
1.810680000000000067e-01
1.804550000000000043e-01
1.798430000000000029e-01
1.792340000000000044e-01
1.786250000000000060e-01
1.780190000000000106e-01
1.774139999999999884e-01
1.768109999999999959e-01
1.762090000000000045e-01
1.756089999999999873e-01
1.750109999999999999e-01
1.744140000000000135e-01
1.738190000000000013e-01
1.732259999999999911e-01
1.726340000000000097e-01
1.720430000000000015e-01
1.714539999999999953e-01
1.708669999999999911e-01
1.702809999999999879e-01
1.696969999999999867e-01
1.691139999999999866e-01
1.685329999999999884e-01
1.679529999999999912e-01
1.673749999999999960e-01
1.667980000000000018e-01
1.662220000000000086e-01
1.656489999999999907e-01
1.650760000000000005e-01
1.645050000000000123e-01
1.639359999999999984e-01
1.633680000000000132e-01
1.628010000000000013e-01
1.622359999999999913e-01
1.616720000000000101e-01
1.611090000000000022e-01
1.605479999999999963e-01
1.599889999999999923e-01
1.594299999999999884e-01
1.588729999999999865e-01
1.583179999999999865e-01
1.577639999999999876e-01
1.572109999999999896e-01
1.566589999999999927e-01
1.561089999999999978e-01
1.555600000000000038e-01
1.550130000000000119e-01
1.544659999999999922e-01
1.539210000000000023e-01
1.533779999999999866e-01
1.528349999999999986e-01
1.522940000000000127e-01
1.517550000000000010e-01
1.512159999999999893e-01
1.506790000000000074e-01
1.501429999999999987e-01
1.496079999999999910e-01
1.490750000000000131e-01
1.485420000000000074e-01
1.480110000000000037e-01
1.474810000000000010e-01
1.469530000000000003e-01
1.464249999999999996e-01
1.458990000000000009e-01
1.453740000000000032e-01
1.448500000000000065e-01
1.443280000000000118e-01
1.438059999999999894e-01
1.432859999999999967e-01
1.427670000000000050e-01
1.422489999999999866e-01
1.417319999999999969e-01
1.412170000000000092e-01
1.407019999999999937e-01
1.401890000000000081e-01
1.396759999999999946e-01
1.391650000000000109e-01
1.386550000000000005e-01
1.381469999999999920e-01
1.376390000000000113e-01
1.371320000000000039e-01
1.366269999999999984e-01
1.361219999999999930e-01
1.356189999999999896e-01
1.351169999999999871e-01
1.346160000000000134e-01
1.341160000000000130e-01
1.336170000000000135e-01
1.331189999999999873e-01
1.326219999999999899e-01
1.321259999999999935e-01
1.316309999999999980e-01
1.311380000000000046e-01
1.306450000000000111e-01
1.301529999999999909e-01
1.296630000000000005e-01
1.291730000000000100e-01
1.286849999999999938e-01
1.281970000000000054e-01
1.277109999999999912e-01
1.272250000000000048e-01
1.267409999999999926e-01
1.262580000000000091e-01
1.257749999999999979e-01
1.252939999999999887e-01
1.248129999999999934e-01
1.243340000000000001e-01
1.238550000000000068e-01
1.233780000000000016e-01
1.229009999999999964e-01
1.224259999999999932e-01
1.219510000000000038e-01
1.214780000000000026e-01
1.210050000000000014e-01
1.205330000000000013e-01
1.200630000000000031e-01
1.195930000000000049e-01
1.191239999999999938e-01
1.186559999999999976e-01
1.181890000000000024e-01
1.177229999999999943e-01
1.172580000000000011e-01
1.167939999999999950e-01
1.163310000000000038e-01
1.158689999999999998e-01
1.154069999999999957e-01
1.149469999999999936e-01
1.144870000000000054e-01
1.140290000000000054e-01
1.135710000000000053e-01
1.131140000000000062e-01
1.126589999999999953e-01
1.122039999999999982e-01
1.117500000000000021e-01
1.112960000000000060e-01
1.108439999999999981e-01
1.103930000000000050e-01
1.099419999999999981e-01
1.094929999999999931e-01
1.090440000000000020e-01
1.085959999999999981e-01
1.081489999999999951e-01
1.077029999999999932e-01
1.072580000000000061e-01
1.068130000000000052e-01
1.063700000000000062e-01
1.059269999999999934e-01
1.054859999999999964e-01
1.050449999999999995e-01
1.046050000000000035e-01
1.041659999999999947e-01
1.037269999999999998e-01
1.032900000000000068e-01
1.028530000000000000e-01
1.024169999999999942e-01
1.019820000000000032e-01
1.015479999999999994e-01
1.011149999999999965e-01
1.006829999999999947e-01
1.002510000000000068e-01
9.982000000000000595e-02
9.939000000000000612e-02
9.896099999999999342e-02
9.853299999999999559e-02
9.810499999999999776e-02
9.767900000000000194e-02
9.725300000000000611e-02
9.682799999999999740e-02
9.640400000000000358e-02
9.598099999999999687e-02
9.555800000000000405e-02
9.513599999999999834e-02
9.471499999999999364e-02
9.429500000000000381e-02
9.387600000000000111e-02
9.345799999999999941e-02
9.303999999999999770e-02
9.262299999999999700e-02
9.220699999999999730e-02
9.179199999999999859e-02
9.137699999999999989e-02
9.096400000000000319e-02
9.055100000000000648e-02
9.013899999999999690e-02
8.972800000000000220e-02
8.931699999999999362e-02
8.890699999999999992e-02
8.849799999999999334e-02
8.809000000000000163e-02
8.768299999999999705e-02
8.727600000000000635e-02
8.687100000000000377e-02
8.646600000000000119e-02
8.606199999999999961e-02
8.565799999999999803e-02
8.525599999999999845e-02
8.485399999999999887e-02
8.445300000000000029e-02
8.405200000000000171e-02
8.365300000000000513e-02
8.325399999999999467e-02
8.285599999999999909e-02
8.245900000000000452e-02
8.206199999999999606e-02
8.166700000000000348e-02
8.127199999999999702e-02
8.087800000000000544e-02
8.048399999999999999e-02
8.009199999999999653e-02
7.969999999999999307e-02
7.930900000000000449e-02
7.891900000000000304e-02
7.852900000000000158e-02
7.814000000000000112e-02
7.775200000000000167e-02
7.736500000000000321e-02
7.697900000000000575e-02
7.659299999999999442e-02
7.620799999999999796e-02
7.582400000000000251e-02
7.543999999999999317e-02
7.505699999999999872e-02
7.467500000000000526e-02
7.429399999999999893e-02
7.391399999999999360e-02
7.353400000000000214e-02
7.315499999999999781e-02
7.277699999999999447e-02
7.240000000000000602e-02
7.202300000000000368e-02
7.164700000000000235e-02
7.127200000000000202e-02
7.089700000000000168e-02
7.052400000000000335e-02
7.015100000000000502e-02
6.977800000000000669e-02
6.940699999999999648e-02
6.903600000000000014e-02
6.866600000000000481e-02
6.829699999999999660e-02
6.792900000000000327e-02
6.756099999999999606e-02
6.719400000000000373e-02
6.682699999999999751e-02
6.646199999999999330e-02
6.609700000000000297e-02
6.573299999999999976e-02
6.536999999999999755e-02
6.500699999999999534e-02
6.464499999999999413e-02
6.428399999999999392e-02
6.392399999999999471e-02
6.356399999999999550e-02
6.320599999999999830e-02
6.284700000000000009e-02
6.248999999999999694e-02
6.213300000000000073e-02
6.177699999999999858e-02
6.142199999999999743e-02
6.106799999999999728e-02
6.071399999999999714e-02
6.036099999999999799e-02
6.000899999999999984e-02
5.965700000000000169e-02
5.930599999999999761e-02
5.895600000000000146e-02
5.860699999999999937e-02
5.825899999999999829e-02
5.791099999999999720e-02
5.756399999999999711e-02
5.721699999999999703e-02
5.687099999999999794e-02
5.652700000000000086e-02
5.618200000000000277e-02
5.583899999999999975e-02
5.549599999999999672e-02
5.515400000000000164e-02
5.481300000000000061e-02
5.447199999999999959e-02
5.413199999999999956e-02
5.379300000000000054e-02
5.345500000000000251e-02
5.311699999999999755e-02
5.278100000000000153e-02
5.244399999999999756e-02
5.210900000000000254e-02
5.177400000000000058e-02
5.143999999999999961e-02
5.110699999999999965e-02
5.077399999999999969e-02
5.044300000000000173e-02
5.011199999999999682e-02
4.978099999999999886e-02
4.945200000000000290e-02
4.912300000000000000e-02
4.879499999999999810e-02
4.846700000000000313e-02
4.814100000000000323e-02
4.781500000000000333e-02
4.748900000000000343e-02
4.716499999999999859e-02
4.684100000000000069e-02
4.651799999999999685e-02
4.619600000000000095e-02
4.587399999999999811e-02
4.555300000000000321e-02
4.523300000000000237e-02
4.491400000000000253e-02
4.459500000000000269e-02
4.427699999999999692e-02
4.395999999999999908e-02
4.364300000000000124e-02
4.332799999999999846e-02
4.301300000000000262e-02
4.269799999999999984e-02
4.238499999999999907e-02
4.207199999999999829e-02
4.175999999999999851e-02
4.144899999999999973e-02
4.113800000000000096e-02
4.082800000000000318e-02
4.051899999999999946e-02
4.021099999999999675e-02
3.990300000000000097e-02
3.959599999999999925e-02
3.928999999999999854e-02
3.898399999999999782e-02
3.867999999999999911e-02
3.837600000000000039e-02
3.807200000000000167e-02
3.776999999999999802e-02
3.746800000000000130e-02
3.716699999999999865e-02
3.686699999999999700e-02
3.656700000000000228e-02
3.626800000000000163e-02
3.597000000000000197e-02
3.567300000000000332e-02
3.537599999999999772e-02
3.508000000000000007e-02
3.478500000000000342e-02
3.449100000000000082e-02
3.419699999999999823e-02
3.390399999999999664e-02
3.361200000000000299e-02
3.332100000000000339e-02
3.302999999999999686e-02
3.273999999999999827e-02
3.245100000000000068e-02
3.216299999999999715e-02
3.187500000000000056e-02
3.158799999999999802e-02
3.130200000000000343e-02
3.101599999999999843e-02
3.073199999999999890e-02
3.044799999999999937e-02
3.016500000000000084e-02
2.988199999999999884e-02
2.960099999999999884e-02
2.931999999999999884e-02
2.903999999999999984e-02
2.876000000000000084e-02
2.848200000000000037e-02
2.820399999999999990e-02
2.792700000000000043e-02
2.765099999999999850e-02
2.737500000000000003e-02
2.710100000000000009e-02
2.682700000000000015e-02
2.655300000000000021e-02
2.628099999999999881e-02
2.600900000000000087e-02
2.573800000000000046e-02
2.546800000000000105e-02
2.519899999999999918e-02
2.493000000000000077e-02
2.466300000000000089e-02
2.439600000000000102e-02
2.412900000000000114e-02
2.386399999999999980e-02
2.359899999999999845e-02
2.333599999999999910e-02
2.307299999999999976e-02
2.281000000000000041e-02
