5.e-6
5.25252525252525e-6
5.50505050505051e-6
5.75757575757576e-6
6.01010101010101e-6
6.26262626262626e-6
6.51515151515152e-6
6.76767676767677e-6
7.02020202020202e-6
7.27272727272727e-6
7.52525252525253e-6
7.77777777777778e-6
8.03030303030303e-6
8.28282828282828e-6
8.53535353535353e-6
8.78787878787879e-6
9.04040404040404e-6
9.29292929292929e-6
9.54545454545455e-6
9.7979797979798e-6
0.0000100505050505051
0.0000103030303030303
0.0000105555555555556
0.0000108080808080808
0.0000110606060606061
0.0000113131313131313
0.0000115656565656566
0.0000118181818181818
0.0000120707070707071
0.0000123232323232323
0.0000125757575757576
0.0000128282828282828
0.0000130808080808081
0.0000133333333333333
0.0000135858585858586
0.0000138383838383838
0.0000140909090909091
0.0000143434343434343
0.0000145959595959596
0.0000148484848484848
0.0000151010101010101
0.0000153535353535354
0.0000156060606060606
0.0000158585858585859
0.0000161111111111111
0.0000163636363636364
0.0000166161616161616
0.0000168686868686869
0.0000171212121212121
0.0000173737373737374
0.0000176262626262626
0.0000178787878787879
0.0000181313131313131
0.0000183838383838384
0.0000186363636363636
0.0000188888888888889
0.0000191414141414141
0.0000193939393939394
0.0000196464646464646
0.0000198989898989899
0.0000201515151515152
0.0000204040404040404
0.0000206565656565657
0.0000209090909090909
0.0000211616161616162
0.0000214141414141414
0.0000216666666666667
0.0000219191919191919
0.0000221717171717172
0.0000224242424242424
0.0000226767676767677
0.0000229292929292929
0.0000231818181818182
0.0000234343434343434
0.0000236868686868687
0.0000239393939393939
0.0000241919191919192
0.0000244444444444444
0.0000246969696969697
0.0000249494949494949
0.0000252020202020202
0.0000254545454545455
0.0000257070707070707
0.000025959595959596
0.0000262121212121212
0.0000264646464646465
0.0000267171717171717
0.000026969696969697
0.0000272222222222222
0.0000274747474747475
0.0000277272727272727
0.000027979797979798
0.0000282323232323232
0.0000284848484848485
0.0000287373737373737
0.000028989898989899
0.0000292424242424242
0.0000294949494949495
0.0000297474747474747
0.00003