-0.00003
-0.000029393939393939394
-0.000028787878787878788
-0.00002818181818181818
-0.000027575757575757575
-0.000026969696969696968
-0.000026363636363636365
-0.00002575757575757576
-0.000025151515151515152
-0.000024545454545454545
-0.00002393939393939394
-0.000023333333333333332
-0.000022727272727272726
-0.000022121212121212123
-0.000021515151515151516
-0.00002090909090909091
-0.000020303030303030303
-0.000019696969696969697
-0.00001909090909090909
-0.000018484848484848484
-0.000017878787878787877
-0.000017272727272727274
-0.000016666666666666667
-0.00001606060606060606
-0.000015454545454545454
-0.000014848484848484848
-0.000014242424242424243
-0.000013636363636363637
-0.00001303030303030303
-0.000012424242424242424
-0.000011818181818181819
-0.000011212121212121212
-0.000010606060606060606
-0.00001
-9.393939393939394e-6
-8.787878787878788e-6
-8.181818181818181e-6
-7.575757575757576e-6
-6.96969696969697e-6
-6.363636363636363e-6
-5.757575757575758e-6
-5.151515151515151e-6
-4.5454545454545455e-6
-3.939393939393939e-6
-3.3333333333333333e-6
-2.7272727272727272e-6
-2.121212121212121e-6
-1.5151515151515152e-6
-9.09090909090909e-7
-3.0303030303030305e-7
3.0303030303030305e-7
9.09090909090909e-7
1.5151515151515152e-6
2.121212121212121e-6
2.7272727272727272e-6
3.3333333333333333e-6
3.939393939393939e-6
4.5454545454545455e-6
5.151515151515151e-6
5.757575757575758e-6
6.363636363636363e-6
6.96969696969697e-6
7.575757575757576e-6
8.181818181818181e-6
8.787878787878788e-6
9.393939393939394e-6
0.00001
0.000010606060606060606
0.000011212121212121212
0.000011818181818181819
0.000012424242424242424
0.00001303030303030303
0.000013636363636363637
0.000014242424242424243
0.000014848484848484848
0.000015454545454545454
0.00001606060606060606
0.000016666666666666667
0.000017272727272727274
0.000017878787878787877
0.000018484848484848484
0.00001909090909090909
0.000019696969696969697
0.000020303030303030303
0.00002090909090909091
0.000021515151515151516
0.000022121212121212123
0.000022727272727272726
0.000023333333333333332
0.00002393939393939394
0.000024545454545454545
0.000025151515151515152
0.00002575757575757576
0.000026363636363636365
0.000026969696969696968
0.000027575757575757575
0.00002818181818181818
0.000028787878787878788
0.000029393939393939394
0.00003