5.808306195110587844e-33 7.881295270666810205e-32 1.019412760583726513e-30 1.256933656083167564e-29 1.477373220837362109e-28 1.655349683535837561e-27 1.768142941266611787e-26 1.800445169299982029e-25 1.747771111807843748e-24 1.617480320761045721e-23 1.427090078817613768e-22 1.200412086356563495e-21 9.626870790913799788e-21 7.360809307102393926e-20 5.366141553747536951e-19 3.729975968415124426e-18 2.472118592024521160e-17 1.562301311253118836e-16 9.414696870010992673e-16 5.410143580164439767e-15 2.964750478572765692e-14 1.549393301138952338e-13 7.722324085201029902e-13 3.670856379166006600e-12 1.664338607665051692e-11 7.197716117281579093e-11 2.969288509539951788e-10 1.168538519985851492e-09 4.387302370932119173e-09 1.571628605004926615e-08 5.372017128409060098e-08 1.752270019884616034e-07 5.454892732979283340e-07 1.620851335622470521e-06 4.597563475865842580e-06 1.245093647052070507e-05 3.219848702010386408e-05 7.952540430349012307e-05 1.876293402635655354e-04 4.229789163139036209e-04 9.113211205522358214e-04 1.877092446135875548e-03 3.697479883119552356e-03 6.967821167262745231e-03 1.256748917677526049e-02 2.170592046713187839e-02 3.592008655238109610e-02 5.699237295538768511e-02 8.676674650033122660e-02 1.268639829403032937e-01 1.783307876998027619e-01 2.412931521284120973e-01 3.147066622472755593e-01 3.962920066039449796e-01 4.827070904985975019e-01 5.699455981458447784e-01 6.538854445315402941e-01 7.308639309437023890e-01 7.981479282737609093e-01 8.542004773656151073e-01 8.987066288784555379e-01 9.323876860715984982e-01 9.566813082919898292e-01 9.733821972022902447e-01 9.843249731001295633e-01 9.911586723012149047e-01 9.952261432493696436e-01 9.975335975186769844e-01 9.987812153216781841e-01 9.994241540690665948e-01 9.997399430358503425e-01 9.998877732969457810e-01 9.999537314491633300e-01 9.999817801048628274e-01 9.999931483578359259e-01 9.999975398607012789e-01 9.999991567117624269e-01 9.999997240785263308e-01 9.999999138340412985e-01 9.999999743209178060e-01 9.999999926974570963e-01 9.999999980185603210e-01 9.999999994870624187e-01 9.999999998733244411e-01 9.999999999701574271e-01 9.999999999932939199e-01 9.999999999985627053e-01 9.999999999997062350e-01 9.999999999999427125e-01 9.999999999999893419e-01 9.999999999999981126e-01 9.999999999999996669e-01 1.000000000000000000e+00 1.000000000000000000e+00 1.000000000000000000e+00 1.000000000000000000e+00 1.000000000000000000e+00 1.000000000000000000e+00 1.000000000000000000e+00 1.000000000000000000e+00
3.207939617247833311e-32 4.014677574068648378e-31 4.798250411164537172e-30 5.476816781058736003e-29 5.970245526570991028e-28 6.215567296277615815e-27 6.180167141326366770e-26 5.868906157582929102e-25 5.323026534248439052e-24 4.611179911404681069e-23 3.815270918948825759e-22 3.015136529440658131e-21 2.275966222735987731e-20 1.641010661768403489e-19 1.130196399295779390e-18 7.435398019529683776e-18 4.672764820699652738e-17 2.805275160592340057e-16 1.608874592617756434e-15 8.815124286533766844e-15 4.614340403927622210e-14 2.307716125823209873e-13 1.102718471912221913e-12 5.034725873262007439e-12 2.196529034510832508e-11 9.157371378219145264e-11 3.648398660844814203e-10 1.389179547279309924e-09 5.055552821279083578e-09 1.758593425386172495e-08 5.847688697375867627e-08 1.858934465530850511e-07 5.649993931570892600e-07 1.642039199132940456e-06 4.563766597853960929e-06 1.213182971432810122e-05 3.085016535874184052e-05 7.505680003538328627e-05 1.747454489229081464e-04 3.894010744814700308e-04 8.307452635312007972e-04 1.697210960282888141e-03 3.321504032422849424e-03 6.228983705339979568e-03 1.119843528646678223e-02 1.930879114097436636e-02 3.194774707948798420e-02 5.075487551937100245e-02 7.747718094526034882e-02 1.137319901751242535e-01 1.606995180594077421e-01 2.187987310181773448e-01 2.874238867142883680e-01 3.648231883920927121e-01 4.481781376169644004e-01 5.338950297563709313e-01 6.180620839825092805e-01 6.969768945390205639e-01 7.676274475198757719e-01 8.280241501758152101e-01 8.773246648123635971e-01 9.157511059067309223e-01 9.443500021624504637e-01 9.646739781413453674e-01 9.784653746104624572e-01 9.874014710281919793e-01 9.929302257877550275e-01 9.961964539136149988e-01 9.980389442741171013e-01 9.990313819788014804e-01 9.995418169149454801e-01 9.997924950185983484e-01 9.999100472931241601e-01 9.999626834337875803e-01 9.999851882324428676e-01 9.999943758736340449e-01 9.999979574186892428e-01 9.999992905532679721e-01 9.999997643743928633e-01 9.999999251763589392e-01 9.999999772843635171e-01 9.999999934076406749e-01 9.999999981712660579e-01 9.999999995151349630e-01 9.999999998771367249e-01 9.999999999702473552e-01 9.999999999931149519e-01 9.999999999984775512e-01 9.999999999996782574e-01 9.999999999999350520e-01 9.999999999999874545e-01 9.999999999999976685e-01 9.999999999999995559e-01 1.000000000000000000e+00 1.000000000000000000e+00 1.000000000000000000e+00 1.000000000000000000e+00 1.000000000000000000e+00 1.000000000000000000e+00 1.000000000000000000e+00
5.381768401007035869e-31 5.921699162699293378e-30 6.240520711722909229e-29 6.298738602491277320e-28 6.089056506807056776e-27 5.637879361689483124e-26 4.999849397375719995e-25 4.246975905171272629e-24 3.455342745496073579e-23 2.692762575740676762e-22 2.010055979946396747e-21 1.437240463573461787e-20 9.843973855302698066e-20 6.458628267641709664e-19 4.059276482188088866e-18 2.444025962018464583e-17 1.409687582384063260e-16 7.789536527174572978e-16 4.123677526888586292e-15 2.091489444088120982e-14 1.016340285324499720e-13 4.732065789004602196e-13 2.111093587057262175e-12 9.024591095398655017e-12 3.696840020022093799e-11 1.451236688795254384e-10 5.459759726626226836e-10 1.968619384089445188e-09 6.803469686290156106e-09 2.253770469878006068e-08 7.157022016511396110e-08 2.178886262282860926e-07 6.359983724701822199e-07 1.780083788623242997e-06 4.777891091799353043e-06 1.229977019000090297e-05 3.037261883498915902e-05 7.195455884779194532e-05 1.635683786737553061e-04 3.568522282143922670e-04 7.473411217285739431e-04 1.502782119817356373e-03 2.902277115498319657e-03 5.384960067855867893e-03 9.602415029121071435e-03 1.646296730487968249e-02 2.714975736100158632e-02 4.309074344180231081e-02 6.586073711977563638e-02 9.700589703432684063e-02 1.378000800760844635e-01 1.889666159855345473e-01 2.504211538713352336e-01 3.211020619882054561e-01 3.989470304680835522e-01 4.810462947282718726e-01 5.639603755763937798e-01 6.441462051511559483e-01 7.184048916402905327e-01 7.842581361585994060e-01 8.401807333524324850e-01 8.856562542461862142e-01 9.210680673757472015e-01 9.474738292909345994e-01 9.663289455224042257e-01 9.792215184494588165e-01 9.876632150559689904e-01 9.929561861048128435e-01 9.961341488147341661e-01 9.979613123780506356e-01 9.989672828783131564e-01 9.994976444905097068e-01 9.997653995906623514e-01 9.998948436306429599e-01 9.999547681826059797e-01 9.999813329332376544e-01 9.999926097019397053e-01 9.999971936674653117e-01 9.999989779988012195e-01 9.999996430987128093e-01 9.999998804957168641e-01 9.999999616366973543e-01 9.999999881938586022e-01 9.999999965172272631e-01 9.999999990152270701e-01 9.999999997331223689e-01 9.999999999306850018e-01 9.999999999827473562e-01 9.999999999958848473e-01 9.999999999990594191e-01 9.999999999997939426e-01 9.999999999999567013e-01 9.999999999999913403e-01 9.999999999999983347e-01 9.999999999999996669e-01 1.000000000000000000e+00 1.000000000000000000e+00 1.000000000000000000e+00 1.000000000000000000e+00 1.000000000000000000e+00
4.118817025132859996e-29 3.763328043235418301e-28 3.306291009269329506e-27 2.793086364416960365e-26 2.268856713725546619e-25 1.772207609245844589e-24 1.331106033476410455e-23 9.614069576152683554e-23 6.677360052448269310e-22 4.459765220483461522e-21 2.864415460140436509e-20 1.769230460669628169e-19 1.050909299054729947e-18 6.003258397032085015e-18 3.298062704300576519e-17 1.742571220497893367e-16 8.855075259383410913e-16 4.327878923678063012e-15 2.034468060317211519e-14 9.198821995185511182e-14 4.000669460234635383e-13 1.673658309453295889e-12 6.735196180018853775e-12 2.607353349966182315e-11 9.710328381168518791e-11 3.479140732779007450e-10 1.199320966069314998e-09 3.977839965220629062e-09 1.269500120140565042e-08 3.898693419933337763e-08 1.152221982101091311e-07 3.277302901461320599e-07 8.972141466743676400e-07 2.364362225400803975e-06 5.998097328929459263e-06 1.465015793155725187e-05 3.445507357678702544e-05 7.803773749567150496e-05 1.702400994197184666e-04 3.577645835987818749e-04 7.244230554166629843e-04 1.413635998133641603e-03 2.659105844483754776e-03 4.822826702016381334e-03 8.436572396262864357e-03 1.423890201647857491e-02 2.319534908967155890e-02 3.648635295373341136e-02 5.544767196679533522e-02 8.145334660736680554e-02 1.157424866573088101e-01 1.592069190460934092e-01 2.121733164379284997e-01 2.742253335902129496e-01 3.441129865161847157e-01 4.197847955137291587e-01 4.985540805761137784e-01 5.773799603842384442e-01 6.532149943725710228e-01 7.233540754853222676e-01 7.857188516395060551e-01 8.390287368494663278e-01 8.828379220072883893e-01 9.174487196674079303e-01 9.437360809406785123e-01 9.629303363967989249e-01 9.764039586999091469e-01 9.854965194345997048e-01 9.913954965175498790e-01 9.950747166129951804e-01 9.972808069178125123e-01 9.985524907481677648e-01 9.992572215245694167e-01 9.996326743909429435e-01 9.998249727470198689e-01 9.999196582598275373e-01 9.999644790144612827e-01 9.999848758266929316e-01 9.999937992761639416e-01 9.999975523784614406e-01 9.999990699005293360e-01 9.999996597842608637e-01 9.999998802212224369e-01 9.999999594145885240e-01 9.999999867659765673e-01 9.999999958474412587e-01 9.999999987462406814e-01 9.999999996357815668e-01 9.999999998982027627e-01 9.999999999726274513e-01 9.999999999929192196e-01 9.999999999982379650e-01 9.999999999995782263e-01 9.999999999999028555e-01 9.999999999999784617e-01 9.999999999999953371e-01 9.999999999999991118e-01 9.999999999999997780e-01 1.000000000000000000e+00 1.000000000000000000e+00
2.979484678445039883e-26 2.108914898489994311e-25 1.442535473312402075e-24 9.535602328195847632e-24 6.091564119093632669e-23 3.760743426601431845e-22 2.243820964016116219e-21 1.293832397250252929e-20 7.210231331460198279e-20 3.883364083536873846e-19 2.021443004351216244e-18 1.016989612210279572e-17 4.945164386367315645e-17 2.324139474009217259e-16 1.055770247287875057e-15 4.635659321703951584e-15 1.967424780140534797e-14 8.071227814843490554e-14 3.200714397312819281e-13 1.226964092204257722e-12 4.546811849847066449e-12 1.628867673467794910e-11 5.641346744774344370e-11 1.888919775265378160e-10 6.114975333299538669e-10 1.914011042761624957e-09 5.792715498934313896e-09 1.695231754859209195e-08 4.797422063493559348e-08 1.312935979013150585e-07 3.475064868318097843e-07 8.896013119781004063e-07 2.202790168334651938e-06 5.276320367665806511e-06 1.222666386807191901e-05 2.741232331455024338e-05 5.946909301797439530e-05 1.248520681183828995e-04 2.536973502806520796e-04 4.990164613853072598e-04 9.503040142141860490e-04 1.752415115956864559e-03 3.129862383578383214e-03 5.415328555088231959e-03 9.079147868363127150e-03 1.475397715515261790e-02 2.324639047212925802e-02 3.552556212840560224e-02 5.267961322574415961e-02 7.583350815851022664e-02 1.060289362652090256e-01 1.440757364874080126e-01 1.903942840316703022e-01 2.448761035897789595e-01 3.067928569179018128e-01 3.747796674381158599e-01 4.469072029369616783e-01 5.208400552312735243e-01 5.940607382584761620e-01 6.641239489060892787e-01 7.288987715263538503e-01 7.867592947181694107e-01 8.366958280995566710e-01 8.783361724087926925e-01 9.118844397118559542e-01 9.379991797273979914e-01 9.576400673390430551e-01 9.719124428796048765e-01 9.819329827749857520e-01 9.887304266336351954e-01 9.931855499661916831e-01 9.960067466537875225e-01 9.977328486890982839e-01 9.987532216880512514e-01 9.993360099129584562e-01 9.996576141895088252e-01 9.998290857153082634e-01 9.999174183672976390e-01 9.999613836116298948e-01 9.999825261232384577e-01 9.999923495367339932e-01 9.999967594182859187e-01 9.999986721319615857e-01 9.999994736834464382e-01 9.999997982256516593e-01 9.999999251862956573e-01 9.999999731734607877e-01 9.999999906976921871e-01 9.999999968808543915e-01 9.999999989887056184e-01 9.999999996829728177e-01 9.999999999039110854e-01 9.999999999718427457e-01 9.999999999920230476e-01 9.999999999978153031e-01 9.999999999994215738e-01 9.999999999998518962e-01 9.999999999999633626e-01 9.999999999999912292e-01 9.999999999999980016e-01
1.837748264257223771e-22 9.243097647638754736e-22 4.523000255632985902e-21 2.153364034183227377e-20 9.974577356102450662e-20 4.495338662220363881e-19 1.971179145506395261e-18 8.409897559257717316e-18 3.491095139154100859e-17 1.410083296361860059e-16 5.541738281667207737e-16 2.119199349118072757e-15 7.885494501243192966e-15 2.855121111363050211e-14 1.005926394501829527e-13 3.448752144141763166e-13 1.150589523867046678e-12 3.735515792199531141e-12 1.180217704191126940e-11 3.628819339932390489e-11 1.085853446108273848e-10 3.162215312849129589e-10 8.962693374324173209e-10 2.472440910559475514e-09 6.638469267265615503e-09 1.734922343815579731e-08 4.413455634177073528e-08 1.092903858449026609e-07 2.634564572653357345e-07 6.182728637493764007e-07 1.412597444028477329e-06 3.142301449515276435e-06 6.806045430131020307e-06 1.435449986422205635e-05 2.948211978206824983e-05 5.897131151201536950e-05 1.148871551830751028e-04 2.180175524802787127e-04 4.030374096764816191e-04 7.259090333793149965e-04 1.273960496818166014e-03 2.178844214015687644e-03 3.632107194380701076e-03 5.902367676430875232e-03 9.352114662034699544e-03 1.445104296664816851e-02 2.178183170834313565e-02 3.203369173317923563e-02 4.597921523947579719e-02 6.443137433200611663e-02 8.818007175976816381e-02 1.179112864754932183e-01 1.541160557909308781e-01 1.970004424812705768e-01 2.464102227674144496e-01 3.017843575423415081e-01 3.621488153749705674e-01 4.261570695786510155e-01 4.921763811625387008e-01 5.584111972046836847e-01 6.230483192849801677e-01 6.844044580269624811e-01 7.410563421599053457e-01 7.919368008262273051e-01 8.363864145018837792e-01 8.741580045218275696e-01 9.053787187610826681e-01 9.304802767244260142e-01 9.501111120456899872e-01 9.650444578758534675e-01 9.760942901258370386e-01 9.840473535059972576e-01 9.896152784603206021e-01 9.934069651728272277e-01 9.959185718830247946e-01 9.975368415952166057e-01 9.985510570562549093e-01 9.991693432686503673e-01 9.995359740073995747e-01 9.997474436947160203e-01 9.998660881012035873e-01 9.999308360874028523e-01 9.999652065256476874e-01 9.999829534718762680e-01 9.999918668413143585e-01 9.999962213568095448e-01 9.999982906278463979e-01 9.999992471047087772e-01 9.999996771468863122e-01 9.999998652201544935e-01 9.999999452261373323e-01 9.999999783314101887e-01 9.999999916559163537e-01 9.999999968724770927e-01 9.999999988590133615e-01 9.999999995948609666e-01 9.999999998599904405e-01 9.999999999529100014e-01 9.999999999845863297e-01 9.999999999950901497e-01
1.809945000678141029e-20 7.421606423076691908e-20 2.973681354011504990e-19 1.164283266176888752e-18 4.454454472260419953e-18 1.665352434010217123e-17 6.084121448765272379e-17 2.172072026033026363e-16 7.577744780191229030e-16 2.583450548413587804e-15 8.607163387116366491e-15 2.802368413092874909e-14 8.916647029197505831e-14 2.772651508172669319e-13 8.425834333719926100e-13 2.502426835732223006e-12 7.263535037480560377e-12 2.060537970993596651e-11 5.713041521118985505e-11 1.548164303303888700e-10 4.100519801727054643e-10 1.061555847363662812e-09 2.686206302263122347e-09 6.644153709743965100e-09 1.606407522488914161e-08 3.796647844934683348e-08 8.771767303420543706e-08 1.981210987716703506e-07 4.374686089382057659e-07 9.443923614411864706e-07 1.993267432854815125e-06 4.113445385587821455e-06 8.300304270313277249e-06 1.637770859137457433e-05 3.160150053352583878e-05 5.963268211339588519e-05 1.100555500674082511e-04 1.986652536886990858e-04 3.507909749504573558e-04 6.059386806075946815e-04 1.024008058911825801e-03 1.693233967910231499e-03 2.739795702960206702e-03 4.338708194564344818e-03 6.725157958526579126e-03 1.020490499479015899e-02 1.516181282435210241e-02 2.206010877750497548e-02 3.143876519835935024e-02 4.389558746515977855e-02 6.005932393993534263e-02 8.054942583206635420e-02 1.059249106836429033e-01 1.366259066323234628e-01 1.729135255886915523e-01 2.148152968146911090e-01 2.620840554988300708e-01 3.141776021874593816e-01 3.702645197879042005e-01 4.292584241812745227e-01 4.898790799752901770e-01 5.507348896257848736e-01 6.104179911645650769e-01 6.676012163983917613e-01 7.211258657789472171e-01 7.700707081385278485e-01 8.137955202088056339e-01 8.519562681596328790e-01 8.844929835201403856e-01 9.115948020740913815e-01 9.336489887306440583e-01 9.511817991239219783e-01 9.647987507183627409e-01 9.751305534772798378e-01 9.827889908004660002e-01 9.883348909661561210e-01 9.922583737081854816e-01 9.949700587433460974e-01 9.968010004763739884e-01 9.980087519241750416e-01 9.987870542970107568e-01 9.992770439022918838e-01 9.995784090898865992e-01 9.997594876284713328e-01 9.998657815762546086e-01 9.999267377541740665e-01 9.999608880545767242e-01 9.999795793289207868e-01 9.999895735937194274e-01 9.999947943127406313e-01 9.999974585769310087e-01 9.999987868633256616e-01 9.999994338176190212e-01 9.999997416560809649e-01 9.999998847560486182e-01 9.999999497426058648e-01 9.999999785746098713e-01 9.999999910712538131e-01 9.999999963627588251e-01 9.999999985516903056e-01
7.509245697949973208e-19 2.690834821664175965e-18 9.445288895975033356e-18 3.247764406876115685e-17 1.093952860433831402e-16 3.609619711552547901e-16 1.166748272459558249e-15 3.694452500289666819e-15 1.146000367292158440e-14 3.482458518712195124e-14 1.036713362502493108e-13 3.023488192279759406e-13 8.638538293905060508e-13 2.418023541112228116e-12 6.630942414787323824e-12 1.781521212807504796e-11 4.689371732363775501e-11 1.209354311789760646e-10 3.055733161592485911e-10 7.564992020149651091e-10 1.835022527015974930e-09 4.361375149055698670e-09 1.015697606594788773e-08 2.317793834202593276e-08 5.182814891178714052e-08 1.135661707330253108e-07 2.438581795269470048e-07 5.131499315323445111e-07 1.058240350673470739e-06 2.138813801082507941e-06 4.236692174413051606e-06 8.225532110146365673e-06 1.565321276395478076e-05 2.919887269044943982e-05 5.339174664756334747e-05 9.570877145335434917e-05 1.681996187332755863e-04 2.898158748004968691e-04 4.896365876818771197e-04 8.111727435090144251e-04 1.317882863991920580e-03 2.099924379693025693e-03 3.281987097897922506e-03 5.031800449004012257e-03 7.568584151939415638e-03 1.117035162335328416e-02 1.617862970640528836e-02 2.299890241116757036e-02 3.209501017500338005e-02 4.397592862781861400e-02 5.917387833929186464e-02 7.821359886679933593e-02 1.015738077078580243e-01 1.296432293970960214e-01 1.626749203990966730e-01 2.007436823431683615e-01 2.437118968327522950e-01 2.912089290036564693e-01 3.426282403529652409e-01 3.971445759396780573e-01 4.537512549828624508e-01 5.113150368380846578e-01 5.686436693679843835e-01 6.245594597735821818e-01 6.779713533537621295e-01 7.279382182684912550e-01 7.737172755117514011e-01 8.147936592709411618e-01 8.508895839191995547e-01 8.819541110180809662e-01 9.081366599328551947e-01 9.297488956933454007e-01 9.472203098631222229e-01 9.610526928255797019e-01 9.717779206086138988e-01 9.799222740291773093e-01 9.859791301317371026e-01 9.903905505431356282e-01 9.935372131425862507e-01 9.957353890046530820e-01 9.972392760065663664e-01 9.982469231527227871e-01 9.989081374596950891e-01 9.993330665664661439e-01 9.996005095324347334e-01 9.997653585357637596e-01 9.998648720130607348e-01 9.999237045928548451e-01 9.999577684858756976e-01 9.999770842123767434e-01 9.999878109627973188e-01 9.999936449523492143e-01 9.999967523972798089e-01 9.999983733917660045e-01 9.999992015244326682e-01 9.999996158660486856e-01 9.999998188947483158e-01 9.999999163256063639e-01 9.999999621161514973e-01 9.999999831924950566e-01
3.135345229774943416e-18 1.071291704958343196e-17 3.588563523070696872e-17 1.178494626536974977e-16 3.794306108701094105e-16 1.197674515936898316e-15 3.706389201502247552e-15 1.124535808495732077e-14 3.345107732258130485e-14 9.755874572623137784e-14 2.789629681403164442e-13 7.820893628172633349e-13 2.149815478089427131e-12 5.794110536119878374e-12 1.531155401480952060e-11 3.967392141177179374e-11 1.007978280395004367e-10 2.511103555625193715e-10 6.134131926430445073e-10 1.469348220860866125e-09 3.451342497487523847e-09 7.949726716785083427e-09 1.795671232751893499e-08 3.977610224711279419e-08 8.640708333616029561e-08 1.840856200783390294e-07 3.846327268064665402e-07 7.882096642028127622e-07 1.584238835510076001e-06 3.123188264116673077e-06 6.039355696943573052e-06 1.145553859812904408e-05 2.131531270358604928e-05 3.890804938326470383e-05 6.967558063426183466e-05 1.224161391922213356e-04 2.110275480413542116e-04 3.569517796183200881e-04 5.924881941916130493e-04 9.651214315009202724e-04 1.542948679421217786e-03 2.421176835242358927e-03 3.729483694262968312e-03 5.639797941379585608e-03 8.373762979737638112e-03 1.220883968199850365e-02 1.748172247524176076e-02 2.458755808928116127e-02 3.397344200263445468e-02 4.612489446848189178e-02 6.154453344266395259e-02 8.072297109210076205e-02 1.041030114754952079e-01 1.320394029183428741e-01 1.647575259651854473e-01 2.023152687718222653e-01 2.445727510552729855e-01 2.911743468057794715e-01 3.415465558451553085e-01 3.949137348496983280e-01 4.503316953374769116e-01 5.067369902739882193e-01 5.630076820611368271e-01 6.180298475008050296e-01 6.707632927123934330e-01 7.203000592991417594e-01 7.659102833330466709e-01 8.070716506954025427e-01 8.434807903129827311e-01 8.750471187195786316e-01 9.018715641337916589e-01 9.242139966900039250e-01 9.424539270757874565e-01 9.570490886935243413e-01 9.684959822683250064e-01 9.772955103024254520e-01 9.839256717417743658e-01 9.888221272084759539e-01 9.923664436343453410e-01 9.948810854283873795e-01 9.966297750187237403e-01 9.978216817242863135e-01 9.986179597541113839e-01 9.991393706754496673e-01 9.994740188202921871e-01 9.996845370043758727e-01 9.998143396936440830e-01 9.998927856628936350e-01 9.999392532829629587e-01 9.999662321100488693e-01 9.999815849429212200e-01 9.999901483538869984e-01 9.999948299920122796e-01 9.999973386512229778e-01 9.999986562350369201e-01 9.999993345127862199e-01 9.999996767518726237e-01 9.999998460079781992e-01 9.999999280529102696e-01 9.999999670338076685e-01
5.643758850980118949e-18 1.867156795838229201e-17 6.060478542475495848e-17 1.929968659229686917e-16 6.029959394655518426e-16 1.848430227651964883e-15 5.559301265382556518e-15 1.640476264504121786e-14 4.749595337881891665e-14 1.349226070091593552e-13 3.760616641759128197e-13 1.028453456374916895e-12 2.759730895099291427e-12 7.266259429293080557e-12 1.877253786063183306e-11 4.758928485646405432e-11 1.183793596834896280e-10 2.889550567040660929e-10 6.921168096099683570e-10 1.626788100428525609e-09 3.752262657165318511e-09 8.493267154203818207e-09 1.886621736309408443e-08 4.112757813704668226e-08 8.798934192536365657e-08 1.847509505309718559e-07 3.807279361348550823e-07 7.700639959642459896e-07 1.528749463177167779e-06 2.978911385271211565e-06 5.697783887866553241e-06 1.069788534155624291e-05 1.971746782662303643e-05 3.567668968128239599e-05 6.337508844242927897e-05 1.105287370152580506e-04 1.892684165794892789e-04 3.182387130841857052e-04 5.254452635597010087e-04 8.519842216264622656e-04 1.356743459178547714e-03 2.122077994401483890e-03 3.260323959433141308e-03 4.920823314258799923e-03 7.296892575750479545e-03 1.063190367147308184e-02 1.522338985145593564e-02 2.142389538154454084e-02 2.963721538813922710e-02 4.030878308001505789e-02 5.390930404702685280e-02 7.091133148510921080e-02 9.175929961955474334e-02 1.168345117172727293e-01 1.464175897684701355e-01 1.806517730480341200e-01 2.195110267081118727e-01 2.627770334828641863e-01 3.100286913277365830e-01 3.606467129752510825e-01 4.138344075017461043e-01 4.686539046629197847e-01 5.240752180260306314e-01 5.790339195628297908e-01 6.324920784655221340e-01 6.834966865765745858e-01 7.312301244757499763e-01 7.750482600331245475e-01 8.145033422462933936e-01 8.493507025813735734e-01 8.795401171855817823e-01 9.051942515987170257e-01 9.265777079314444498e-01 9.440607217866966439e-01 9.580815140134045782e-01 9.691107811006229866e-01 9.776209581662418380e-01 9.840618851238520648e-01 9.888435152626453561e-01 9.923254562534098433e-01 9.948125069925937147e-01 9.965549785102584268e-01 9.977524481865551742e-01 9.985596481727347928e-01 9.990933707094540317e-01 9.994395233915424059e-01 9.996597336837025338e-01 9.997971458752835661e-01 9.998812525858984390e-01 9.999317482102594301e-01 9.999614850318987447e-01 9.999786622582735873e-01 9.999883948656993482e-01 9.999938039410840585e-01 9.999967526676905027e-01 9.999983294205005979e-01 9.999991564296872859e-01 9.999995819052807100e-01 9.999997966173975739e-01 9.999999028984922766e-01
4.030536044596563775e-17 1.264485858085452746e-16 3.894853510482018795e-16 1.177871048105689924e-15 3.497336973144345434e-15 1.019563178501927665e-14 2.918312115683646718e-14 8.201522141769222773e-14 2.263115483178394510e-13 6.131590234401028888e-13 1.631167439844764959e-12 4.260769933155932365e-12 1.092816194217101022e-11 2.752208419115310321e-11 6.806073632684561417e-11 1.652720409399093323e-10 3.940907180271643468e-10 9.227713739752180708e-10 2.121780916040244275e-09 4.790968807809931302e-09 1.062357907691362853e-08 2.313406253240289365e-08 4.947386825589588073e-08 1.039088896823278293e-07 2.143349559893002458e-07 4.342182293134589030e-07 8.639922797011689550e-07 1.688539637416014420e-06 3.241350115759572128e-06 6.111791942672577480e-06 1.132021806677918788e-05 2.059688027390765087e-05 3.681514801640208549e-05 6.464716559815415992e-05 1.115298454220433618e-04 1.890487615348003720e-04 3.148632025427604742e-04 5.153015628323195062e-04 8.287446882133286301e-04 1.309876669734970790e-03 2.034808688373292759e-03 3.106964555312705795e-03 4.663453958717967557e-03 6.881456382276460691e-03 9.983911294500892250e-03 1.424358725499705672e-02 1.998442505596368865e-02 2.757896772865593704e-02 3.744075475844089312e-02 5.001081216682684571e-02 6.573783644776833024e-02 8.505233837016265563e-02 1.083358313468047590e-01 1.358870252082404750e-01 1.678877919785100592e-01 2.043722603808171556e-01 2.452026327063628885e-01 2.900551001451650013e-01 3.384185222449116459e-01 3.896073745542989464e-01 4.427889806576870702e-01 4.970234248430422941e-01 5.513130229785279113e-01 6.046570439271902186e-01 6.561067097945296744e-01 7.048154677996998352e-01 7.500801253644986399e-01 7.913695762182137994e-01 8.283393383814710020e-01 8.608317454932769008e-01 8.888631457114710699e-01 9.126006672198456737e-01 9.323318727173325327e-01 9.484308961736549470e-01 9.613244639297874317e-01 9.714606444288650389e-01 9.792823815157774003e-01 9.852069910837388811e-01 9.896119706115512615e-01 9.928267833705186618e-01 9.951297895065400745e-01 9.967492192890750058e-01 9.978670003733411953e-01 9.986243196097885910e-01 9.991279695772329328e-01 9.994567501987827729e-01 9.996674243167539275e-01 9.997999328102793459e-01 9.998817423215452527e-01 9.999313205972347740e-01 9.999608127561208093e-01 9.999780333937000609e-01 9.999879034445779968e-01 9.999934563086940731e-01 9.999965228031061359e-01 9.999981850471011402e-01 9.999990695002194396e-01 9.999995314367386978e-01 9.999997682560961554e-01 9.999998874295441542e-01
4.662895042383016788e-18 1.615028331779665250e-17 5.480378485167062028e-17 1.822009556430445108e-16 5.934777064162284255e-16 1.893982642914081353e-15 5.922018729406688412e-15 1.814221653342298326e-14 5.445559757643647828e-14 1.601516428324448002e-13 4.614900031330371293e-13 1.302989317207496267e-12 3.604732179703677909e-12 9.771584768089321370e-12 2.595514550900197957e-11 6.755467119890845486e-11 1.722932039938575329e-10 4.305955978234596982e-10 1.054551994955723646e-09 2.530883693543933686e-09 5.952391744344056709e-09 1.371942441704602348e-08 3.098959659186475347e-08 6.860296229091381322e-08 1.488431144545752343e-07 3.165092412901229916e-07 6.596742394629378650e-07 1.347636672383167067e-06 2.698559594345252801e-06 5.296926922468952263e-06 1.019217462601883682e-05 1.922561052689505766e-05 3.555370297701972474e-05 6.446197557161252600e-05 1.145937477135855649e-04 1.997483677252850627e-04 3.414280691151218945e-04 5.723213664009355094e-04 9.408907951643650158e-04 1.517168209686514842e-03 2.399736274027008519e-03 3.723678858571163614e-03 5.669014039062216133e-03 8.468795213610066583e-03 1.241571324918008985e-02 1.786571331588953510e-02 2.523693206034625242e-02 3.500225235586876954e-02 4.767404611711874296e-02 6.378028434179303097e-02 8.383213988981808029e-02 1.082844249391295005e-01 1.374915474555297168e-01 1.716629292408079765e-01 2.108227558096646137e-01 2.547792891263433446e-01 3.031085960509747323e-01 3.551563702975563119e-01 4.100596415891115121e-01 4.667878081217102237e-01 5.241999487587104545e-01 5.811131743632613755e-01 6.363752417174666220e-01 6.889340514772414048e-01 7.378970921440468622e-01 7.825752955637739205e-01 8.225078857800895982e-01 8.574672654418771245e-01 8.874453862463526077e-01 9.126250275818084123e-01 9.333407038170125070e-01 9.500344238078812786e-01 9.632112725966238687e-01 9.733989320646723176e-01 9.811140343687497767e-01 9.868368975293539958e-01 9.909949448474766331e-01 9.939541145781694009e-01 9.960169030555408032e-01 9.974253609821061017e-01 9.983673317123000768e-01 9.989844029069724352e-01 9.993803502758293877e-01 9.996292038925655987e-01 9.997824024746952976e-01 9.998747807421030087e-01 9.999293425988755590e-01 9.999609081019280588e-01 9.999787952258860635e-01 9.999887234718609630e-01 9.999941211717178202e-01 9.999969955843130975e-01 9.999984949019008473e-01 9.999992609257588594e-01 9.999996442754062187e-01 9.999998321862877404e-01 9.999999224083727656e-01 9.999999648388419038e-01 9.999999843843438985e-01 9.999999932033536432e-01
1.542804346636943502e-18 5.771845707623593167e-18 2.111346599979592443e-17 7.551783084413954546e-17 2.641125485224513471e-16 9.031975376350705522e-16 3.020198561444507572e-15 9.875347951465071880e-15 3.157467314601633230e-14 9.871895402317578062e-14 3.018168211284907052e-13 9.023476100557212981e-13 2.638144142682935065e-12 7.542658591886124476e-12 2.108915308015635780e-11 5.766476285918370730e-11 1.542009206447008819e-10 4.032714053185436839e-10 1.031457591252363948e-09 2.580232821999607016e-09 6.312926401197632339e-09 1.510700317826006751e-08 3.536013403089372352e-08 8.095627844353068730e-08 1.813018339105602537e-07 3.971767905117430179e-07 8.511607595200845362e-07 1.784442854854681906e-06 3.659953540808939470e-06 7.344299236059840669e-06 1.441944595755288563e-05 2.770087492694913353e-05 5.207272281196272091e-05 9.579134236382266733e-05 1.724531000829762053e-04 3.038622116639896247e-04 5.240567701550085181e-04 8.847368056834217873e-04 1.462263501563990315e-03 2.366238632708143799e-03 3.749408054426758754e-03 5.818256945096817595e-03 8.843196317166526765e-03 1.316673258826694254e-02 1.920755518938526210e-02 2.745819475345015470e-02 3.847393581076505309e-02 5.285113881805256902e-02 7.119411008396593632e-02 9.407113635904729154e-02 1.219621353624933402e-01 1.552023019545283877e-01 1.939277938630335485e-01 2.380305093651599868e-01 2.871290247477552571e-01 3.405615914205109562e-01 3.974047709694988328e-01 4.565180895648488502e-01 5.166115169270442120e-01 5.763292430054256510e-01 6.343407577219813964e-01 6.894291124374907209e-01 7.405666780395074866e-01 7.869706275571890508e-01 8.281333874439145148e-01 8.638268487334950230e-01 8.940825676299199998e-01 9.191529474817128342e-01 9.394600971499516007e-01 9.555395636066075227e-01 9.679855378350220585e-01 9.774027151717890050e-01 9.843681330529672202e-01 9.894043933421041714e-01 9.929640139193041115e-01 9.954234400600268096e-01 9.970845500128258099e-01 9.981812743451936587e-01 9.988891077641854910e-01 9.993356876048786752e-01 9.996111114985073431e-01 9.997771613686290415e-01 9.998750224191148561e-01 9.999314011883504438e-01 9.999631520612723978e-01 9.999806316047705756e-01 9.999900383377344770e-01 9.999949869318232043e-01 9.999975317637761485e-01 9.999988110585318335e-01 9.999994397192654150e-01 9.999997417118133836e-01 9.999998835229256811e-01 9.999999486195421117e-01 9.999999778301538189e-01 9.999999906433342245e-01 9.999999961375694024e-01 9.999999984405565367e-01 9.999999993842040302e-01 9.999999997621780157e-01
8.728091434959821823e-23 4.328027589301622177e-22 2.089909078755750394e-21 9.827325142146959151e-21 4.500056151440540867e-20 2.006686533028107317e-19 8.714142832453079603e-19 3.685175033515698608e-18 1.517696377461772862e-17 6.087098035759583720e-17 2.377606026899062150e-16 9.044396018281315380e-16 3.350699950925733207e-15 1.208966772858252926e-14 4.248376431618184056e-14 1.454014607114906455e-13 4.846849037345806285e-13 1.573632907976860791e-12 4.976332115873417495e-12 1.532803953713974014e-11 4.598806420353677372e-11 1.343988321392133536e-10 3.826035574401177371e-10 1.061005704228174764e-09 2.866253122395232928e-09 7.543159385774756269e-09 1.933965674691585583e-08 4.830775738681694162e-08 1.175641014037908652e-07 2.787665950903884581e-07 6.440724713777846219e-07 1.450034021869873346e-06 3.181224299802593659e-06 6.801554238860377569e-06 1.417252035754058774e-05 2.878330843745098341e-05 5.697985224990310022e-05 1.099573166594025749e-04 2.068652999029414893e-04 3.794495184546176894e-04 6.786868562606439455e-04 1.183817480282023989e-03 2.013983333247312563e-03 3.342292950120620814e-03 5.411514939006623406e-03 8.549769726076010545e-03 1.318362740416252794e-02 1.984510520174820325e-02 2.916845345022007346e-02 4.187263464391314388e-02 5.872632166785592134e-02 8.049422812317574838e-02 1.078665671370222789e-01 1.413770498602020809e-01 1.813184235900432428e-01 2.276672630158671495e-01 2.800307178515543116e-01 3.376265812113974363e-01 3.993042386571892255e-01 4.636082449138141381e-01 5.288794719614220430e-01 5.933823525359770423e-01 6.554421034647466282e-01 7.135740050641412591e-01 7.665882535969079647e-01 8.136582604792599316e-01 8.543465541727490731e-01 8.885892735741094395e-01 9.166462300266633445e-01 9.390275861081383013e-01 9.564098263268451250e-01 9.695529499411961183e-01 9.792282604710713656e-01 9.861625933586394277e-01 9.910011729679447656e-01 9.942882092752498568e-01 9.964622340578519477e-01 9.978621366908809742e-01 9.987397526064765163e-01 9.992754067133435836e-01 9.995937074485901075e-01 9.997778542007018654e-01 9.998815744773368319e-01 9.999384514420437409e-01 9.999688170694452927e-01 9.999846004913144348e-01 9.999925876642112854e-01 9.999965227841652871e-01 9.999984103225265653e-01 9.999992917903632872e-01 9.999996925555375560e-01 9.999998699525285417e-01 9.999999464021320783e-01 9.999999784778870193e-01 9.999999915802955108e-01 9.999999967910178089e-01 9.999999988085348512e-01 9.999999995690518340e-01 9.999999998481603480e-01 9.999999999478865753e-01
1.437773227721728488e-26 9.365904225127697765e-26 5.915277407411720906e-25 3.622183960495914205e-24 2.150502557972682541e-23 1.237906358446472834e-22 6.909052754535203779e-22 3.738839803490722667e-21 1.961768868451717853e-20 9.980601532695390632e-20 4.923444487416035345e-19 2.354998758632586950e-18 1.092264493572869052e-17 4.912323829605796067e-17 2.142274520714125332e-16 9.059402407831012750e-16 3.715078963388091917e-15 1.477368618405721138e-14 5.697322216866593019e-14 2.130703966324480885e-13 7.727798702891220915e-13 2.718187644234174708e-12 9.272681047216825446e-12 3.067930736258730447e-11 9.844939623145323296e-11 3.064232439045365835e-10 9.250950915702479031e-10 2.709087683772079048e-09 7.695714991182648442e-09 2.120716786770529211e-08 5.669492627145986056e-08 1.470466745545618823e-07 3.700319185349110021e-07 9.034863822054161344e-07 2.140573650210661556e-06 4.921472313643426617e-06 1.098118337218388262e-05 2.378090952475128589e-05 4.998876752204671513e-05 1.020056761671502894e-04 2.020839453217950551e-04 3.887293654242079672e-04 7.261543689626002865e-04 1.317470353711134873e-03 2.321957704492386230e-03 3.976020056931611583e-03 6.616250821427520357e-03 1.070146239506702610e-02 1.682877338431457842e-02 2.573734427686337131e-02 3.829269779094411630e-02 5.544540505515555689e-02 7.816074630854259742e-02 1.073208286174630183e-01 1.436069996122188996e-01 1.873769930441545883e-01 2.385563449441478190e-01 2.965654361349426282e-01 3.603007801051533177e-01 4.281816828780943274e-01 4.982622963894690615e-01 5.683967138954542087e-01 6.364340822831299205e-01 7.004144645291840998e-01 7.587360278994028651e-01 8.102701019703731911e-01 8.544111639278190173e-01 8.910611690882184188e-01 9.205588752661004737e-01 9.435725181320147037e-01 9.609771717568541538e-01 9.737365132491249131e-01 9.828037293110754025e-01 9.890497361882495397e-01 9.932204817942820174e-01 9.959201329522953117e-01 9.976140192553605290e-01 9.986442712673251343e-01 9.992516858874002095e-01 9.995988297633675579e-01 9.997911461157367174e-01 9.998944235149649362e-01 9.999481856714629302e-01 9.999753144542051775e-01 9.999885843068689883e-01 9.999948762383596979e-01 9.999977681424263576e-01 9.999990565869081305e-01 9.999996130410562234e-01 9.999998459975483200e-01 9.999999405345710857e-01 9.999999777232371212e-01 9.999999919040380991e-01 9.999999971457397274e-01 9.999999990238674918e-01 9.999999996761850252e-01 9.999999998958062353e-01 9.999999999674816786e-01 9.999999999901566516e-01 9.999999999971100895e-01
6.046970075520160466e-30 4.980840414989721695e-29 3.963382953171920604e-28 3.046715350173389050e-27 2.262581221991540143e-26 1.623256505862914946e-25 1.125084750568718285e-24 7.533609454923565696e-24 4.873552573349816727e-23 3.045917035052094841e-22 1.839186622496043071e-21 1.072937930570724993e-20 6.047425763606927590e-20 3.293214854134213046e-19 1.732726259433298589e-18 8.808610806289257734e-18 4.326732993471239709e-17 2.053506502127818484e-16 9.417247720671760569e-16 4.173044285106760964e-15 1.786869499026635450e-14 7.393565503485649887e-14 2.956292274070468932e-13 1.142312791970651505e-12 4.265595312052714241e-12 1.539376397334541936e-11 5.369022004799265261e-11 1.809866135660010642e-10 5.896788636665292088e-10 1.857037867967364793e-09 5.653036199565717130e-09 1.663488927643416617e-08 4.732148075849888465e-08 1.301433875984612858e-07 3.460497744153807015e-07 8.896874925286258269e-07 2.211828059728056132e-06 5.317601466533206970e-06 1.236430681458360219e-05 2.780713306470497938e-05 6.049540030173218748e-05 1.273269552160527745e-04 2.593032366111944036e-04 5.110332304624022387e-04 9.747992179610665562e-04 1.800053460177751400e-03 3.218463067261270304e-03 5.573190650052700472e-03 9.348954829989089207e-03 1.519677902651634695e-02 2.394478506981407434e-02 3.658484759171318906e-02 5.422550666027155936e-02 7.800517967357334381e-02 1.089667145974453355e-01 1.479039093712184172e-01 1.952007840269995020e-01 2.506922074280851787e-01 3.135769007706059597e-01 3.824087932357190800e-01 4.551800989055717617e-01 5.294916500559214700e-01 6.027872986140387912e-01 6.726146808647943676e-01 7.368685118451049343e-01 7.939766465930822026e-01 8.430022096555503941e-01 8.836533607156455972e-01 9.162106859847066742e-01 9.413961623502530296e-01 9.602143225794657067e-01 9.737952569811451076e-01 9.832621525993849865e-01 9.896361358649370388e-01 9.937812794879878897e-01 9.963849949105549886e-01 9.979646877422480022e-01 9.988904018953806974e-01 9.994143716329266791e-01 9.997008293097405796e-01 9.998520947085931532e-01 9.999292460540868399e-01 9.999672537978054887e-01 9.999853390782169615e-01 9.999936510272092738e-01 9.999973408443469935e-01 9.999989229338603902e-01 9.999995781451502808e-01 9.999998402383045715e-01 9.999999415020153215e-01 9.999999792919130881e-01 9.999999929132952214e-01 9.999999976556066539e-01 9.999999992503186830e-01 9.999999997682802455e-01 9.999999999307738197e-01 9.999999999800113226e-01 9.999999999944220175e-01 9.999999999984956478e-01 9.999999999996078692e-01
8.481745121317115298e-37 1.201999582781064594e-35 1.630000691010366460e-34 2.115142692011815455e-33 2.626420184086423912e-32 3.120799424286866922e-31 3.548536800790229186e-30 3.861175286366962823e-29 4.020514918492304534e-28 4.006279893913449267e-27 3.820358744153248813e-26 3.486393349905429210e-25 3.044840064185267449e-24 2.544926916270598977e-23 2.035711128493563258e-22 1.558456608740157982e-21 1.141876699022219927e-20 8.007526100064952711e-20 5.374541991257017696e-19 3.452696516458552707e-18 2.123047802136975462e-17 1.249559261750100018e-16 7.039823249757799273e-16 3.796535170945770901e-15 1.959962617827404574e-14 9.686297319746023202e-14 4.582827980634305820e-13 2.075833140538141741e-12 9.002294553488656251e-12 3.737973361189543797e-11 1.486152636296425785e-10 5.657945894347702640e-10 2.062758435421597597e-09 7.202123689480032241e-09 2.408388052873188937e-08 7.714007746706606640e-08 2.366784795854594991e-07 6.956706954100305063e-07 1.959116648239576334e-06 5.286628242296356586e-06 1.367145956132679171e-05 3.388680650819659212e-05 8.051842034457505561e-05 1.834366528433484830e-04 4.007653400073620843e-04 8.398566919546335014e-04 1.688657947961350134e-03 3.258553095433850896e-03 6.036660118171443233e-03 1.074037690376519402e-02 1.836024382271637598e-02 3.017073030854879739e-02 4.768542222160973565e-02 7.253686774969428375e-02 1.062745586509247220e-01 1.500967102652658314e-01 2.045578547412761072e-01 2.693160329831643662e-01 3.429905553799404427e-01 4.231869646066561685e-01 5.067102236379237290e-01 5.899392602891099235e-01 6.692911420202127815e-01 7.416771294799601177e-01 8.048552437088030143e-01 8.576138912065103259e-01 8.997675650732253061e-01 9.319924904983016845e-01 9.555626780805686060e-01 9.720575400977998770e-01 9.831021086169431378e-01 9.901777060343156522e-01 9.945147280969397485e-01 9.970582422146487822e-01 9.984854608691411393e-01 9.992516933131858625e-01 9.996452832925741827e-01 9.998387208494935452e-01 9.999296808844244655e-01 9.999706044311280628e-01 9.999882204797436724e-01 9.999954757913785963e-01 9.999983348016525664e-01 9.999994127232167962e-01 9.999998015624863568e-01 9.999999357661262245e-01 9.999999800830270402e-01 9.999999940848656177e-01 9.999999983175025253e-01 9.999999995416870568e-01 9.999999998804471879e-01 9.999999999701378872e-01 9.999999999928579353e-01 9.999999999983645305e-01 9.999999999996413980e-01 9.999999999999247269e-01 9.999999999999849010e-01 9.999999999999971134e-01 9.999999999999994449e-01 9.999999999999998890e-01
1.322082574342793199e-47 4.430256718980143264e-46 1.399168932889880882e-44 4.164727845492961387e-43 1.168376454870206385e-41 3.089323465987990236e-40 7.698982980893827865e-39 1.808414450976803075e-37 4.003711215731344566e-36 8.354751421492577499e-35 1.643298712202466497e-33 3.046619613311816687e-32 5.324092862310472236e-31 8.770130044151700080e-30 1.361781019938683687e-28 1.993231100957001906e-27 2.750210935813176983e-26 3.577187824900829888e-25 4.386265573521937432e-24 5.070330650648170471e-23 5.525572882488066983e-22 5.677149453220593117e-21 5.499314350917211367e-20 5.022572016147015668e-19 4.325123418187208066e-18 3.511899169968041010e-17 2.688899667180634919e-16 1.941402007417669728e-15 1.321860401227353809e-14 8.488045327611077134e-14 5.140513784546257222e-13 2.936358863824275741e-12 1.582140553714316606e-11 8.041679104513779287e-11 3.856113398840309307e-10 1.744590547430460042e-09 7.447685097348249666e-09 3.000414720674367512e-08 1.140845825937241292e-07 4.094661250755167977e-07 1.387462030862336467e-06 4.439267281604684330e-06 1.341445365623066621e-05 3.829143994987717781e-05 1.032775296809809956e-04 2.632746159422898755e-04 6.345305592687653165e-04 1.446435223623206362e-03 3.119865055979456625e-03 6.370598472060271834e-03 1.232210715591926936e-02 2.259150792916945691e-02 3.929225335539402592e-02 6.488987967410635160e-02 1.018673281355880339e-01 1.522113457133376924e-01 2.168113755026566669e-01 2.949366710603061881e-01 3.839848167348410279e-01 4.796452709243632095e-01 5.764985665325682573e-01 6.689195919882851005e-01 7.520388279849816726e-01 8.224929815100057162e-01 8.787770954177882565e-01 9.211549598882051715e-01 9.512272214130549353e-01 9.713397483935508614e-01 9.840174467754707610e-01 9.915490437072229657e-01 9.957660690893527233e-01 9.979914144472779025e-01 9.990981916696815013e-01 9.996169846375944079e-01 9.998461761189910701e-01 9.999416034538162190e-01 9.999790504012103787e-01 9.999928997286584575e-01 9.999977270797065776e-01 9.999993129084288057e-01 9.999998038955554280e-01 9.999999471636737969e-01 9.999999865634541241e-01 9.999999967752463137e-01 9.999999992696869677e-01 9.999999998439441651e-01 9.999999999685393881e-01 9.999999999940167861e-01 9.999999999989266364e-01 9.999999999998183675e-01 9.999999999999710232e-01 9.999999999999955591e-01 9.999999999999993339e-01 1.000000000000000000e+00 1.000000000000000000e+00 1.000000000000000000e+00 1.000000000000000000e+00 1.000000000000000000e+00 1.000000000000000000e+00 1.000000000000000000e+00
1.598664664658179776e-54 9.175998863715153113e-53 4.917992193345670711e-51 2.461303372093513206e-49 1.150243612625785273e-47 5.019571798265982006e-46 2.045505777277905989e-44 7.783900379702831988e-43 2.766062333833138313e-41 9.179113228961557451e-40 2.844591062787783312e-38 8.232390345232903009e-37 2.224980026660383855e-35 5.616009177478014980e-34 1.323850610249039885e-32 2.914527020911728054e-31 5.992722027788072030e-30 1.150844712741492584e-28 2.064220671389280305e-27 3.458225345320180722e-26 5.411528774062423627e-25 7.909859467029220598e-24 1.079973769012701577e-22 1.377424646435383744e-21 1.641150407746570366e-20 1.826719031731861438e-19 1.899574270227026607e-18 1.845533009019964235e-17 1.675289761084156832e-16 1.420967337548047920e-15 1.126237266162725394e-14 8.341714200945836306e-14 5.774188937096986184e-13 3.735688244460008343e-12 2.259078443592719415e-11 1.277068012710808120e-10 6.749384523804080166e-10 3.335279192060467610e-09 1.541254433308066572e-08 6.661216074520841598e-08 2.693024913088580632e-07 1.018625330833518811e-06 3.605502884084289855e-06 1.194529128404907279e-05 3.705303496600190156e-05 1.076417077801124271e-04 2.929684712655414606e-04 7.473473311064470414e-04 1.787688862228911267e-03 4.012086994568122948e-03 8.453577412072183980e-03 1.673538895287014772e-02 3.115664460407176206e-02 5.460770925072073317e-02 9.022036567864545609e-02 1.407247381471797010e-01 2.076109807252129735e-01 2.903343395483307665e-01 3.858783153678438937e-01 4.889317374227642454e-01 5.927337022448758708e-01 6.903748300246660419e-01 7.761465233698968680e-01 8.465086591050294818e-01 9.004122430766888785e-01 9.389760195888271488e-01 9.647406768184891845e-01 9.808156999962400757e-01 9.901818417755523516e-01 9.952780962608280824e-01 9.978676328323897726e-01 9.990964090155218802e-01 9.996409147711922127e-01 9.998662402011311290e-01 9.999533155069574297e-01 9.999847390993029661e-01 9.999953289923277922e-01 9.999986617294882585e-01 9.999996411813107944e-01 9.999999099856868856e-01 9.999999788762121700e-01 9.999999953635740901e-01 9.999999990483403600e-01 9.999999998173543236e-01 9.999999999672271045e-01 9.999999999945026197e-01 9.999999999991380228e-01 9.999999999998736566e-01 9.999999999999826805e-01 9.999999999999977796e-01 9.999999999999997780e-01 1.000000000000000000e+00 1.000000000000000000e+00 1.000000000000000000e+00 1.000000000000000000e+00 1.000000000000000000e+00 1.000000000000000000e+00 1.000000000000000000e+00 1.000000000000000000e+00 1.000000000000000000e+00
5.851032099173019945e-71 1.277699542222704655e-68 2.543478018071877351e-66 4.615670345071545534e-64 7.635789042170645142e-62 1.151570310220495758e-59 1.583250864342807283e-57 1.984437296463293659e-55 2.267562984095388373e-53 2.362228876540454112e-51 2.243530133623910675e-49 1.942657517223622169e-47 1.533636742890495035e-45 1.103871929747599345e-43 7.244248002510982507e-42 4.334663962795967759e-40 2.364910697429529208e-38 1.176471970611583987e-36 5.336629098292252577e-35 2.207409531926709531e-33 8.326107192498724264e-32 2.863900737334820630e-30 8.983499457123561558e-29 2.569926224784370619e-27 6.705026252916669386e-26 1.595525105174788498e-24 3.462982819729876108e-23 6.855869419526523191e-22 1.238124132117679718e-20 2.039771180024090317e-19 3.065794049387612776e-18 4.204169582462333927e-17 5.260509846365432428e-16 6.006535726349320504e-15 6.259091115554546798e-14 5.953009063436720611e-13 5.168355338580974949e-12 4.096542568059579787e-11 2.964816620846166312e-10 1.959601919531778971e-09 1.183073663723745493e-08 6.525675551587616329e-08 3.289413600572895923e-07 1.515711879845780978e-06 6.386535330110651103e-06 2.461689280363580664e-05 8.683953789945914568e-05 2.805108949120569306e-04 8.302402530140322442e-04 2.253230239837667251e-03 5.612359344958123622e-03 1.284381670067986231e-02 2.704097293268356572e-02 5.245978053622075976e-02 9.396368039731413380e-02 1.557658826155866039e-01 2.396928332034179432e-01 3.436327258834993015e-01 4.610270306742367818e-01 5.819464597617617363e-01 6.955336950333190771e-01 7.928413866176003966e-01 8.688650099749333222e-01 9.230317878604743509e-01 9.582282905143607588e-01 9.790850514458178111e-01 9.903563402162252061e-01 9.959112616958329944e-01 9.984079132836656267e-01 9.994312331951418216e-01 9.998137371730869694e-01 9.999441225533758359e-01 9.999846535618257537e-01 9.999961432556421226e-01 9.999991134770065404e-01 9.999998136818416539e-01 9.999999642086203622e-01 9.999999937173902342e-01 9.999999989925216770e-01 9.999999998524382594e-01 9.999999999802633432e-01 9.999999999975897058e-01 9.999999999997313260e-01 9.999999999999726885e-01 9.999999999999974465e-01 9.999999999999997780e-01 1.000000000000000000e+00 1.000000000000000000e+00 1.000000000000000000e+00 1.000000000000000000e+00 1.000000000000000000e+00 1.000000000000000000e+00 1.000000000000000000e+00 1.000000000000000000e+00 1.000000000000000000e+00 1.000000000000000000e+00 1.000000000000000000e+00 1.000000000000000000e+00 1.000000000000000000e+00 1.000000000000000000e+00
1.588694780835215833e-90 1.708657600958357997e-87 1.627750016908967006e-84 1.373545969297979455e-81 1.026659672006293700e-78 6.797400907058799277e-76 3.986556329724795109e-73 2.071082695412352816e-70 9.531202789344065355e-68 3.885575066207932018e-65 1.403224662896567456e-62 4.489219555878584336e-60 1.272313400655924392e-57 3.194518220183832887e-55 7.105810089585441027e-53 1.400323342459888331e-50 2.444892491413656267e-48 3.781976526311464070e-46 5.183429734724306835e-44 6.294590582151875049e-42 6.773032358951279064e-40 6.457713175823268047e-38 5.455945057308402192e-36 4.084828530259085210e-34 2.710245689862825239e-32 1.593655471853937791e-30 8.305253004690460818e-29 3.836256345179458232e-27 1.570668629627617853e-25 5.700488446583851715e-24 1.834092660922990770e-22 5.231744274655703347e-21 1.323200676257688408e-19 2.967569909059201873e-18 5.902269555345696294e-17 1.041195317954527940e-15 1.629292340468502902e-14 2.261962282756792528e-13 2.786542678863803342e-12 3.046664078353220925e-11 2.957048291721073726e-10 2.548460024877105481e-09 1.950789106949501011e-08 1.326794995785574141e-07 8.021045715485307814e-07 4.312158393150870262e-06 2.062695209718664902e-05 8.784930415199982887e-05 3.333868917214637823e-04 1.128450359902352521e-03 3.410746457725928864e-03 9.218856294338073978e-03 2.232261708345906551e-02 4.853221790359725507e-02 9.500862028876448651e-02 1.680747105804568930e-01 2.699135391230712555e-01 3.957560043565321317e-01 5.336224903148441001e-01 6.675310852508102855e-01 7.828435537994653526e-01 8.708797329842189461e-01 9.304680966520957330e-01 9.662262092419593440e-01 9.852500114420847943e-01 9.942227640299778901e-01 9.979746966984469614e-01 9.993655458252510559e-01 9.998226284287192733e-01 9.999557941652705839e-01 9.999901868698362062e-01 9.999980611086427551e-01 9.999996592352338176e-01 9.999999467536203612e-01 9.999999926061236000e-01 9.999999990879031575e-01 9.999999999000785955e-01 9.999999999902813297e-01 9.999999999991608934e-01 9.999999999999357181e-01 9.999999999999955591e-01 9.999999999999997780e-01 1.000000000000000000e+00 1.000000000000000000e+00 1.000000000000000000e+00 1.000000000000000000e+00 1.000000000000000000e+00 1.000000000000000000e+00 1.000000000000000000e+00 1.000000000000000000e+00 1.000000000000000000e+00 1.000000000000000000e+00 1.000000000000000000e+00 1.000000000000000000e+00 1.000000000000000000e+00 1.000000000000000000e+00 1.000000000000000000e+00 1.000000000000000000e+00 1.000000000000000000e+00 1.000000000000000000e+00
1.934951566173200687e-108 9.075811903067868007e-105 3.671023609811090074e-101 1.280501334826157824e-97 3.851848435515396242e-94 9.992175576720835134e-91 2.235416018516973315e-87 4.312907565450698622e-84 7.176320776256307119e-81 1.029817419043603414e-77 1.274537256962896674e-74 1.360461991916000982e-71 1.252477757338654373e-68 9.945166272808142629e-66 6.811170599242295016e-63 4.023546715140560608e-60 2.050144651100529282e-57 9.010719456306144795e-55 3.416222181799885123e-52 1.117268364241971012e-49 3.152156184124362767e-47 7.672059653877437951e-45 1.610966978218860437e-42 2.918431427784388686e-40 4.561627402753416467e-38 6.152031340573071897e-36 7.159266365177117224e-34 7.189434000097819192e-32 6.230521556652224555e-30 4.660018403382090712e-28 3.008274300049157776e-26 1.676294468509685638e-24 8.063558113447598342e-23 3.348818735048863848e-21 1.200868001132791041e-19 3.718723198826954299e-18 9.946050088475836375e-17 2.297931669669415555e-15 4.587059623211308012e-14 7.912887906325524280e-13 1.179899831386694862e-11 1.521203089471982741e-10 1.696302480098051001e-09 1.636663730901409693e-08 1.366944979732264528e-07 9.888026888883651606e-07 6.198864221134104560e-06 3.370484260618167435e-05 1.590949537212545638e-04 6.526849595962265363e-04 2.330523799254542033e-03 7.255767896872490109e-03 1.974139854831961222e-02 4.707574234502914096e-02 9.875676058029818349e-02 1.831455935117057565e-01 3.021535726873728622e-01 4.471002873781184106e-01 5.995702118335881625e-01 7.380875393304839882e-01 8.467718866400614219e-01 9.204214255183165161e-01 9.635245410515405062e-01 9.853105019751575711e-01 9.948201940610181815e-01 9.984050244762918691e-01 9.995720289993992314e-01 9.999000987987426425e-01 9.999797397764512707e-01 9.999964341171165838e-01 9.999994558014866364e-01 9.999999280384792577e-01 9.999999917598658694e-01 9.999999991833430357e-01 9.999999999299785669e-01 9.999999999948078200e-01 9.999999999996671551e-01 9.999999999999815703e-01 9.999999999999991118e-01 1.000000000000000000e+00 1.000000000000000000e+00 1.000000000000000000e+00 1.000000000000000000e+00 1.000000000000000000e+00 1.000000000000000000e+00 1.000000000000000000e+00 1.000000000000000000e+00 1.000000000000000000e+00 1.000000000000000000e+00 1.000000000000000000e+00 1.000000000000000000e+00 1.000000000000000000e+00 1.000000000000000000e+00 1.000000000000000000e+00 1.000000000000000000e+00 1.000000000000000000e+00 1.000000000000000000e+00 1.000000000000000000e+00 1.000000000000000000e+00 1.000000000000000000e+00
4.832013996912998347e-143 3.955461553261353063e-138 2.650027350504635652e-133 1.453090937238148586e-128 6.521234326999586128e-124 2.395339177486628016e-119 7.201291316321159675e-115 1.772010099265117796e-110 3.568955508287647060e-106 5.883588488295861204e-102 7.939208137530252294e-98 8.769076040270689068e-94 7.928312556506957212e-90 5.867688681684374302e-86 3.554859589185980927e-82 1.763020306486578632e-78 7.157853070816680432e-75 2.379089512656038250e-71 6.473723562694034839e-68 1.442203979151532338e-64 2.630530173809530522e-61 3.928439150720246365e-58 4.803682896792727516e-55 4.809778519710232480e-52 3.943599572997632385e-49 2.647889810556773192e-46 1.456031662783088231e-43 6.557409720050123961e-41 2.418877184286054886e-38 7.308827348096850224e-36 1.809129932263520021e-33 3.668762949175501658e-31 6.095951438157944380e-29 8.300123525692676199e-27 9.261984082102819679e-25 8.471534108757367682e-23 6.352269585356917474e-21 3.905570115677767397e-19 1.969335945877096214e-17 8.145913135157559875e-16 2.764810635672859795e-14 7.702602383366134476e-13 1.762061364001915155e-11 3.311393889254794886e-10 5.114920253063600742e-09 6.498061109175208759e-08 6.794911410671150409e-07 5.854013018359262020e-06 4.160141696389539444e-05 2.442270180927132725e-04 1.186679757999638480e-03 4.783986365888880446e-03 1.605289244741090957e-02 4.502649160998081074e-02 1.061720775462307725e-01 2.120951416190946237e-01 3.627191944420316005e-01 5.385466285529548758e-01 7.070357860471578881e-01 8.395764216524366219e-01 9.251640428627752044e-01 9.705315738161983674e-01 9.902709638368751843e-01 9.973203904862548708e-01 9.993866164459459522e-01 9.998836367064160013e-01 9.999817453577208859e-01 9.999976359114757241e-01 9.999997475924959911e-01 9.999999778067588663e-01 9.999999983943905768e-01 9.999999999044899557e-01 9.999999999953312901e-01 9.999999999998125944e-01 9.999999999999937828e-01 9.999999999999997780e-01 1.000000000000000000e+00 1.000000000000000000e+00 1.000000000000000000e+00 1.000000000000000000e+00 1.000000000000000000e+00 1.000000000000000000e+00 1.000000000000000000e+00 1.000000000000000000e+00 1.000000000000000000e+00 1.000000000000000000e+00 1.000000000000000000e+00 1.000000000000000000e+00 1.000000000000000000e+00 1.000000000000000000e+00 1.000000000000000000e+00 1.000000000000000000e+00 1.000000000000000000e+00 1.000000000000000000e+00 1.000000000000000000e+00 1.000000000000000000e+00 1.000000000000000000e+00 1.000000000000000000e+00 1.000000000000000000e+00 1.000000000000000000e+00
4.008119444054126283e-200 3.582507207168501261e-193 2.406222951248936269e-186 1.214485166103624998e-179 4.606399455158953515e-173 1.312954865950375893e-166 2.812308390896562890e-160 4.526969021601692092e-154 5.476340213495370668e-148 4.978734258002328205e-142 3.401738080639664500e-136 1.746805178339022536e-130 6.741531414661220497e-125 1.955476321945950592e-119 4.263208086769049207e-114 6.985881976702137088e-109 8.604353655944879150e-104 7.965993761489791860e-99 5.543699990151811836e-94 2.900092894683785908e-89 1.140491528469987391e-84 3.371762585748423814e-80 7.494193443783102859e-76 1.252320804248674926e-71 1.573441625847474415e-67 1.486461126105026762e-63 1.055966449108330575e-59 5.641162389267726001e-56 2.266418598837856046e-52 6.848556688757802517e-49 1.556623048940437412e-45 2.661556232479556491e-42 3.423756246540790985e-39 3.313888727247466830e-36 2.413795105908887296e-33 1.323297621445614479e-30 5.461170013003113315e-28 1.696962026961365130e-25 3.971156445738685397e-23 7.000613506019303588e-21 9.299598035703473647e-19 9.312347741166859443e-17 7.032468982023921113e-15 4.007123617597943862e-13 1.723860216842095934e-11 5.603277415291966294e-10 1.377383973264593851e-08 2.563554520680157598e-07 3.617763408803528215e-06 3.878514134547375933e-05 3.166565310238729980e-04 1.975317290956933331e-03 9.456979232972227353e-03 3.496466638439272440e-02 1.007104528200935822e-01 2.288439287896152363e-01 4.176905452980794742e-01 6.281846420464175518e-01 8.056296786027496992e-01 9.187567893936237073e-01 9.732962996189180593e-01 9.931773239691549238e-01 9.986559437239104220e-01 9.997970172135759448e-01 9.999765970779104229e-01 9.999979464105445137e-01 9.999998631693010065e-01 9.999999930895220324e-01 9.999999997358289816e-01 9.999999999923645522e-01 9.999999999998332445e-01 9.999999999999972244e-01 1.000000000000000000e+00 1.000000000000000000e+00 1.000000000000000000e+00 1.000000000000000000e+00 1.000000000000000000e+00 1.000000000000000000e+00 1.000000000000000000e+00 1.000000000000000000e+00 1.000000000000000000e+00 1.000000000000000000e+00 1.000000000000000000e+00 1.000000000000000000e+00 1.000000000000000000e+00 1.000000000000000000e+00 1.000000000000000000e+00 1.000000000000000000e+00 1.000000000000000000e+00 1.000000000000000000e+00 1.000000000000000000e+00 1.000000000000000000e+00 1.000000000000000000e+00 1.000000000000000000e+00 1.000000000000000000e+00 1.000000000000000000e+00 1.000000000000000000e+00 1.000000000000000000e+00 1.000000000000000000e+00 1.000000000000000000e+00
7.138238909362677170e-300 2.616134420527474519e-289 6.179893997107949073e-279 9.409344516598975052e-269 9.234231820579573185e-259 5.841323376631956773e-249 2.381755468169242394e-239 6.259869706793299853e-230 1.060529592284772644e-220 1.158183271079156258e-211 8.153365241334220657e-203 3.700072796401166082e-194 1.082446969089877601e-185 2.041436331046812193e-177 2.482038166856729567e-169 1.945520403598198448e-161 9.831731042154572439e-154 3.203347976515493323e-146 6.729336590019136964e-139 9.114851198998984185e-132 7.960723622282358005e-125 4.483311893881080381e-118 1.628201494282468954e-111 3.813301977495995569e-105 5.759716276506140562e-99 5.610905828280788069e-93 3.525530420883977611e-87 1.428913446445329290e-81 3.736034477700208619e-76 6.301971758355533089e-71 6.858733353320288108e-66 4.816807702570010996e-61 2.183102780331302634e-56 6.386259262062485118e-52 1.205985134545498489e-47 1.470397916531355479e-43 1.157738226196116446e-39 5.887977774426426762e-36 1.934707226957379954e-32 4.108556450964690421e-29 5.640825177206242972e-26 5.009083133622229709e-23 2.878422467973611191e-20 1.071014464907673404e-17 2.582277492906071557e-15 4.038091009582930396e-13 4.100301577829996666e-11 2.707456407201122737e-09 1.164782485348359313e-07 3.273185156133160992e-06 6.028941917231712115e-05 7.313990978564228161e-04 5.884726848385359206e-03 3.172674635365068524e-02 1.164310620818669595e-01 2.980432912853390182e-01 5.528817148673640380e-01 7.869628648584203745e-01 9.277049616934136544e-01 9.830765637279905711e-01 9.973225669289970119e-01 9.997174714914794924e-01 9.999802886352621156e-01 9.999990961758679076e-01 9.999999728771649110e-01 9.999999994689370286e-01 9.999999999932308592e-01 9.999999999999439337e-01 9.999999999999997780e-01 1.000000000000000000e+00 1.000000000000000000e+00 1.000000000000000000e+00 1.000000000000000000e+00 1.000000000000000000e+00 1.000000000000000000e+00 1.000000000000000000e+00 1.000000000000000000e+00 1.000000000000000000e+00 1.000000000000000000e+00 1.000000000000000000e+00 1.000000000000000000e+00 1.000000000000000000e+00 1.000000000000000000e+00 1.000000000000000000e+00 1.000000000000000000e+00 1.000000000000000000e+00 1.000000000000000000e+00 1.000000000000000000e+00 1.000000000000000000e+00 1.000000000000000000e+00 1.000000000000000000e+00 1.000000000000000000e+00 1.000000000000000000e+00 1.000000000000000000e+00 1.000000000000000000e+00 1.000000000000000000e+00 1.000000000000000000e+00 1.000000000000000000e+00 1.000000000000000000e+00 1.000000000000000000e+00
4.330309518803401125e-221 2.705239020670351134e-213 1.220942424301985900e-205 3.981007393814813385e-198 9.377882176204264368e-191 1.596013685450515070e-183 1.962433388368092228e-176 1.743357776207150259e-169 1.118970507849351054e-162 5.189182718789638544e-156 1.738744122349666836e-149 4.209567682966251596e-143 7.363999251104697926e-137 9.308385031075552239e-131 8.502173315984403418e-125 5.611668309204727761e-119 2.676533677899893892e-113 9.225401853219169652e-108 2.297967794358518809e-102 4.136794810146697162e-97 5.382226917081143718e-92 5.061228978095811142e-87 3.440055531320931883e-82 1.690097138866234144e-77 6.002301828565849753e-73 1.541023763933588811e-68 2.860316184089029148e-64 3.838509411543787783e-60 3.724679201760468883e-56 2.613546965374145405e-52 1.326259649832377302e-48 4.867770186903928238e-45 1.292369957174069188e-41 2.482318015331336813e-38 3.449910749775404051e-35 3.469870182245373586e-32 2.526150354146354574e-29 1.331509103378235623e-26 5.082550784957680527e-24 1.405413755138151402e-21 2.816219963096798491e-19 4.091212611770473633e-17 4.311010832107550439e-15 3.296939141502794124e-13 1.831335796712165061e-11 7.395122168353220864e-10 2.173385140965361486e-08 4.655519761007664318e-07 7.281944850305342209e-06 8.337488625435128379e-05 7.010579276612672944e-04 4.348619795994867858e-03 2.002430195899534970e-02 6.906865397719151589e-02 1.808108371818195614e-01 3.662524277690396568e-01 5.904444916366500262e-01 7.879047921224420215e-01 9.146029088065441570e-01 9.738186823506056466e-01 9.939741056634108229e-01 9.989688416689981310e-01 9.998696902404217157e-01 9.999878968837826454e-01 9.999991766677607252e-01 9.999999590844708131e-01 9.999999985175325179e-01 9.999999999608971679e-01 9.999999999992500443e-01 9.999999999999895639e-01 9.999999999999998890e-01 1.000000000000000000e+00 1.000000000000000000e+00 1.000000000000000000e+00 1.000000000000000000e+00 1.000000000000000000e+00 1.000000000000000000e+00 1.000000000000000000e+00 1.000000000000000000e+00 1.000000000000000000e+00 1.000000000000000000e+00 1.000000000000000000e+00 1.000000000000000000e+00 1.000000000000000000e+00 1.000000000000000000e+00 1.000000000000000000e+00 1.000000000000000000e+00 1.000000000000000000e+00 1.000000000000000000e+00 1.000000000000000000e+00 1.000000000000000000e+00 1.000000000000000000e+00 1.000000000000000000e+00 1.000000000000000000e+00 1.000000000000000000e+00 1.000000000000000000e+00 1.000000000000000000e+00 1.000000000000000000e+00 1.000000000000000000e+00 1.000000000000000000e+00
0.000000000000000000e+00 1.187560889626312256e-317 4.133362641077074151e-306 8.769251961822838577e-295 1.134067396623607575e-283 8.940024822384729855e-273 4.296044479641070493e-262 1.258450240459608710e-251 2.247232730112146051e-241 2.446317087846491878e-231 1.623448924098877581e-221 6.568024286312078213e-212 1.619984219476381707e-202 2.435998864317146676e-193 2.233287996823903688e-184 1.248319158694050112e-175 4.254343848940843828e-167 8.840551651444422233e-159 1.120161998363270645e-150 8.654720868883196533e-143 4.077683045604538661e-135 1.171604234893864083e-127 2.052938931287923655e-120 2.193922020556001511e-113 1.430016103640409850e-106 5.685414659519206937e-100 1.378841696959352589e-93 2.040000782218047181e-87 1.841390992334344141e-81 1.014148441181338619e-75 3.408329258742306176e-70 6.990625647280482754e-65 8.751474091924990628e-60 6.688064607618727794e-55 3.120654939921081602e-50 8.891994189647892844e-46 1.547586428274010649e-41 1.645590416637870015e-37 1.069365503827055812e-33 4.248311907418104433e-30 1.032208846168282475e-26 1.534576823850870009e-23 1.396790760215347376e-20 7.789376541944122066e-18 2.663678349094877393e-15 5.591697601356778881e-13 7.215951309357703901e-11 5.734783732439740877e-09 2.813555245547156720e-07 8.549156750518015969e-06 1.616199972999406273e-04 1.913432689667290357e-03 1.432543814128352938e-02 6.884838827790704108e-02 2.175222641954506764e-01 4.694095234085333690e-01 7.346966183359389113e-01 9.083914026328123725e-01 9.790619148876309463e-01 9.969147703936882543e-01 9.997117298885971337e-01 9.999831018738516430e-01 9.999993829597562112e-01 9.999999860333440571e-01 9.999999998047199856e-01 9.999999999983177901e-01 9.999999999999911182e-01 1.000000000000000000e+00 1.000000000000000000e+00 1.000000000000000000e+00 1.000000000000000000e+00 1.000000000000000000e+00 1.000000000000000000e+00 1.000000000000000000e+00 1.000000000000000000e+00 1.000000000000000000e+00 1.000000000000000000e+00 1.000000000000000000e+00 1.000000000000000000e+00 1.000000000000000000e+00 1.000000000000000000e+00 1.000000000000000000e+00 1.000000000000000000e+00 1.000000000000000000e+00 1.000000000000000000e+00 1.000000000000000000e+00 1.000000000000000000e+00 1.000000000000000000e+00 1.000000000000000000e+00 1.000000000000000000e+00 1.000000000000000000e+00 1.000000000000000000e+00 1.000000000000000000e+00 1.000000000000000000e+00 1.000000000000000000e+00 1.000000000000000000e+00 1.000000000000000000e+00 1.000000000000000000e+00 1.000000000000000000e+00 1.000000000000000000e+00
3.157698178268465365e-258 5.681090916445000007e-249 6.906425088152899728e-240 5.673368620069926883e-231 3.149204385745153543e-222 1.181242913151124392e-213 2.994076322465783475e-205 5.128365573785701095e-197 5.936017485331775294e-189 4.643223306554338977e-181 2.454487497176176751e-173 8.768557680941596705e-166 2.117051642785127611e-158 3.454468592679506043e-151 3.809683247619471999e-144 2.839660761643327148e-137 1.430629220167580371e-130 4.871748243552784763e-124 1.121385389457935111e-117 1.744832302679260296e-111 1.835266113503040549e-105 1.304999353224237052e-99 6.273479796558866642e-94 2.038997293771161779e-88 4.480844554507023440e-83 6.658337052605682635e-78 6.690594290269239163e-73 4.546635480399558793e-68 2.089677147379976027e-63 6.496404876593929939e-59 1.366211008584204067e-54 1.943859023302309794e-50 1.871422883860147549e-46 1.219283541238208322e-42 5.376967074707579977e-39 1.605294597571539460e-35 3.245295227812206644e-32 4.443737015539038997e-29 4.122571290289813977e-26 2.592193041367878356e-23 1.105166126488826746e-20 3.196434103837339327e-18 6.275429922431257781e-16 8.369119960458543356e-14 7.588724405249643713e-12 4.683863241486498314e-10 1.970673070047756534e-08 5.662579767274501125e-07 1.113986865084574318e-05 1.505452526665272434e-04 1.404078504727150059e-03 9.097477637351686700e-03 4.134738065290460840e-02 1.337380939503375610e-01 3.147159136383230749e-01 5.571865673304846611e-01 7.794113213664668471e-01 9.187290284295245302e-01 9.784603271716731943e-01 9.959671431442499445e-01 9.994729476837680426e-01 9.999523072724001427e-01 9.999970284913726193e-01 9.999998730309117567e-01 9.999999962901896522e-01 9.999999999260404948e-01 9.999999999989956923e-01 9.999999999999906741e-01 1.000000000000000000e+00 1.000000000000000000e+00 1.000000000000000000e+00 1.000000000000000000e+00 1.000000000000000000e+00 1.000000000000000000e+00 1.000000000000000000e+00 1.000000000000000000e+00 1.000000000000000000e+00 1.000000000000000000e+00 1.000000000000000000e+00 1.000000000000000000e+00 1.000000000000000000e+00 1.000000000000000000e+00 1.000000000000000000e+00 1.000000000000000000e+00 1.000000000000000000e+00 1.000000000000000000e+00 1.000000000000000000e+00 1.000000000000000000e+00 1.000000000000000000e+00 1.000000000000000000e+00 1.000000000000000000e+00 1.000000000000000000e+00 1.000000000000000000e+00 1.000000000000000000e+00 1.000000000000000000e+00 1.000000000000000000e+00 1.000000000000000000e+00 1.000000000000000000e+00 1.000000000000000000e+00 1.000000000000000000e+00
4.663672945014939667e-300 3.019310399963508901e-289 1.234105763704283391e-278 3.184693988896997768e-268 5.188715406670041772e-258 5.337467922467680678e-248 3.466577000350377718e-238 1.421555625343612351e-228 3.680713784180413093e-219 6.017466330529038181e-210 6.211800751364720184e-201 4.049048512170415340e-192 1.666595081374807052e-183 4.331712362046879296e-175 7.109729032000740113e-167 7.369241526167692670e-159 4.823720723184431503e-151 1.994093431685365603e-143 5.206289821825449719e-136 8.585141375846864418e-129 8.941719370734999379e-122 5.882594006503526825e-115 2.444626551119990483e-108 6.417642467293432658e-102 1.064347964166641741e-95 1.115231875384986832e-89 7.383313530027625431e-84 3.088705384714699131e-78 8.165426521119330747e-73 1.364271966907872634e-67 1.440755090830795516e-62 9.618330468277336587e-58 4.059658224215976021e-53 1.083496012785790805e-48 1.828901799098465192e-44 1.952841319404611993e-40 1.319345777495875189e-36 5.641351392474894889e-33 1.527136790540637492e-29 2.618211217614572619e-26 2.844168248349071558e-23 1.958663273305573215e-20 8.556514307366914372e-18 2.373058261790424612e-15 4.182339331557783633e-13 4.689924456754825481e-11 3.351482532794040737e-09 1.529447692072625895e-07 4.469577664722495203e-06 8.396344002842772596e-05 1.019402662342088275e-03 8.061921860376086019e-03 4.202282653068598051e-02 1.470293778003975149e-01 3.553787278249367354e-01 6.207995592869477441e-01 8.379338797750806034e-01 9.519859530594387831e-01 9.904312713399903156e-01 9.987413866681884578e-01 9.998920656691645537e-01 9.999940141807924787e-01 9.999997865165257682e-01 9.999999951227853678e-01 9.999999999288289310e-01 9.999999999993380850e-01 9.999999999999960032e-01 1.000000000000000000e+00 1.000000000000000000e+00 1.000000000000000000e+00 1.000000000000000000e+00 1.000000000000000000e+00 1.000000000000000000e+00 1.000000000000000000e+00 1.000000000000000000e+00 1.000000000000000000e+00 1.000000000000000000e+00 1.000000000000000000e+00 1.000000000000000000e+00 1.000000000000000000e+00 1.000000000000000000e+00 1.000000000000000000e+00 1.000000000000000000e+00 1.000000000000000000e+00 1.000000000000000000e+00 1.000000000000000000e+00 1.000000000000000000e+00 1.000000000000000000e+00 1.000000000000000000e+00 1.000000000000000000e+00 1.000000000000000000e+00 1.000000000000000000e+00 1.000000000000000000e+00 1.000000000000000000e+00 1.000000000000000000e+00 1.000000000000000000e+00 1.000000000000000000e+00 1.000000000000000000e+00 1.000000000000000000e+00 1.000000000000000000e+00
2.804613315618930151e-214 1.621934093260081152e-206 6.724328448847188086e-199 1.998600708340589521e-191 4.258638778116438166e-184 6.505637200219122905e-177 7.125086967675945163e-170 5.594731584681751301e-163 3.149669874054873787e-156 1.271323188162133009e-149 3.679264997598070010e-143 7.634664716527974241e-137 1.135933666468749553e-130 1.211884160630377667e-124 9.270992352854723764e-119 5.085820590585668406e-113 2.000687442267486725e-107 5.644112068646476074e-102 1.141894939021542809e-96 1.656868698000539071e-91 1.724249955797455556e-86 1.287013023987910690e-81 6.890623011974672736e-77 2.646373731733040611e-72 7.291009082534756568e-68 1.441110052504683050e-63 2.043675617015324986e-59 2.079542291342285179e-55 1.518462606908459397e-51 7.957287683511308025e-48 2.992952891787330605e-44 8.080976507085349929e-41 1.566459849832671454e-37 2.180402884428992225e-34 2.179699725935073147e-31 1.565276552566531550e-28 8.076552484198191624e-26 2.995190595094621434e-23 7.986013741584241199e-21 1.531482019961332516e-18 2.113347163048508185e-16 2.099653702210068999e-14 1.502914027278093177e-12 7.756894734597946103e-11 2.889702331366446431e-09 7.780174668071576743e-08 1.516397238956439891e-06 2.144161797390904816e-05 2.205787402044695781e-04 1.657354953302360651e-03 9.144338564309500289e-03 3.733346998108486026e-02 1.140459589125494555e-01 2.649782898557164756e-01 4.797201263336908772e-01 7.006810397321293626e-01 8.651115639703413907e-01 9.535984181648320401e-01 9.880274539495661479e-01 9.977103316537472288e-01 9.996780814661234693e-01 9.999669156758217436e-01 9.999975247456951433e-01 9.999998655900329547e-01 9.999999947146085422e-01 9.999999998497524079e-01 9.999999999969164666e-01 9.999999999999543698e-01 9.999999999999995559e-01 1.000000000000000000e+00 1.000000000000000000e+00 1.000000000000000000e+00 1.000000000000000000e+00 1.000000000000000000e+00 1.000000000000000000e+00 1.000000000000000000e+00 1.000000000000000000e+00 1.000000000000000000e+00 1.000000000000000000e+00 1.000000000000000000e+00 1.000000000000000000e+00 1.000000000000000000e+00 1.000000000000000000e+00 1.000000000000000000e+00 1.000000000000000000e+00 1.000000000000000000e+00 1.000000000000000000e+00 1.000000000000000000e+00 1.000000000000000000e+00 1.000000000000000000e+00 1.000000000000000000e+00 1.000000000000000000e+00 1.000000000000000000e+00 1.000000000000000000e+00 1.000000000000000000e+00 1.000000000000000000e+00 1.000000000000000000e+00 1.000000000000000000e+00 1.000000000000000000e+00 1.000000000000000000e+00
3.458871780783860094e-179 1.017361746543633372e-172 2.268772737386125814e-166 3.836075031786831285e-160 4.917789087448880599e-154 4.780199064553995382e-148 3.523078458169940689e-142 1.968821305102362030e-136 8.342684368844946384e-131 2.680582871447310968e-125 6.531087706590008915e-120 1.206657988589174620e-114 1.690579018789837482e-109 1.796181808907287621e-104 1.447239385915019619e-99 8.843380438937045211e-95 4.098242524775717307e-90 1.440432886131703881e-85 3.839902641751014159e-81 7.764192557875697279e-77 1.190802709635481080e-72 1.385386363839199842e-68 1.222676404884566807e-64 8.186262333980405934e-61 4.158335672849543629e-57 1.602662304934121034e-53 4.686890940578584302e-50 1.040119176990583075e-46 1.751764321497776821e-43 2.239266714909293978e-40 2.172810481716568371e-37 1.600581874998915481e-34 8.952306336462449073e-32 3.802436206364494572e-29 1.226697017513816328e-26 3.006427108579266309e-24 5.598930709520078732e-22 7.925374386437099262e-20 8.529698544579032148e-18 6.982482582391489366e-16 4.349520146411627005e-14 2.062807375661406702e-12 7.453151063654875534e-11 2.053166577153011339e-09 4.316482200596784266e-08 6.933948008865581369e-07 8.523935065056184826e-06 8.034609030391304881e-05 5.822070334838807659e-04 3.254459091605340845e-03 1.409979712414744825e-02 4.765593999521751389e-02 1.268225772428456244e-01 2.692571498843149280e-01 4.647070086025345548e-01 6.692695117916280800e-01 8.325712873381273527e-01 9.320002337392230274e-01 9.781696766494941686e-01 9.945175163688322328e-01 9.989307534911486819e-01 9.998389043493101092e-01 9.999813218522108915e-01 9.999983381479258249e-01 9.999998867799451130e-01 9.999999941033574924e-01 9.999999997655389938e-01 9.999999999928899097e-01 9.999999999998356870e-01 9.999999999999971134e-01 1.000000000000000000e+00 1.000000000000000000e+00 1.000000000000000000e+00 1.000000000000000000e+00 1.000000000000000000e+00 1.000000000000000000e+00 1.000000000000000000e+00 1.000000000000000000e+00 1.000000000000000000e+00 1.000000000000000000e+00 1.000000000000000000e+00 1.000000000000000000e+00 1.000000000000000000e+00 1.000000000000000000e+00 1.000000000000000000e+00 1.000000000000000000e+00 1.000000000000000000e+00 1.000000000000000000e+00 1.000000000000000000e+00 1.000000000000000000e+00 1.000000000000000000e+00 1.000000000000000000e+00 1.000000000000000000e+00 1.000000000000000000e+00 1.000000000000000000e+00 1.000000000000000000e+00 1.000000000000000000e+00 1.000000000000000000e+00 1.000000000000000000e+00 1.000000000000000000e+00
