0.000000000000000000e+00
0.000000000000000000e+00
0.000000000000000000e+00
0.000000000000000000e+00
0.000000000000000000e+00
0.000000000000000000e+00
0.000000000000000000e+00
0.000000000000000000e+00
0.000000000000000000e+00
0.000000000000000000e+00
0.000000000000000000e+00
0.000000000000000000e+00
0.000000000000000000e+00
0.000000000000000000e+00
0.000000000000000000e+00
2.200000000000000112e-06
3.407329999999999783e-05
1.314160000000000035e-04
4.116279999999999831e-04
1.158958000000000080e-03
3.014025999999999945e-03
7.369556999999999670e-03
1.664402499999999979e-02
3.457720499999999975e-02
6.712227099999999724e-02
1.207530130000000063e-01
1.990747519999999937e-01
3.083568099999999812e-01
4.452068920000000207e-01
6.075885960000000363e-01
7.892002320000000015e-01
