0.000000000000000000e+00 0.000000000000000000e+00 0.000000000000000000e+00 0.000000000000000000e+00 0.000000000000000000e+00 0.000000000000000000e+00 0.000000000000000000e+00 0.000000000000000000e+00 0.000000000000000000e+00 0.000000000000000000e+00 0.000000000000000000e+00 0.000000000000000000e+00 0.000000000000000000e+00 0.000000000000000000e+00 0.000000000000000000e+00 0.000000000000000000e+00 0.000000000000000000e+00 0.000000000000000000e+00 0.000000000000000000e+00 0.000000000000000000e+00 0.000000000000000000e+00 0.000000000000000000e+00 0.000000000000000000e+00 0.000000000000000000e+00 0.000000000000000000e+00 0.000000000000000000e+00 0.000000000000000000e+00 0.000000000000000000e+00 0.000000000000000000e+00 0.000000000000000000e+00 0.000000000000000000e+00 0.000000000000000000e+00 0.000000000000000000e+00 0.000000000000000000e+00 0.000000000000000000e+00 0.000000000000000000e+00 0.000000000000000000e+00 0.000000000000000000e+00 0.000000000000000000e+00 0.000000000000000000e+00 0.000000000000000000e+00 0.000000000000000000e+00 0.000000000000000000e+00 0.000000000000000000e+00 0.000000000000000000e+00 0.000000000000000000e+00 0.000000000000000000e+00 4.939956555251185380e-206 1.180987942963634456e-85 6.161607648047766146e-18 9.934068418666909261e-01 1.000000000000000000e+00 1.000000000000000000e+00 1.000000000000000000e+00 1.000000000000000000e+00 1.000000000000000000e+00 1.000000000000000000e+00 1.000000000000000000e+00 1.000000000000000000e+00 1.000000000000000000e+00 1.000000000000000000e+00 1.000000000000000000e+00 1.000000000000000000e+00 1.000000000000000000e+00 1.000000000000000000e+00 1.000000000000000000e+00 1.000000000000000000e+00 1.000000000000000000e+00 1.000000000000000000e+00 1.000000000000000000e+00 1.000000000000000000e+00 1.000000000000000000e+00 1.000000000000000000e+00 1.000000000000000000e+00 1.000000000000000000e+00 1.000000000000000000e+00 1.000000000000000000e+00 1.000000000000000000e+00 1.000000000000000000e+00 1.000000000000000000e+00 1.000000000000000000e+00 1.000000000000000000e+00 1.000000000000000000e+00 1.000000000000000000e+00 1.000000000000000000e+00 1.000000000000000000e+00 1.000000000000000000e+00 1.000000000000000000e+00 1.000000000000000000e+00 1.000000000000000000e+00 1.000000000000000000e+00 1.000000000000000000e+00 1.000000000000000000e+00 1.000000000000000000e+00 1.000000000000000000e+00 1.000000000000000000e+00 1.000000000000000000e+00 1.000000000000000000e+00 1.000000000000000000e+00 1.000000000000000000e+00
0.000000000000000000e+00 0.000000000000000000e+00 0.000000000000000000e+00 0.000000000000000000e+00 0.000000000000000000e+00 0.000000000000000000e+00 0.000000000000000000e+00 0.000000000000000000e+00 0.000000000000000000e+00 0.000000000000000000e+00 0.000000000000000000e+00 0.000000000000000000e+00 0.000000000000000000e+00 0.000000000000000000e+00 0.000000000000000000e+00 0.000000000000000000e+00 0.000000000000000000e+00 0.000000000000000000e+00 0.000000000000000000e+00 0.000000000000000000e+00 0.000000000000000000e+00 0.000000000000000000e+00 0.000000000000000000e+00 0.000000000000000000e+00 0.000000000000000000e+00 0.000000000000000000e+00 0.000000000000000000e+00 0.000000000000000000e+00 0.000000000000000000e+00 0.000000000000000000e+00 0.000000000000000000e+00 0.000000000000000000e+00 0.000000000000000000e+00 0.000000000000000000e+00 0.000000000000000000e+00 0.000000000000000000e+00 0.000000000000000000e+00 0.000000000000000000e+00 0.000000000000000000e+00 0.000000000000000000e+00 0.000000000000000000e+00 0.000000000000000000e+00 0.000000000000000000e+00 0.000000000000000000e+00 0.000000000000000000e+00 0.000000000000000000e+00 0.000000000000000000e+00 2.759402734515714579e-215 9.577085530868964249e-89 4.709684605306249720e-18 9.972490836084439980e-01 1.000000000000000000e+00 1.000000000000000000e+00 1.000000000000000000e+00 1.000000000000000000e+00 1.000000000000000000e+00 1.000000000000000000e+00 1.000000000000000000e+00 1.000000000000000000e+00 1.000000000000000000e+00 1.000000000000000000e+00 1.000000000000000000e+00 1.000000000000000000e+00 1.000000000000000000e+00 1.000000000000000000e+00 1.000000000000000000e+00 1.000000000000000000e+00 1.000000000000000000e+00 1.000000000000000000e+00 1.000000000000000000e+00 1.000000000000000000e+00 1.000000000000000000e+00 1.000000000000000000e+00 1.000000000000000000e+00 1.000000000000000000e+00 1.000000000000000000e+00 1.000000000000000000e+00 1.000000000000000000e+00 1.000000000000000000e+00 1.000000000000000000e+00 1.000000000000000000e+00 1.000000000000000000e+00 1.000000000000000000e+00 1.000000000000000000e+00 1.000000000000000000e+00 1.000000000000000000e+00 1.000000000000000000e+00 1.000000000000000000e+00 1.000000000000000000e+00 1.000000000000000000e+00 1.000000000000000000e+00 1.000000000000000000e+00 1.000000000000000000e+00 1.000000000000000000e+00 1.000000000000000000e+00 1.000000000000000000e+00 1.000000000000000000e+00 1.000000000000000000e+00 1.000000000000000000e+00 1.000000000000000000e+00
0.000000000000000000e+00 0.000000000000000000e+00 0.000000000000000000e+00 0.000000000000000000e+00 0.000000000000000000e+00 0.000000000000000000e+00 0.000000000000000000e+00 0.000000000000000000e+00 0.000000000000000000e+00 0.000000000000000000e+00 0.000000000000000000e+00 0.000000000000000000e+00 0.000000000000000000e+00 0.000000000000000000e+00 0.000000000000000000e+00 0.000000000000000000e+00 0.000000000000000000e+00 0.000000000000000000e+00 0.000000000000000000e+00 0.000000000000000000e+00 0.000000000000000000e+00 0.000000000000000000e+00 0.000000000000000000e+00 0.000000000000000000e+00 0.000000000000000000e+00 0.000000000000000000e+00 0.000000000000000000e+00 0.000000000000000000e+00 0.000000000000000000e+00 0.000000000000000000e+00 0.000000000000000000e+00 0.000000000000000000e+00 0.000000000000000000e+00 0.000000000000000000e+00 0.000000000000000000e+00 0.000000000000000000e+00 0.000000000000000000e+00 0.000000000000000000e+00 0.000000000000000000e+00 0.000000000000000000e+00 0.000000000000000000e+00 0.000000000000000000e+00 0.000000000000000000e+00 0.000000000000000000e+00 0.000000000000000000e+00 0.000000000000000000e+00 0.000000000000000000e+00 2.478404826188777649e-225 7.135310864116014296e-92 5.396572676888999984e-18 9.992234403605586568e-01 1.000000000000000000e+00 1.000000000000000000e+00 1.000000000000000000e+00 1.000000000000000000e+00 1.000000000000000000e+00 1.000000000000000000e+00 1.000000000000000000e+00 1.000000000000000000e+00 1.000000000000000000e+00 1.000000000000000000e+00 1.000000000000000000e+00 1.000000000000000000e+00 1.000000000000000000e+00 1.000000000000000000e+00 1.000000000000000000e+00 1.000000000000000000e+00 1.000000000000000000e+00 1.000000000000000000e+00 1.000000000000000000e+00 1.000000000000000000e+00 1.000000000000000000e+00 1.000000000000000000e+00 1.000000000000000000e+00 1.000000000000000000e+00 1.000000000000000000e+00 1.000000000000000000e+00 1.000000000000000000e+00 1.000000000000000000e+00 1.000000000000000000e+00 1.000000000000000000e+00 1.000000000000000000e+00 1.000000000000000000e+00 1.000000000000000000e+00 1.000000000000000000e+00 1.000000000000000000e+00 1.000000000000000000e+00 1.000000000000000000e+00 1.000000000000000000e+00 1.000000000000000000e+00 1.000000000000000000e+00 1.000000000000000000e+00 1.000000000000000000e+00 1.000000000000000000e+00 1.000000000000000000e+00 1.000000000000000000e+00 1.000000000000000000e+00 1.000000000000000000e+00 1.000000000000000000e+00 1.000000000000000000e+00
0.000000000000000000e+00 0.000000000000000000e+00 0.000000000000000000e+00 0.000000000000000000e+00 0.000000000000000000e+00 0.000000000000000000e+00 0.000000000000000000e+00 0.000000000000000000e+00 0.000000000000000000e+00 0.000000000000000000e+00 0.000000000000000000e+00 0.000000000000000000e+00 0.000000000000000000e+00 0.000000000000000000e+00 0.000000000000000000e+00 0.000000000000000000e+00 0.000000000000000000e+00 0.000000000000000000e+00 0.000000000000000000e+00 0.000000000000000000e+00 0.000000000000000000e+00 0.000000000000000000e+00 0.000000000000000000e+00 0.000000000000000000e+00 0.000000000000000000e+00 0.000000000000000000e+00 0.000000000000000000e+00 0.000000000000000000e+00 0.000000000000000000e+00 0.000000000000000000e+00 0.000000000000000000e+00 0.000000000000000000e+00 0.000000000000000000e+00 0.000000000000000000e+00 0.000000000000000000e+00 0.000000000000000000e+00 0.000000000000000000e+00 0.000000000000000000e+00 0.000000000000000000e+00 0.000000000000000000e+00 0.000000000000000000e+00 0.000000000000000000e+00 0.000000000000000000e+00 0.000000000000000000e+00 0.000000000000000000e+00 0.000000000000000000e+00 0.000000000000000000e+00 1.231069807869384871e-234 2.886034961194773857e-94 1.561945692763618695e-17 9.998835152023226591e-01 1.000000000000000000e+00 1.000000000000000000e+00 1.000000000000000000e+00 1.000000000000000000e+00 1.000000000000000000e+00 1.000000000000000000e+00 1.000000000000000000e+00 1.000000000000000000e+00 1.000000000000000000e+00 1.000000000000000000e+00 1.000000000000000000e+00 1.000000000000000000e+00 1.000000000000000000e+00 1.000000000000000000e+00 1.000000000000000000e+00 1.000000000000000000e+00 1.000000000000000000e+00 1.000000000000000000e+00 1.000000000000000000e+00 1.000000000000000000e+00 1.000000000000000000e+00 1.000000000000000000e+00 1.000000000000000000e+00 1.000000000000000000e+00 1.000000000000000000e+00 1.000000000000000000e+00 1.000000000000000000e+00 1.000000000000000000e+00 1.000000000000000000e+00 1.000000000000000000e+00 1.000000000000000000e+00 1.000000000000000000e+00 1.000000000000000000e+00 1.000000000000000000e+00 1.000000000000000000e+00 1.000000000000000000e+00 1.000000000000000000e+00 1.000000000000000000e+00 1.000000000000000000e+00 1.000000000000000000e+00 1.000000000000000000e+00 1.000000000000000000e+00 1.000000000000000000e+00 1.000000000000000000e+00 1.000000000000000000e+00 1.000000000000000000e+00 1.000000000000000000e+00 1.000000000000000000e+00 1.000000000000000000e+00
0.000000000000000000e+00 0.000000000000000000e+00 0.000000000000000000e+00 0.000000000000000000e+00 0.000000000000000000e+00 0.000000000000000000e+00 0.000000000000000000e+00 0.000000000000000000e+00 0.000000000000000000e+00 0.000000000000000000e+00 0.000000000000000000e+00 0.000000000000000000e+00 0.000000000000000000e+00 0.000000000000000000e+00 0.000000000000000000e+00 0.000000000000000000e+00 0.000000000000000000e+00 0.000000000000000000e+00 0.000000000000000000e+00 0.000000000000000000e+00 0.000000000000000000e+00 0.000000000000000000e+00 0.000000000000000000e+00 0.000000000000000000e+00 0.000000000000000000e+00 0.000000000000000000e+00 0.000000000000000000e+00 0.000000000000000000e+00 0.000000000000000000e+00 0.000000000000000000e+00 0.000000000000000000e+00 0.000000000000000000e+00 0.000000000000000000e+00 0.000000000000000000e+00 0.000000000000000000e+00 0.000000000000000000e+00 0.000000000000000000e+00 0.000000000000000000e+00 0.000000000000000000e+00 0.000000000000000000e+00 0.000000000000000000e+00 0.000000000000000000e+00 0.000000000000000000e+00 0.000000000000000000e+00 0.000000000000000000e+00 0.000000000000000000e+00 0.000000000000000000e+00 1.477987095151305739e-238 6.871557365706704944e-94 3.164846202781593304e-16 9.999933840736343615e-01 1.000000000000000000e+00 1.000000000000000000e+00 1.000000000000000000e+00 1.000000000000000000e+00 1.000000000000000000e+00 1.000000000000000000e+00 1.000000000000000000e+00 1.000000000000000000e+00 1.000000000000000000e+00 1.000000000000000000e+00 1.000000000000000000e+00 1.000000000000000000e+00 1.000000000000000000e+00 1.000000000000000000e+00 1.000000000000000000e+00 1.000000000000000000e+00 1.000000000000000000e+00 1.000000000000000000e+00 1.000000000000000000e+00 1.000000000000000000e+00 1.000000000000000000e+00 1.000000000000000000e+00 1.000000000000000000e+00 1.000000000000000000e+00 1.000000000000000000e+00 1.000000000000000000e+00 1.000000000000000000e+00 1.000000000000000000e+00 1.000000000000000000e+00 1.000000000000000000e+00 1.000000000000000000e+00 1.000000000000000000e+00 1.000000000000000000e+00 1.000000000000000000e+00 1.000000000000000000e+00 1.000000000000000000e+00 1.000000000000000000e+00 1.000000000000000000e+00 1.000000000000000000e+00 1.000000000000000000e+00 1.000000000000000000e+00 1.000000000000000000e+00 1.000000000000000000e+00 1.000000000000000000e+00 1.000000000000000000e+00 1.000000000000000000e+00 1.000000000000000000e+00 1.000000000000000000e+00 1.000000000000000000e+00
0.000000000000000000e+00 0.000000000000000000e+00 0.000000000000000000e+00 0.000000000000000000e+00 0.000000000000000000e+00 0.000000000000000000e+00 0.000000000000000000e+00 0.000000000000000000e+00 0.000000000000000000e+00 0.000000000000000000e+00 0.000000000000000000e+00 0.000000000000000000e+00 0.000000000000000000e+00 0.000000000000000000e+00 0.000000000000000000e+00 0.000000000000000000e+00 0.000000000000000000e+00 0.000000000000000000e+00 0.000000000000000000e+00 0.000000000000000000e+00 0.000000000000000000e+00 0.000000000000000000e+00 0.000000000000000000e+00 0.000000000000000000e+00 0.000000000000000000e+00 0.000000000000000000e+00 0.000000000000000000e+00 0.000000000000000000e+00 0.000000000000000000e+00 0.000000000000000000e+00 0.000000000000000000e+00 0.000000000000000000e+00 0.000000000000000000e+00 0.000000000000000000e+00 0.000000000000000000e+00 0.000000000000000000e+00 0.000000000000000000e+00 0.000000000000000000e+00 0.000000000000000000e+00 0.000000000000000000e+00 0.000000000000000000e+00 0.000000000000000000e+00 0.000000000000000000e+00 0.000000000000000000e+00 0.000000000000000000e+00 0.000000000000000000e+00 0.000000000000000000e+00 2.672924683976173060e-228 2.306470885167215972e-87 1.250869462507894408e-13 9.999998628484505492e-01 1.000000000000000000e+00 1.000000000000000000e+00 1.000000000000000000e+00 1.000000000000000000e+00 1.000000000000000000e+00 1.000000000000000000e+00 1.000000000000000000e+00 1.000000000000000000e+00 1.000000000000000000e+00 1.000000000000000000e+00 1.000000000000000000e+00 1.000000000000000000e+00 1.000000000000000000e+00 1.000000000000000000e+00 1.000000000000000000e+00 1.000000000000000000e+00 1.000000000000000000e+00 1.000000000000000000e+00 1.000000000000000000e+00 1.000000000000000000e+00 1.000000000000000000e+00 1.000000000000000000e+00 1.000000000000000000e+00 1.000000000000000000e+00 1.000000000000000000e+00 1.000000000000000000e+00 1.000000000000000000e+00 1.000000000000000000e+00 1.000000000000000000e+00 1.000000000000000000e+00 1.000000000000000000e+00 1.000000000000000000e+00 1.000000000000000000e+00 1.000000000000000000e+00 1.000000000000000000e+00 1.000000000000000000e+00 1.000000000000000000e+00 1.000000000000000000e+00 1.000000000000000000e+00 1.000000000000000000e+00 1.000000000000000000e+00 1.000000000000000000e+00 1.000000000000000000e+00 1.000000000000000000e+00 1.000000000000000000e+00 1.000000000000000000e+00 1.000000000000000000e+00 1.000000000000000000e+00 1.000000000000000000e+00
0.000000000000000000e+00 0.000000000000000000e+00 0.000000000000000000e+00 0.000000000000000000e+00 0.000000000000000000e+00 0.000000000000000000e+00 0.000000000000000000e+00 0.000000000000000000e+00 0.000000000000000000e+00 0.000000000000000000e+00 0.000000000000000000e+00 0.000000000000000000e+00 0.000000000000000000e+00 0.000000000000000000e+00 0.000000000000000000e+00 0.000000000000000000e+00 0.000000000000000000e+00 0.000000000000000000e+00 0.000000000000000000e+00 0.000000000000000000e+00 0.000000000000000000e+00 0.000000000000000000e+00 0.000000000000000000e+00 0.000000000000000000e+00 0.000000000000000000e+00 0.000000000000000000e+00 0.000000000000000000e+00 0.000000000000000000e+00 0.000000000000000000e+00 0.000000000000000000e+00 0.000000000000000000e+00 0.000000000000000000e+00 0.000000000000000000e+00 0.000000000000000000e+00 0.000000000000000000e+00 0.000000000000000000e+00 0.000000000000000000e+00 0.000000000000000000e+00 0.000000000000000000e+00 0.000000000000000000e+00 0.000000000000000000e+00 0.000000000000000000e+00 0.000000000000000000e+00 0.000000000000000000e+00 0.000000000000000000e+00 0.000000000000000000e+00 0.000000000000000000e+00 5.535388650578476283e-195 8.627721995289878782e-72 1.033153637319792516e-09 9.999999981126099780e-01 1.000000000000000000e+00 1.000000000000000000e+00 1.000000000000000000e+00 1.000000000000000000e+00 1.000000000000000000e+00 1.000000000000000000e+00 1.000000000000000000e+00 1.000000000000000000e+00 1.000000000000000000e+00 1.000000000000000000e+00 1.000000000000000000e+00 1.000000000000000000e+00 1.000000000000000000e+00 1.000000000000000000e+00 1.000000000000000000e+00 1.000000000000000000e+00 1.000000000000000000e+00 1.000000000000000000e+00 1.000000000000000000e+00 1.000000000000000000e+00 1.000000000000000000e+00 1.000000000000000000e+00 1.000000000000000000e+00 1.000000000000000000e+00 1.000000000000000000e+00 1.000000000000000000e+00 1.000000000000000000e+00 1.000000000000000000e+00 1.000000000000000000e+00 1.000000000000000000e+00 1.000000000000000000e+00 1.000000000000000000e+00 1.000000000000000000e+00 1.000000000000000000e+00 1.000000000000000000e+00 1.000000000000000000e+00 1.000000000000000000e+00 1.000000000000000000e+00 1.000000000000000000e+00 1.000000000000000000e+00 1.000000000000000000e+00 1.000000000000000000e+00 1.000000000000000000e+00 1.000000000000000000e+00 1.000000000000000000e+00 1.000000000000000000e+00 1.000000000000000000e+00 1.000000000000000000e+00 1.000000000000000000e+00
0.000000000000000000e+00 0.000000000000000000e+00 0.000000000000000000e+00 0.000000000000000000e+00 0.000000000000000000e+00 0.000000000000000000e+00 0.000000000000000000e+00 0.000000000000000000e+00 0.000000000000000000e+00 0.000000000000000000e+00 0.000000000000000000e+00 0.000000000000000000e+00 0.000000000000000000e+00 0.000000000000000000e+00 0.000000000000000000e+00 0.000000000000000000e+00 0.000000000000000000e+00 0.000000000000000000e+00 0.000000000000000000e+00 0.000000000000000000e+00 0.000000000000000000e+00 0.000000000000000000e+00 0.000000000000000000e+00 0.000000000000000000e+00 0.000000000000000000e+00 0.000000000000000000e+00 0.000000000000000000e+00 0.000000000000000000e+00 0.000000000000000000e+00 0.000000000000000000e+00 0.000000000000000000e+00 0.000000000000000000e+00 0.000000000000000000e+00 0.000000000000000000e+00 0.000000000000000000e+00 0.000000000000000000e+00 0.000000000000000000e+00 0.000000000000000000e+00 0.000000000000000000e+00 0.000000000000000000e+00 0.000000000000000000e+00 0.000000000000000000e+00 0.000000000000000000e+00 0.000000000000000000e+00 0.000000000000000000e+00 0.000000000000000000e+00 3.984366710443889076e-282 1.704840020303514573e-141 2.344108230413401567e-49 1.694128528361980957e-05 9.999999999362866321e-01 1.000000000000000000e+00 1.000000000000000000e+00 1.000000000000000000e+00 1.000000000000000000e+00 1.000000000000000000e+00 1.000000000000000000e+00 1.000000000000000000e+00 1.000000000000000000e+00 1.000000000000000000e+00 1.000000000000000000e+00 1.000000000000000000e+00 1.000000000000000000e+00 1.000000000000000000e+00 1.000000000000000000e+00 1.000000000000000000e+00 1.000000000000000000e+00 1.000000000000000000e+00 1.000000000000000000e+00 1.000000000000000000e+00 1.000000000000000000e+00 1.000000000000000000e+00 1.000000000000000000e+00 1.000000000000000000e+00 1.000000000000000000e+00 1.000000000000000000e+00 1.000000000000000000e+00 1.000000000000000000e+00 1.000000000000000000e+00 1.000000000000000000e+00 1.000000000000000000e+00 1.000000000000000000e+00 1.000000000000000000e+00 1.000000000000000000e+00 1.000000000000000000e+00 1.000000000000000000e+00 1.000000000000000000e+00 1.000000000000000000e+00 1.000000000000000000e+00 1.000000000000000000e+00 1.000000000000000000e+00 1.000000000000000000e+00 1.000000000000000000e+00 1.000000000000000000e+00 1.000000000000000000e+00 1.000000000000000000e+00 1.000000000000000000e+00 1.000000000000000000e+00 1.000000000000000000e+00 1.000000000000000000e+00
0.000000000000000000e+00 0.000000000000000000e+00 0.000000000000000000e+00 0.000000000000000000e+00 0.000000000000000000e+00 0.000000000000000000e+00 0.000000000000000000e+00 0.000000000000000000e+00 0.000000000000000000e+00 0.000000000000000000e+00 0.000000000000000000e+00 0.000000000000000000e+00 0.000000000000000000e+00 0.000000000000000000e+00 0.000000000000000000e+00 0.000000000000000000e+00 0.000000000000000000e+00 0.000000000000000000e+00 0.000000000000000000e+00 0.000000000000000000e+00 0.000000000000000000e+00 0.000000000000000000e+00 0.000000000000000000e+00 0.000000000000000000e+00 0.000000000000000000e+00 0.000000000000000000e+00 0.000000000000000000e+00 0.000000000000000000e+00 0.000000000000000000e+00 0.000000000000000000e+00 0.000000000000000000e+00 0.000000000000000000e+00 0.000000000000000000e+00 0.000000000000000000e+00 0.000000000000000000e+00 0.000000000000000000e+00 0.000000000000000000e+00 0.000000000000000000e+00 0.000000000000000000e+00 0.000000000000000000e+00 0.000000000000000000e+00 0.000000000000000000e+00 0.000000000000000000e+00 0.000000000000000000e+00 0.000000000000000000e+00 5.988771914245074876e-302 1.884532554442716784e-177 4.021679624682911848e-86 6.548258302267604906e-28 1.603623050546918241e-02 9.999999999796292949e-01 1.000000000000000000e+00 1.000000000000000000e+00 1.000000000000000000e+00 1.000000000000000000e+00 1.000000000000000000e+00 1.000000000000000000e+00 1.000000000000000000e+00 1.000000000000000000e+00 1.000000000000000000e+00 1.000000000000000000e+00 1.000000000000000000e+00 1.000000000000000000e+00 1.000000000000000000e+00 1.000000000000000000e+00 1.000000000000000000e+00 1.000000000000000000e+00 1.000000000000000000e+00 1.000000000000000000e+00 1.000000000000000000e+00 1.000000000000000000e+00 1.000000000000000000e+00 1.000000000000000000e+00 1.000000000000000000e+00 1.000000000000000000e+00 1.000000000000000000e+00 1.000000000000000000e+00 1.000000000000000000e+00 1.000000000000000000e+00 1.000000000000000000e+00 1.000000000000000000e+00 1.000000000000000000e+00 1.000000000000000000e+00 1.000000000000000000e+00 1.000000000000000000e+00 1.000000000000000000e+00 1.000000000000000000e+00 1.000000000000000000e+00 1.000000000000000000e+00 1.000000000000000000e+00 1.000000000000000000e+00 1.000000000000000000e+00 1.000000000000000000e+00 1.000000000000000000e+00 1.000000000000000000e+00 1.000000000000000000e+00 1.000000000000000000e+00 1.000000000000000000e+00 1.000000000000000000e+00 1.000000000000000000e+00
0.000000000000000000e+00 0.000000000000000000e+00 0.000000000000000000e+00 0.000000000000000000e+00 0.000000000000000000e+00 0.000000000000000000e+00 0.000000000000000000e+00 0.000000000000000000e+00 0.000000000000000000e+00 0.000000000000000000e+00 0.000000000000000000e+00 0.000000000000000000e+00 0.000000000000000000e+00 0.000000000000000000e+00 0.000000000000000000e+00 0.000000000000000000e+00 0.000000000000000000e+00 0.000000000000000000e+00 0.000000000000000000e+00 0.000000000000000000e+00 0.000000000000000000e+00 0.000000000000000000e+00 0.000000000000000000e+00 0.000000000000000000e+00 0.000000000000000000e+00 0.000000000000000000e+00 0.000000000000000000e+00 0.000000000000000000e+00 0.000000000000000000e+00 0.000000000000000000e+00 0.000000000000000000e+00 0.000000000000000000e+00 0.000000000000000000e+00 0.000000000000000000e+00 0.000000000000000000e+00 0.000000000000000000e+00 0.000000000000000000e+00 0.000000000000000000e+00 0.000000000000000000e+00 0.000000000000000000e+00 0.000000000000000000e+00 0.000000000000000000e+00 0.000000000000000000e+00 0.000000000000000000e+00 8.493555782768495718e-249 1.106404767679949207e-160 6.159483398810815975e-92 1.540747366686744425e-42 2.014137056568910696e-12 4.000469036571150383e-01 9.999999999360864589e-01 1.000000000000000000e+00 1.000000000000000000e+00 1.000000000000000000e+00 1.000000000000000000e+00 1.000000000000000000e+00 1.000000000000000000e+00 1.000000000000000000e+00 1.000000000000000000e+00 1.000000000000000000e+00 1.000000000000000000e+00 1.000000000000000000e+00 1.000000000000000000e+00 1.000000000000000000e+00 1.000000000000000000e+00 1.000000000000000000e+00 1.000000000000000000e+00 1.000000000000000000e+00 1.000000000000000000e+00 1.000000000000000000e+00 1.000000000000000000e+00 1.000000000000000000e+00 1.000000000000000000e+00 1.000000000000000000e+00 1.000000000000000000e+00 1.000000000000000000e+00 1.000000000000000000e+00 1.000000000000000000e+00 1.000000000000000000e+00 1.000000000000000000e+00 1.000000000000000000e+00 1.000000000000000000e+00 1.000000000000000000e+00 1.000000000000000000e+00 1.000000000000000000e+00 1.000000000000000000e+00 1.000000000000000000e+00 1.000000000000000000e+00 1.000000000000000000e+00 1.000000000000000000e+00 1.000000000000000000e+00 1.000000000000000000e+00 1.000000000000000000e+00 1.000000000000000000e+00 1.000000000000000000e+00 1.000000000000000000e+00 1.000000000000000000e+00 1.000000000000000000e+00 1.000000000000000000e+00 1.000000000000000000e+00
0.000000000000000000e+00 0.000000000000000000e+00 0.000000000000000000e+00 0.000000000000000000e+00 0.000000000000000000e+00 0.000000000000000000e+00 0.000000000000000000e+00 0.000000000000000000e+00 0.000000000000000000e+00 0.000000000000000000e+00 0.000000000000000000e+00 0.000000000000000000e+00 0.000000000000000000e+00 0.000000000000000000e+00 0.000000000000000000e+00 0.000000000000000000e+00 0.000000000000000000e+00 0.000000000000000000e+00 0.000000000000000000e+00 0.000000000000000000e+00 0.000000000000000000e+00 0.000000000000000000e+00 0.000000000000000000e+00 0.000000000000000000e+00 0.000000000000000000e+00 0.000000000000000000e+00 0.000000000000000000e+00 0.000000000000000000e+00 0.000000000000000000e+00 0.000000000000000000e+00 0.000000000000000000e+00 0.000000000000000000e+00 0.000000000000000000e+00 0.000000000000000000e+00 0.000000000000000000e+00 0.000000000000000000e+00 0.000000000000000000e+00 0.000000000000000000e+00 0.000000000000000000e+00 0.000000000000000000e+00 0.000000000000000000e+00 0.000000000000000000e+00 4.723791106632242480e-247 6.156288133538600296e-180 1.553469268688151070e-123 7.699633175986910659e-78 7.705421393823403082e-43 1.660343280128363674e-18 9.565957284768645500e-05 8.924224061774751471e-01 9.999999997337919444e-01 1.000000000000000000e+00 1.000000000000000000e+00 1.000000000000000000e+00 1.000000000000000000e+00 1.000000000000000000e+00 1.000000000000000000e+00 1.000000000000000000e+00 1.000000000000000000e+00 1.000000000000000000e+00 1.000000000000000000e+00 1.000000000000000000e+00 1.000000000000000000e+00 1.000000000000000000e+00 1.000000000000000000e+00 1.000000000000000000e+00 1.000000000000000000e+00 1.000000000000000000e+00 1.000000000000000000e+00 1.000000000000000000e+00 1.000000000000000000e+00 1.000000000000000000e+00 1.000000000000000000e+00 1.000000000000000000e+00 1.000000000000000000e+00 1.000000000000000000e+00 1.000000000000000000e+00 1.000000000000000000e+00 1.000000000000000000e+00 1.000000000000000000e+00 1.000000000000000000e+00 1.000000000000000000e+00 1.000000000000000000e+00 1.000000000000000000e+00 1.000000000000000000e+00 1.000000000000000000e+00 1.000000000000000000e+00 1.000000000000000000e+00 1.000000000000000000e+00 1.000000000000000000e+00 1.000000000000000000e+00 1.000000000000000000e+00 1.000000000000000000e+00 1.000000000000000000e+00 1.000000000000000000e+00 1.000000000000000000e+00 1.000000000000000000e+00 1.000000000000000000e+00 1.000000000000000000e+00 1.000000000000000000e+00
0.000000000000000000e+00 0.000000000000000000e+00 0.000000000000000000e+00 0.000000000000000000e+00 0.000000000000000000e+00 0.000000000000000000e+00 0.000000000000000000e+00 0.000000000000000000e+00 0.000000000000000000e+00 0.000000000000000000e+00 0.000000000000000000e+00 0.000000000000000000e+00 0.000000000000000000e+00 0.000000000000000000e+00 0.000000000000000000e+00 0.000000000000000000e+00 0.000000000000000000e+00 0.000000000000000000e+00 0.000000000000000000e+00 0.000000000000000000e+00 0.000000000000000000e+00 0.000000000000000000e+00 0.000000000000000000e+00 0.000000000000000000e+00 0.000000000000000000e+00 0.000000000000000000e+00 0.000000000000000000e+00 0.000000000000000000e+00 0.000000000000000000e+00 0.000000000000000000e+00 0.000000000000000000e+00 0.000000000000000000e+00 0.000000000000000000e+00 0.000000000000000000e+00 0.000000000000000000e+00 0.000000000000000000e+00 0.000000000000000000e+00 0.000000000000000000e+00 5.340785044646138029e-303 9.518616990790575403e-248 4.284509142265516346e-198 4.884805939999420069e-154 1.416517823379438430e-115 1.051370165033203164e-82 2.017667604529972037e-55 1.019250175782451171e-33 1.405374687968591566e-17 5.797138255608910292e-07 1.019133646119316089e-01 9.898565626936979278e-01 9.999999983175131835e-01 1.000000000000000000e+00 1.000000000000000000e+00 1.000000000000000000e+00 1.000000000000000000e+00 1.000000000000000000e+00 1.000000000000000000e+00 1.000000000000000000e+00 1.000000000000000000e+00 1.000000000000000000e+00 1.000000000000000000e+00 1.000000000000000000e+00 1.000000000000000000e+00 1.000000000000000000e+00 1.000000000000000000e+00 1.000000000000000000e+00 1.000000000000000000e+00 1.000000000000000000e+00 1.000000000000000000e+00 1.000000000000000000e+00 1.000000000000000000e+00 1.000000000000000000e+00 1.000000000000000000e+00 1.000000000000000000e+00 1.000000000000000000e+00 1.000000000000000000e+00 1.000000000000000000e+00 1.000000000000000000e+00 1.000000000000000000e+00 1.000000000000000000e+00 1.000000000000000000e+00 1.000000000000000000e+00 1.000000000000000000e+00 1.000000000000000000e+00 1.000000000000000000e+00 1.000000000000000000e+00 1.000000000000000000e+00 1.000000000000000000e+00 1.000000000000000000e+00 1.000000000000000000e+00 1.000000000000000000e+00 1.000000000000000000e+00 1.000000000000000000e+00 1.000000000000000000e+00 1.000000000000000000e+00 1.000000000000000000e+00 1.000000000000000000e+00 1.000000000000000000e+00 1.000000000000000000e+00 1.000000000000000000e+00
0.000000000000000000e+00 0.000000000000000000e+00 0.000000000000000000e+00 0.000000000000000000e+00 0.000000000000000000e+00 0.000000000000000000e+00 0.000000000000000000e+00 0.000000000000000000e+00 0.000000000000000000e+00 0.000000000000000000e+00 0.000000000000000000e+00 0.000000000000000000e+00 0.000000000000000000e+00 0.000000000000000000e+00 0.000000000000000000e+00 0.000000000000000000e+00 0.000000000000000000e+00 0.000000000000000000e+00 0.000000000000000000e+00 0.000000000000000000e+00 0.000000000000000000e+00 0.000000000000000000e+00 0.000000000000000000e+00 0.000000000000000000e+00 0.000000000000000000e+00 0.000000000000000000e+00 0.000000000000000000e+00 0.000000000000000000e+00 0.000000000000000000e+00 0.000000000000000000e+00 0.000000000000000000e+00 0.000000000000000000e+00 0.000000000000000000e+00 0.000000000000000000e+00 1.371593297330474140e-282 1.477240166144964486e-243 1.904729894434660061e-207 2.943296958834735673e-174 5.458183508115417830e-144 1.216914593908547056e-116 3.269895948316573918e-92 1.062583181788917512e-70 4.196964295249840828e-52 2.030674919744098145e-36 1.219363941386982996e-23 9.308598344123284579e-14 9.517794538161925217e-07 1.506275638611173813e-02 6.651390697560848331e-01 9.987423541611238909e-01 9.999999902546308217e-01 9.999999999999998890e-01 1.000000000000000000e+00 1.000000000000000000e+00 1.000000000000000000e+00 1.000000000000000000e+00 1.000000000000000000e+00 1.000000000000000000e+00 1.000000000000000000e+00 1.000000000000000000e+00 1.000000000000000000e+00 1.000000000000000000e+00 1.000000000000000000e+00 1.000000000000000000e+00 1.000000000000000000e+00 1.000000000000000000e+00 1.000000000000000000e+00 1.000000000000000000e+00 1.000000000000000000e+00 1.000000000000000000e+00 1.000000000000000000e+00 1.000000000000000000e+00 1.000000000000000000e+00 1.000000000000000000e+00 1.000000000000000000e+00 1.000000000000000000e+00 1.000000000000000000e+00 1.000000000000000000e+00 1.000000000000000000e+00 1.000000000000000000e+00 1.000000000000000000e+00 1.000000000000000000e+00 1.000000000000000000e+00 1.000000000000000000e+00 1.000000000000000000e+00 1.000000000000000000e+00 1.000000000000000000e+00 1.000000000000000000e+00 1.000000000000000000e+00 1.000000000000000000e+00 1.000000000000000000e+00 1.000000000000000000e+00 1.000000000000000000e+00 1.000000000000000000e+00 1.000000000000000000e+00 1.000000000000000000e+00 1.000000000000000000e+00 1.000000000000000000e+00 1.000000000000000000e+00 1.000000000000000000e+00
0.000000000000000000e+00 0.000000000000000000e+00 0.000000000000000000e+00 0.000000000000000000e+00 0.000000000000000000e+00 0.000000000000000000e+00 0.000000000000000000e+00 0.000000000000000000e+00 0.000000000000000000e+00 0.000000000000000000e+00 0.000000000000000000e+00 0.000000000000000000e+00 0.000000000000000000e+00 0.000000000000000000e+00 0.000000000000000000e+00 0.000000000000000000e+00 0.000000000000000000e+00 0.000000000000000000e+00 0.000000000000000000e+00 0.000000000000000000e+00 0.000000000000000000e+00 0.000000000000000000e+00 0.000000000000000000e+00 0.000000000000000000e+00 0.000000000000000000e+00 0.000000000000000000e+00 0.000000000000000000e+00 5.239181245665478369e-304 8.931464355343336250e-275 4.952961804836692333e-247 8.937666878176418930e-221 5.249984641564640539e-196 1.004279233622881358e-172 6.259500004188199406e-151 1.272005485246024187e-130 8.434177425480042787e-112 1.826534297803553810e-94 1.293570177531622063e-78 3.000834270494748550e-64 2.285278854215035531e-51 5.730631639552029242e-40 4.752585491213982858e-30 1.312152707589327452e-21 1.218888476508364065e-14 3.880626989726100337e-09 4.391025259521927527e-05 1.920662446670551651e-02 4.133854083119505862e-01 9.487368637304287589e-01 9.997532873550472043e-01 9.999999524570626352e-01 9.999999999996699307e-01 1.000000000000000000e+00 1.000000000000000000e+00 1.000000000000000000e+00 1.000000000000000000e+00 1.000000000000000000e+00 1.000000000000000000e+00 1.000000000000000000e+00 1.000000000000000000e+00 1.000000000000000000e+00 1.000000000000000000e+00 1.000000000000000000e+00 1.000000000000000000e+00 1.000000000000000000e+00 1.000000000000000000e+00 1.000000000000000000e+00 1.000000000000000000e+00 1.000000000000000000e+00 1.000000000000000000e+00 1.000000000000000000e+00 1.000000000000000000e+00 1.000000000000000000e+00 1.000000000000000000e+00 1.000000000000000000e+00 1.000000000000000000e+00 1.000000000000000000e+00 1.000000000000000000e+00 1.000000000000000000e+00 1.000000000000000000e+00 1.000000000000000000e+00 1.000000000000000000e+00 1.000000000000000000e+00 1.000000000000000000e+00 1.000000000000000000e+00 1.000000000000000000e+00 1.000000000000000000e+00 1.000000000000000000e+00 1.000000000000000000e+00 1.000000000000000000e+00 1.000000000000000000e+00 1.000000000000000000e+00 1.000000000000000000e+00 1.000000000000000000e+00 1.000000000000000000e+00 1.000000000000000000e+00 1.000000000000000000e+00 1.000000000000000000e+00 1.000000000000000000e+00 1.000000000000000000e+00
0.000000000000000000e+00 0.000000000000000000e+00 0.000000000000000000e+00 0.000000000000000000e+00 0.000000000000000000e+00 0.000000000000000000e+00 0.000000000000000000e+00 0.000000000000000000e+00 0.000000000000000000e+00 0.000000000000000000e+00 0.000000000000000000e+00 0.000000000000000000e+00 0.000000000000000000e+00 0.000000000000000000e+00 0.000000000000000000e+00 0.000000000000000000e+00 0.000000000000000000e+00 1.411690092037526108e-314 1.467236171252479406e-293 2.830172993063335926e-273 1.013255215166345460e-253 6.733842309896315709e-235 8.307991736577299192e-217 1.903160275570073977e-199 8.095907559430333659e-183 6.396466451873963959e-167 9.388219259261343206e-152 2.560304472279557252e-137 1.297709356798861078e-123 1.222845519364114737e-110 2.143029744115575574e-98 6.987636995985494636e-87 4.241288446232049034e-76 4.795099136664919258e-66 1.010551042956999533e-56 3.973656850537461265e-48 2.918877872913683926e-40 4.011550750958788115e-33 1.033664542554145014e-26 5.007820887995644341e-21 4.579963290068332094e-16 7.954117628315246474e-12 2.647553529062046742e-08 1.715104032781474919e-05 2.223438603742288258e-03 6.101234324125931474e-02 4.020390521919724458e-01 8.531835380563674853e-01 9.905739674421257801e-01 9.998671858807558488e-01 9.999996192015803143e-01 9.999999997856701128e-01 9.999999999999766853e-01 1.000000000000000000e+00 1.000000000000000000e+00 1.000000000000000000e+00 1.000000000000000000e+00 1.000000000000000000e+00 1.000000000000000000e+00 1.000000000000000000e+00 1.000000000000000000e+00 1.000000000000000000e+00 1.000000000000000000e+00 1.000000000000000000e+00 1.000000000000000000e+00 1.000000000000000000e+00 1.000000000000000000e+00 1.000000000000000000e+00 1.000000000000000000e+00 1.000000000000000000e+00 1.000000000000000000e+00 1.000000000000000000e+00 1.000000000000000000e+00 1.000000000000000000e+00 1.000000000000000000e+00 1.000000000000000000e+00 1.000000000000000000e+00 1.000000000000000000e+00 1.000000000000000000e+00 1.000000000000000000e+00 1.000000000000000000e+00 1.000000000000000000e+00 1.000000000000000000e+00 1.000000000000000000e+00 1.000000000000000000e+00 1.000000000000000000e+00 1.000000000000000000e+00 1.000000000000000000e+00 1.000000000000000000e+00 1.000000000000000000e+00 1.000000000000000000e+00 1.000000000000000000e+00 1.000000000000000000e+00 1.000000000000000000e+00 1.000000000000000000e+00 1.000000000000000000e+00 1.000000000000000000e+00 1.000000000000000000e+00 1.000000000000000000e+00 1.000000000000000000e+00
0.000000000000000000e+00 0.000000000000000000e+00 0.000000000000000000e+00 0.000000000000000000e+00 0.000000000000000000e+00 0.000000000000000000e+00 1.368516833414820959e-308 4.238779562921481322e-293 5.207329246678319987e-278 2.537400848935576966e-263 4.904340882517338208e-249 3.760182788939180345e-235 1.143654728178539776e-221 1.379943820909401947e-208 6.605921110198974472e-196 1.254695365038623659e-183 9.455975436070181767e-172 2.827944301804325454e-160 3.356361909672599229e-149 1.581033993004023883e-138 2.956201075199776044e-128 2.194312410494401632e-118 6.466846096334417418e-109 7.568008521975761022e-100 3.517548873013122059e-91 6.494612079678054731e-83 4.764515807946270535e-75 1.389153587084742659e-67 1.610201079199892266e-60 7.422738244318302558e-54 1.361405220738932063e-47 9.939668582670228358e-42 2.890593236561717076e-36 3.350917235828534531e-31 1.549940117733219989e-26 2.863941689951755010e-22 2.117328453342422558e-18 6.275983149747038436e-15 7.479264891912535781e-12 3.597653236040610496e-09 7.024764457739620051e-07 5.616223453275884350e-05 1.864031632155159750e-03 2.629338992678877454e-02 1.644583709532489446e-01 4.942963221712906585e-01 8.283597052748916667e-01 9.719143203377870188e-01 9.979586771358470720e-01 9.999368862753892362e-01 9.999991894846531615e-01 9.999999957367763370e-01 9.999999999908955051e-01 9.999999999999922284e-01 1.000000000000000000e+00 1.000000000000000000e+00 1.000000000000000000e+00 1.000000000000000000e+00 1.000000000000000000e+00 1.000000000000000000e+00 1.000000000000000000e+00 1.000000000000000000e+00 1.000000000000000000e+00 1.000000000000000000e+00 1.000000000000000000e+00 1.000000000000000000e+00 1.000000000000000000e+00 1.000000000000000000e+00 1.000000000000000000e+00 1.000000000000000000e+00 1.000000000000000000e+00 1.000000000000000000e+00 1.000000000000000000e+00 1.000000000000000000e+00 1.000000000000000000e+00 1.000000000000000000e+00 1.000000000000000000e+00 1.000000000000000000e+00 1.000000000000000000e+00 1.000000000000000000e+00 1.000000000000000000e+00 1.000000000000000000e+00 1.000000000000000000e+00 1.000000000000000000e+00 1.000000000000000000e+00 1.000000000000000000e+00 1.000000000000000000e+00 1.000000000000000000e+00 1.000000000000000000e+00 1.000000000000000000e+00 1.000000000000000000e+00 1.000000000000000000e+00 1.000000000000000000e+00 1.000000000000000000e+00 1.000000000000000000e+00 1.000000000000000000e+00 1.000000000000000000e+00 1.000000000000000000e+00 1.000000000000000000e+00 1.000000000000000000e+00
1.133238812527455555e-220 8.391891051190350479e-211 3.677354631121512479e-201 9.535860118962479942e-192 1.463339700379767602e-182 1.328937435964085225e-173 7.142532229124945266e-165 2.271974760618178238e-156 4.277352090250662640e-148 4.766336318989221158e-140 3.143779576889232303e-132 1.227434975507642877e-124 2.836920299795894039e-117 3.881713198375819608e-110 3.144527102779307272e-103 1.508250815319803529e-96 4.283631210908065350e-90 7.204576895530641681e-84 7.176366823128613283e-78 4.233964679291973261e-72 1.479751010398968445e-66 3.063993425709315059e-61 3.759338918028864040e-56 2.733603029114508100e-51 1.178274455413642568e-46 3.011232687683622869e-42 4.563988925876921012e-38 4.103761301018944504e-34 2.189855239485861824e-30 6.937973666350381240e-27 1.305747480101877574e-23 1.460723583580450601e-20 9.720618081249437084e-18 3.851702534382717316e-15 9.098500001640733803e-13 1.283275163010714852e-10 1.082896861319243274e-08 5.482235999078383198e-07 1.671337970453252623e-05 3.084762988905169565e-04 3.473953084875415400e-03 2.415611528216162623e-02 1.056694048321422663e-01 2.997313424185940045e-01 5.790820953161199824e-01 8.223258156541464192e-01 9.504245595877218733e-01 9.911946529911128678e-01 9.990272307487679804e-01 9.999341189878330205e-01 9.999972903024894055e-01 9.999999327404187621e-01 9.999999989968688663e-01 9.999999999910387238e-01 9.999999999999521494e-01 9.999999999999997780e-01 1.000000000000000000e+00 1.000000000000000000e+00 1.000000000000000000e+00 1.000000000000000000e+00 1.000000000000000000e+00 1.000000000000000000e+00 1.000000000000000000e+00 1.000000000000000000e+00 1.000000000000000000e+00 1.000000000000000000e+00 1.000000000000000000e+00 1.000000000000000000e+00 1.000000000000000000e+00 1.000000000000000000e+00 1.000000000000000000e+00 1.000000000000000000e+00 1.000000000000000000e+00 1.000000000000000000e+00 1.000000000000000000e+00 1.000000000000000000e+00 1.000000000000000000e+00 1.000000000000000000e+00 1.000000000000000000e+00 1.000000000000000000e+00 1.000000000000000000e+00 1.000000000000000000e+00 1.000000000000000000e+00 1.000000000000000000e+00 1.000000000000000000e+00 1.000000000000000000e+00 1.000000000000000000e+00 1.000000000000000000e+00 1.000000000000000000e+00 1.000000000000000000e+00 1.000000000000000000e+00 1.000000000000000000e+00 1.000000000000000000e+00 1.000000000000000000e+00 1.000000000000000000e+00 1.000000000000000000e+00 1.000000000000000000e+00 1.000000000000000000e+00 1.000000000000000000e+00 1.000000000000000000e+00
2.698598905039556909e-123 1.363614855524226082e-117 5.024423754339946729e-112 1.350003224032191240e-106 2.645155482430381313e-101 3.779639629833661699e-96 3.938660219918412605e-91 2.993388315934611692e-86 1.659254487181604692e-81 6.708400602300467588e-77 1.978351881381057069e-72 4.255898569486404876e-68 6.678964831669816800e-64 7.646925575041017490e-60 6.387885023351288767e-56 3.893641921894997886e-52 1.731903794276868136e-48 5.622184206738623311e-45 1.332140201221309377e-41 2.304169928785714398e-38 2.909793125612728120e-35 2.683271035675034406e-32 1.807188988136452125e-29 8.891456268248191279e-27 3.196542814527444605e-24 8.399468231733548699e-22 1.613738612807539904e-19 2.267761172965217597e-17 2.332111336306449210e-15 1.756043180207338612e-13 9.688431404194342229e-12 3.919856941919877065e-10 1.164234369910243757e-08 2.541778247789410918e-07 4.085983942546691915e-06 4.847023781101211570e-05 4.255453835253203811e-04 2.776103923739452802e-03 1.353129639153193182e-02 4.966503591177368754e-02 1.388265641278251528e-01 3.004513463820236430e-01 5.157145860021552508e-01 7.263811358075472624e-01 8.778706713812177709e-01 9.579082453788511087e-01 9.889723867223747522e-01 9.978271919306522797e-01 9.996804134009646958e-01 9.999650941176951857e-01 9.999971796754278941e-01 9.999998318997236346e-01 9.999999926246125881e-01 9.999999997621848991e-01 9.999999999943717244e-01 9.999999999999023004e-01 9.999999999999987788e-01 1.000000000000000000e+00 1.000000000000000000e+00 1.000000000000000000e+00 1.000000000000000000e+00 1.000000000000000000e+00 1.000000000000000000e+00 1.000000000000000000e+00 1.000000000000000000e+00 1.000000000000000000e+00 1.000000000000000000e+00 1.000000000000000000e+00 1.000000000000000000e+00 1.000000000000000000e+00 1.000000000000000000e+00 1.000000000000000000e+00 1.000000000000000000e+00 1.000000000000000000e+00 1.000000000000000000e+00 1.000000000000000000e+00 1.000000000000000000e+00 1.000000000000000000e+00 1.000000000000000000e+00 1.000000000000000000e+00 1.000000000000000000e+00 1.000000000000000000e+00 1.000000000000000000e+00 1.000000000000000000e+00 1.000000000000000000e+00 1.000000000000000000e+00 1.000000000000000000e+00 1.000000000000000000e+00 1.000000000000000000e+00 1.000000000000000000e+00 1.000000000000000000e+00 1.000000000000000000e+00 1.000000000000000000e+00 1.000000000000000000e+00 1.000000000000000000e+00 1.000000000000000000e+00 1.000000000000000000e+00 1.000000000000000000e+00 1.000000000000000000e+00 1.000000000000000000e+00
5.216617851614616821e-73 1.620994905566141029e-69 4.115872825028679184e-66 8.539736928207471257e-63 1.447921530266490768e-59 2.006229350710126042e-56 2.271797505484715761e-53 2.102481605167835898e-50 1.590340754842921617e-47 9.832578487625161850e-45 4.969240428335775303e-42 2.052988897640728068e-39 6.934078005353898669e-37 1.914834220190818169e-34 4.323669759699438954e-32 7.983540968301450487e-30 1.205613429065515554e-27 1.489167513780532907e-25 1.504742261736076190e-23 1.244032363320771770e-21 8.416456616369644252e-20 4.660610809795413391e-18 2.112871693848668204e-16 7.843979487330322138e-15 2.385436520892850041e-13 5.944636422768582916e-12 1.214492496900725607e-10 2.035155264870009943e-09 2.798971144358826433e-08 3.161681973803352923e-07 2.935953203605044635e-06 2.243760955650915876e-05 1.413215460160579130e-04 7.348788824305753408e-04 3.162211658429025553e-03 1.129349636378881513e-02 3.360785727916699994e-02 8.377658018655548267e-02 1.761884940710744252e-01 3.156604735834345199e-01 4.881339065368148766e-01 6.628931001442607274e-01 8.079842198166529155e-01 9.066846511608939174e-01 9.616973922206795145e-01 9.868195247100961520e-01 9.962184101542799208e-01 9.990990939813626515e-01 9.998223341339246284e-01 9.999710651594504451e-01 9.999961155096617205e-01 9.999995707442975723e-01 9.999999609997353156e-01 9.999999970893815870e-01 9.999999998217046215e-01 9.999999999910409443e-01 9.999999999996309619e-01 9.999999999999875655e-01 9.999999999999996669e-01 1.000000000000000000e+00 1.000000000000000000e+00 1.000000000000000000e+00 1.000000000000000000e+00 1.000000000000000000e+00 1.000000000000000000e+00 1.000000000000000000e+00 1.000000000000000000e+00 1.000000000000000000e+00 1.000000000000000000e+00 1.000000000000000000e+00 1.000000000000000000e+00 1.000000000000000000e+00 1.000000000000000000e+00 1.000000000000000000e+00 1.000000000000000000e+00 1.000000000000000000e+00 1.000000000000000000e+00 1.000000000000000000e+00 1.000000000000000000e+00 1.000000000000000000e+00 1.000000000000000000e+00 1.000000000000000000e+00 1.000000000000000000e+00 1.000000000000000000e+00 1.000000000000000000e+00 1.000000000000000000e+00 1.000000000000000000e+00 1.000000000000000000e+00 1.000000000000000000e+00 1.000000000000000000e+00 1.000000000000000000e+00 1.000000000000000000e+00 1.000000000000000000e+00 1.000000000000000000e+00 1.000000000000000000e+00 1.000000000000000000e+00 1.000000000000000000e+00 1.000000000000000000e+00 1.000000000000000000e+00 1.000000000000000000e+00
5.953873093339946472e-52 2.226418775622963581e-49 7.126553581356987229e-47 1.952694208826574517e-44 4.580246483525204613e-42 9.197353188579501085e-40 1.581165986098417376e-37 2.327318065956946738e-35 2.933073429808742282e-33 3.165240422073036534e-31 2.925077847850274604e-29 2.314987200204983492e-27 1.569196047739638830e-25 9.110963336237242527e-24 4.531641387261854950e-22 1.931087289652007468e-20 7.051160219211228832e-19 2.206459366135346911e-17 5.918078866930596177e-16 1.360810764975333403e-14 2.683127798509319704e-13 4.537536085749762800e-12 6.583536358137410389e-11 8.197934717773734966e-10 8.764481237554032362e-09 8.048695445168913678e-08 6.352447671061061730e-07 4.311805604267088497e-06 2.518985763549455941e-05 1.267836029632155395e-04 5.504174272403229663e-04 2.064249380496602747e-03 6.700250053841325971e-03 1.886776881377574822e-02 4.623718830268824104e-02 9.900204323867278777e-02 1.861883396144404235e-01 3.096644085723626594e-01 4.595476862996684120e-01 6.154893085480492854e-01 7.545517779602642916e-01 8.608424802246537055e-01 9.304753657657209853e-01 9.695739969687775517e-01 9.883900719348369668e-01 9.961508846513194015e-01 9.988942561573531664e-01 9.997253463914985705e-01 9.999411124894503899e-01 9.999891160716813943e-01 9.999982677804714060e-01 9.999997628123380444e-01 9.999999720785452961e-01 9.999999971759070405e-01 9.999999997547011077e-01 9.999999999817104079e-01 9.999999999988298249e-01 9.999999999999358291e-01 9.999999999999970024e-01 9.999999999999998890e-01 1.000000000000000000e+00 1.000000000000000000e+00 1.000000000000000000e+00 1.000000000000000000e+00 1.000000000000000000e+00 1.000000000000000000e+00 1.000000000000000000e+00 1.000000000000000000e+00 1.000000000000000000e+00 1.000000000000000000e+00 1.000000000000000000e+00 1.000000000000000000e+00 1.000000000000000000e+00 1.000000000000000000e+00 1.000000000000000000e+00 1.000000000000000000e+00 1.000000000000000000e+00 1.000000000000000000e+00 1.000000000000000000e+00 1.000000000000000000e+00 1.000000000000000000e+00 1.000000000000000000e+00 1.000000000000000000e+00 1.000000000000000000e+00 1.000000000000000000e+00 1.000000000000000000e+00 1.000000000000000000e+00 1.000000000000000000e+00 1.000000000000000000e+00 1.000000000000000000e+00 1.000000000000000000e+00 1.000000000000000000e+00 1.000000000000000000e+00 1.000000000000000000e+00 1.000000000000000000e+00 1.000000000000000000e+00 1.000000000000000000e+00 1.000000000000000000e+00 1.000000000000000000e+00 1.000000000000000000e+00
4.018317301068563365e-30 1.408848100227656688e-28 4.474912562163016730e-27 1.287729638433047354e-25 3.357419186259713597e-24 7.931403241945597866e-23 1.697786255940405934e-21 3.293303796554576159e-20 5.789303162418777235e-19 9.223577660997067713e-18 1.331948495480529250e-16 1.743534326493088635e-15 2.069060383918027244e-14 2.226204309694615348e-13 2.172008312097372247e-12 1.921873125429312751e-11 1.542498332339904584e-10 1.123157329977846835e-09 7.420997528264304870e-09 4.450331537979284732e-08 2.422972558103861604e-07 1.198026271601017218e-06 5.381498293073818612e-06 2.197063228318217612e-05 8.156422142644835103e-05 2.755046542495019971e-04 8.472912084296675304e-04 2.374504836534881667e-03 6.069970420339788203e-03 1.417108944284852998e-02 3.026012486770771406e-02 5.920865405517176938e-02 1.063971935075145453e-01 1.760858054900065472e-01 2.693261164717692946e-01 3.823481879534800787e-01 5.064680107864778513e-01 6.299596909823472757e-01 7.412744889516392766e-01 8.321791989702878034e-01 8.994361893906672734e-01 9.445183755688388860e-01 9.718954850548292557e-01 9.869575168612754190e-01 9.944649383735728598e-01 9.978549947839092660e-01 9.992418439771522110e-01 9.997558340720629211e-01 9.999284099878673615e-01 9.999809030620969708e-01 9.999953679948192509e-01 9.999989789274410512e-01 9.999997955223219881e-01 9.999999628137786756e-01 9.999999938605229621e-01 9.999999990800210181e-01 9.999999998749106167e-01 9.999999999845698984e-01 9.999999999982736032e-01 9.999999999998248068e-01 9.999999999999839018e-01 9.999999999999986677e-01 9.999999999999998890e-01 1.000000000000000000e+00 1.000000000000000000e+00 1.000000000000000000e+00 1.000000000000000000e+00 1.000000000000000000e+00 1.000000000000000000e+00 1.000000000000000000e+00 1.000000000000000000e+00 1.000000000000000000e+00 1.000000000000000000e+00 1.000000000000000000e+00 1.000000000000000000e+00 1.000000000000000000e+00 1.000000000000000000e+00 1.000000000000000000e+00 1.000000000000000000e+00 1.000000000000000000e+00 1.000000000000000000e+00 1.000000000000000000e+00 1.000000000000000000e+00 1.000000000000000000e+00 1.000000000000000000e+00 1.000000000000000000e+00 1.000000000000000000e+00 1.000000000000000000e+00 1.000000000000000000e+00 1.000000000000000000e+00 1.000000000000000000e+00 1.000000000000000000e+00 1.000000000000000000e+00 1.000000000000000000e+00 1.000000000000000000e+00 1.000000000000000000e+00 1.000000000000000000e+00 1.000000000000000000e+00 1.000000000000000000e+00 1.000000000000000000e+00
2.297706225438152323e-23 3.939272932710164235e-22 6.219194067775168142e-21 9.042123022333349904e-20 1.210733964385538417e-18 1.493120913041515332e-17 1.696045680479191198e-16 1.774628947028546547e-15 1.710563815031723287e-14 1.519044495096223852e-13 1.242919558081123689e-12 9.371374161103842175e-12 6.511828496936602754e-11 4.170612248514597992e-10 2.462400243575060473e-09 1.340455464052530889e-08 6.729201050672778717e-08 3.115915012453584373e-07 1.331145247958611296e-06 5.248139316691049808e-06 1.910144340736051691e-05 6.420531400930167367e-05 1.993927895730518288e-04 5.724052922384890562e-04 1.519899486737965807e-03 3.735532267126892396e-03 8.505206707057668888e-03 1.795779951409720576e-02 3.520369690745357716e-02 6.417009534792432468e-02 1.089597915668396866e-01 1.727182112860408680e-01 2.562734169670333184e-01 3.570794635985090615e-01 4.690431390356408214e-01 5.835273043821364025e-01 6.912957096701533022e-01 7.846888810045105078e-01 8.591991486309782378e-01 9.139251841280484623e-01 9.509291333983582728e-01 9.739635694188202297e-01 9.871638005300178431e-01 9.941278010910721274e-01 9.975100695705565457e-01 9.990223346743488664e-01 9.996448022848571924e-01 9.998806723459887635e-01 9.999629523366895256e-01 9.999893751457619162e-01 9.999971864748544714e-01 9.999993123111369231e-01 9.999998448989775301e-01 9.999999677296255163e-01 9.999999938075914141e-01 9.999999989042960280e-01 9.999999998212578678e-01 9.999999999731223888e-01 9.999999999962749797e-01 9.999999999995242694e-01 9.999999999999440448e-01 9.999999999999940048e-01 9.999999999999993339e-01 1.000000000000000000e+00 1.000000000000000000e+00 1.000000000000000000e+00 1.000000000000000000e+00 1.000000000000000000e+00 1.000000000000000000e+00 1.000000000000000000e+00 1.000000000000000000e+00 1.000000000000000000e+00 1.000000000000000000e+00 1.000000000000000000e+00 1.000000000000000000e+00 1.000000000000000000e+00 1.000000000000000000e+00 1.000000000000000000e+00 1.000000000000000000e+00 1.000000000000000000e+00 1.000000000000000000e+00 1.000000000000000000e+00 1.000000000000000000e+00 1.000000000000000000e+00 1.000000000000000000e+00 1.000000000000000000e+00 1.000000000000000000e+00 1.000000000000000000e+00 1.000000000000000000e+00 1.000000000000000000e+00 1.000000000000000000e+00 1.000000000000000000e+00 1.000000000000000000e+00 1.000000000000000000e+00 1.000000000000000000e+00 1.000000000000000000e+00 1.000000000000000000e+00 1.000000000000000000e+00 1.000000000000000000e+00 1.000000000000000000e+00
3.855238121431890468e-17 3.189394735510790176e-16 2.476257889475646636e-15 1.804420478484480025e-14 1.234126824174999620e-13 7.923011961538813204e-13 4.774856477563049518e-12 2.701493301928875328e-11 1.435021994173701905e-10 7.157572502738509318e-10 3.352520167230737502e-09 1.474777460542427332e-08 6.093795556646810160e-08 2.365479189482031732e-07 8.627631315719750977e-07 2.957233057675459002e-06 9.527783244697939330e-06 2.886114749434117325e-05 8.221824148654757367e-05 2.203383291222743459e-04 5.556914237290258010e-04 1.319403032307163914e-03 2.950721749002318400e-03 6.219092377588508920e-03 1.236105935888965127e-02 2.318705739344717465e-02 4.108541709406274278e-02 6.884058228732058138e-02 1.092107092279576142e-01 1.642867210959731428e-01 2.347643400824442894e-01 3.193558092326348463e-01 4.145890784283641217e-01 5.151519611283106315e-01 6.147552509893960959e-01 7.072882400199062003e-01 7.879200422075697263e-01 8.538226920881539783e-01 9.043453196770394609e-01 9.406744722284833271e-01 9.651769822578459834e-01 9.806776882597272316e-01 9.898753523233911888e-01 9.949943894004896761e-01 9.976666765573499740e-01 9.989751396724549926e-01 9.995760680234293538e-01 9.998349286730059404e-01 9.999395188130443257e-01 9.999791553769016295e-01 9.999932444015107169e-01 9.999979416616922023e-01 9.999994105409570899e-01 9.999998413694028976e-01 9.999999598912399090e-01 9.999999904733199996e-01 9.999999978746398899e-01 9.999999995546955400e-01 9.999999999123875272e-01 9.999999999838149467e-01 9.999999999971929121e-01 9.999999999995429212e-01 9.999999999999301670e-01 9.999999999999900080e-01 9.999999999999986677e-01 9.999999999999997780e-01 1.000000000000000000e+00 1.000000000000000000e+00 1.000000000000000000e+00 1.000000000000000000e+00 1.000000000000000000e+00 1.000000000000000000e+00 1.000000000000000000e+00 1.000000000000000000e+00 1.000000000000000000e+00 1.000000000000000000e+00 1.000000000000000000e+00 1.000000000000000000e+00 1.000000000000000000e+00 1.000000000000000000e+00 1.000000000000000000e+00 1.000000000000000000e+00 1.000000000000000000e+00 1.000000000000000000e+00 1.000000000000000000e+00 1.000000000000000000e+00 1.000000000000000000e+00 1.000000000000000000e+00 1.000000000000000000e+00 1.000000000000000000e+00 1.000000000000000000e+00 1.000000000000000000e+00 1.000000000000000000e+00 1.000000000000000000e+00 1.000000000000000000e+00 1.000000000000000000e+00 1.000000000000000000e+00 1.000000000000000000e+00 1.000000000000000000e+00 1.000000000000000000e+00
8.532889493847539170e-14 4.849293340279175132e-13 2.610047071554394606e-12 1.330552913543975488e-11 6.424786666831969084e-11 2.938729381194980447e-10 1.273413544269404742e-09 5.227890444269777822e-09 2.033633781877863713e-08 7.496436765563938425e-08 2.618934356565589454e-07 8.672404631331010244e-07 2.722475360555363253e-06 8.103449872648831325e-06 2.287381058094153314e-05 6.124364945242136279e-05 1.555754451524063377e-04 3.750559738052742717e-04 8.583419045216223028e-04 1.865466092228515059e-03 3.851712163570780376e-03 7.558985675195732494e-03 1.410758061474807687e-02 2.505505382626618122e-02 4.237522682612082647e-02 6.830886265848834515e-02 1.050580451910745894e-01 1.543419671983050911e-01 2.168932647496738531e-01 2.920280436248999800e-01 3.774401519876436351e-01 4.693308797029557833e-01 5.628925147750220015e-01 6.530491696405680280e-01 7.352680631623336183e-01 8.062289871208285774e-01 8.641906185200298740e-01 9.089965511307167567e-01 9.417761675024913792e-01 9.644719649224827718e-01 9.793436451153008093e-01 9.885661179548643762e-01 9.939787337498000586e-01 9.969850811560510007e-01 9.985653934840593715e-01 9.993515664535425058e-01 9.997217049804388855e-01 9.998866279098145293e-01 9.999561732252033597e-01 9.999839271441484101e-01 9.999944092808008556e-01 9.999981559369018891e-01 9.999994233137787791e-01 9.999998290418474767e-01 9.999999519642455148e-01 9.999999872088821684e-01 9.999999967724604311e-01 9.999999992283703509e-01 9.999999998252249167e-01 9.999999999624986646e-01 9.999999999923778748e-01 9.999999999985326182e-01 9.999999999997324363e-01 9.999999999999538147e-01 9.999999999999924505e-01 9.999999999999988898e-01 9.999999999999997780e-01 1.000000000000000000e+00 1.000000000000000000e+00 1.000000000000000000e+00 1.000000000000000000e+00 1.000000000000000000e+00 1.000000000000000000e+00 1.000000000000000000e+00 1.000000000000000000e+00 1.000000000000000000e+00 1.000000000000000000e+00 1.000000000000000000e+00 1.000000000000000000e+00 1.000000000000000000e+00 1.000000000000000000e+00 1.000000000000000000e+00 1.000000000000000000e+00 1.000000000000000000e+00 1.000000000000000000e+00 1.000000000000000000e+00 1.000000000000000000e+00 1.000000000000000000e+00 1.000000000000000000e+00 1.000000000000000000e+00 1.000000000000000000e+00 1.000000000000000000e+00 1.000000000000000000e+00 1.000000000000000000e+00 1.000000000000000000e+00 1.000000000000000000e+00 1.000000000000000000e+00 1.000000000000000000e+00 1.000000000000000000e+00 1.000000000000000000e+00
3.621190887327238098e-14 2.108802776140968627e-13 1.163176503204716501e-12 6.077228939830919981e-12 3.007761604446199326e-11 1.410227448500420773e-10 6.264347807564251034e-10 2.636572954953594502e-09 1.051528250692294842e-08 3.974326225991496962e-08 1.423693401049877337e-07 4.834307377955204352e-07 1.556243569827034070e-06 4.750226105861222442e-06 1.375056589680752994e-05 3.775567283951011404e-05 9.835493121590987119e-05 2.431488843651238537e-04 5.706052920439108264e-04 1.271539062142636439e-03 2.691646955935269540e-03 5.414893607810039762e-03 1.035770772451172390e-02 1.884919170307592165e-02 3.265669796837383093e-02 5.390721652993545054e-02 8.486334949201300437e-02 1.275455683886355385e-01 1.832475419207771905e-01 2.520521691262680442e-01 3.324951782051355220e-01 4.215141681102140270e-01 5.147538474233920303e-01 6.071901707707307860e-01 6.939279567977425511e-01 7.709646692568115078e-01 8.357252621331457965e-01 8.872537564268979660e-01 9.260605276958044918e-01 9.537229890604238536e-01 9.723866646239338607e-01 9.843052947410815268e-01 9.915093668068220012e-01 9.956308354062156640e-01 9.978625972618468953e-01 9.990064371870375215e-01 9.995613232346213239e-01 9.998161019174840458e-01 9.999268261425255933e-01 9.999723712790217212e-01 9.999901033987709242e-01 9.999966376835234261e-01 9.999989167324472294e-01 9.999996690944312761e-01 9.999999041751597151e-01 9.999999736973691489e-01 9.999999931575017653e-01 9.999999983131471204e-01 9.999999996059567575e-01 9.999999999127879846e-01 9.999999999817131835e-01 9.999999999963675723e-01 9.999999999993165467e-01 9.999999999998782085e-01 9.999999999999794609e-01 9.999999999999966693e-01 9.999999999999995559e-01 1.000000000000000000e+00 1.000000000000000000e+00 1.000000000000000000e+00 1.000000000000000000e+00 1.000000000000000000e+00 1.000000000000000000e+00 1.000000000000000000e+00 1.000000000000000000e+00 1.000000000000000000e+00 1.000000000000000000e+00 1.000000000000000000e+00 1.000000000000000000e+00 1.000000000000000000e+00 1.000000000000000000e+00 1.000000000000000000e+00 1.000000000000000000e+00 1.000000000000000000e+00 1.000000000000000000e+00 1.000000000000000000e+00 1.000000000000000000e+00 1.000000000000000000e+00 1.000000000000000000e+00 1.000000000000000000e+00 1.000000000000000000e+00 1.000000000000000000e+00 1.000000000000000000e+00 1.000000000000000000e+00 1.000000000000000000e+00 1.000000000000000000e+00 1.000000000000000000e+00 1.000000000000000000e+00 1.000000000000000000e+00 1.000000000000000000e+00
2.049948595559688528e-13 1.049317337080036903e-12 5.111967293475980195e-12 2.370338755050157057e-11 1.046164110583886493e-10 4.395259865019430470e-10 1.757905767167867749e-09 6.693709530213831785e-09 2.426809509538104483e-08 8.378054758106947105e-08 2.754449588351352270e-07 8.625036622212207033e-07 2.572631086681092043e-06 7.310496863511645048e-06 1.979423958145620649e-05 5.107771949412327582e-05 1.256356583022416834e-04 2.946337093362904258e-04 6.589501957317316560e-04 1.405890025108884290e-03 2.862362879927808808e-03 5.563393160442897493e-03 1.032734178847758734e-02 1.831860619825105910e-02 3.106757269757451367e-02 5.041154759748257136e-02 7.832592275369582024e-02 1.166367668201212376e-01 1.666433629637327218e-01 2.287223688656705445e-01 3.020173436209561135e-01 3.843203516263607455e-01 4.722163963994503999e-01 5.614924746069377415e-01 6.477333247394539972e-01 7.269657759342316172e-01 7.961975169472894631e-01 8.537308389269040454e-01 8.992030005260149839e-01 9.333839081807376870e-01 9.578200869590037803e-01 9.744348654024508338e-01 9.851788950072457585e-01 9.917866057195161567e-01 9.956515728806163423e-01 9.978016365225581552e-01 9.989391780974212764e-01 9.995115699088072958e-01 9.997854934838266150e-01 9.999101672125894069e-01 9.999641343867696763e-01 9.999863517867413343e-01 9.999950507045808346e-01 9.999982899604926700e-01 9.999994371440239505e-01 9.999998235356619691e-01 9.999999473096110592e-01 9.999999850179162042e-01 9.999999959436478569e-01 9.999999989543602030e-01 9.999999997433888232e-01 9.999999999400508433e-01 9.999999999866686640e-01 9.999999999971782572e-01 9.999999999994315658e-01 9.999999999998909761e-01 9.999999999999801270e-01 9.999999999999965583e-01 9.999999999999994449e-01 9.999999999999998890e-01 1.000000000000000000e+00 1.000000000000000000e+00 1.000000000000000000e+00 1.000000000000000000e+00 1.000000000000000000e+00 1.000000000000000000e+00 1.000000000000000000e+00 1.000000000000000000e+00 1.000000000000000000e+00 1.000000000000000000e+00 1.000000000000000000e+00 1.000000000000000000e+00 1.000000000000000000e+00 1.000000000000000000e+00 1.000000000000000000e+00 1.000000000000000000e+00 1.000000000000000000e+00 1.000000000000000000e+00 1.000000000000000000e+00 1.000000000000000000e+00 1.000000000000000000e+00 1.000000000000000000e+00 1.000000000000000000e+00 1.000000000000000000e+00 1.000000000000000000e+00 1.000000000000000000e+00 1.000000000000000000e+00 1.000000000000000000e+00 1.000000000000000000e+00 1.000000000000000000e+00
9.731092306874565677e-11 3.281621430206616634e-10 1.068600267895284400e-09 3.360174241883542218e-09 1.020350719506319419e-08 2.992275323485530991e-08 8.475069566207117450e-08 2.318473360932185428e-07 6.126437722591128148e-07 1.563845124931111302e-06 3.856515653415817129e-06 9.188643822316664469e-06 2.115465452777896536e-05 4.706589452481450212e-05 1.012057549810170391e-04 2.103589141635617786e-04 4.227057736723323616e-04 8.213136137710955274e-04 1.543312276959649901e-03 2.805190976093645955e-03 4.933278937021537761e-03 8.396278005429877109e-03 1.383386337628313492e-02 2.207241353114483204e-02 3.411685171995301746e-02 5.110763586841983452e-02 7.423528408634988418e-02 1.046119950496324780e-01 1.431102722789594495e-01 1.901899143314627616e-01 2.457440445137420715e-01 3.089984710625276465e-01 3.784940033767630885e-01 4.521680045574171247e-01 5.275318491245906127e-01 6.019199129560620642e-01 6.727691020922419440e-01 7.378806356542386702e-01 7.956200482887169079e-01 8.450258755994475290e-01 8.858179077962711201e-01 9.183164460216761693e-01 9.432993888506601143e-01 9.618310606324462775e-01 9.750951303054473662e-01 9.842558611525062950e-01 9.903607045138098641e-01 9.942863396659511466e-01 9.967221096641745159e-01 9.981804318281699562e-01 9.990229154151746283e-01 9.994925500362473736e-01 9.997451593453654528e-01 9.998762673133280154e-01 9.999419270604361643e-01 9.999736562952327157e-01 9.999884511310086488e-01 9.999951077045675651e-01 9.999979975940374022e-01 9.999992081963757773e-01 9.999996975371752139e-01 9.999998883953856721e-01 9.999999602243531127e-01 9.999999863085581309e-01 9.999999954485252474e-01 9.999999985388245971e-01 9.999999995470212344e-01 9.999999998644003574e-01 9.999999999608054635e-01 9.999999999890614166e-01 9.999999999970525799e-01 9.999999999992332800e-01 9.999999999998074873e-01 9.999999999999533706e-01 9.999999999999891198e-01 9.999999999999975575e-01 9.999999999999994449e-01 9.999999999999998890e-01 1.000000000000000000e+00 1.000000000000000000e+00 1.000000000000000000e+00 1.000000000000000000e+00 1.000000000000000000e+00 1.000000000000000000e+00 1.000000000000000000e+00 1.000000000000000000e+00 1.000000000000000000e+00 1.000000000000000000e+00 1.000000000000000000e+00 1.000000000000000000e+00 1.000000000000000000e+00 1.000000000000000000e+00 1.000000000000000000e+00 1.000000000000000000e+00 1.000000000000000000e+00 1.000000000000000000e+00 1.000000000000000000e+00 1.000000000000000000e+00 1.000000000000000000e+00 1.000000000000000000e+00
1.856613287606297240e-15 1.026820145724623688e-14 5.421641260760459751e-14 2.733051315173037282e-13 1.315418432939012102e-12 6.045040738556981605e-12 2.652622471005281598e-11 1.111517158193151460e-10 4.447819107738563289e-10 1.699794111421929147e-09 6.204323600379285725e-09 2.163092413685010639e-08 7.204023488989181220e-08 2.292108713297874163e-07 6.967872674798972300e-07 2.024043083653734653e-06 5.618869688145091504e-06 1.490902249582019118e-05 3.781715583367851530e-05 9.171591924024772159e-05 2.127173372308060952e-04 4.719113514002861364e-04 1.001675543574458279e-03 2.034826105787143798e-03 3.957334567863378567e-03 7.370809821940863329e-03 1.315375831077631071e-02 2.250191859374352232e-02 3.692066208581495229e-02 5.814104821987420291e-02 8.794019940597057328e-02 1.278683667527093226e-01 1.789164973271165082e-01 2.411902994297026315e-01 3.136766226283290715e-01 3.941833117650395679e-01 4.794998269330972840e-01 5.657697711973790344e-01 6.490057707395234798e-01 7.256338852396365668e-01 7.929455462171965952e-01 8.493635419488183569e-01 8.944836480197704276e-01 9.289144864280169944e-01 9.539842368603572709e-01 9.714013924097395503e-01 9.829473277627808203e-01 9.902503988910609234e-01 9.946580406311287259e-01 9.971962719854235990e-01 9.985909696676400493e-01 9.993221974624243442e-01 9.996880017606681879e-01 9.998626113804288673e-01 9.999421376316374177e-01 9.999766977764474873e-01 9.999910283310107229e-01 9.999966981935285437e-01 9.999988386372821170e-01 9.999996096411032376e-01 9.999998746316032250e-01 9.999999615326029545e-01 9.999999887245027974e-01 9.999999968429740260e-01 9.999999991557227963e-01 9.999999997843624922e-01 9.999999999474022960e-01 9.999999999877485779e-01 9.999999999972750686e-01 9.999999999994213518e-01 9.999999999998826494e-01 9.999999999999773515e-01 9.999999999999957812e-01 9.999999999999993339e-01 9.999999999999998890e-01 1.000000000000000000e+00 1.000000000000000000e+00 1.000000000000000000e+00 1.000000000000000000e+00 1.000000000000000000e+00 1.000000000000000000e+00 1.000000000000000000e+00 1.000000000000000000e+00 1.000000000000000000e+00 1.000000000000000000e+00 1.000000000000000000e+00 1.000000000000000000e+00 1.000000000000000000e+00 1.000000000000000000e+00 1.000000000000000000e+00 1.000000000000000000e+00 1.000000000000000000e+00 1.000000000000000000e+00 1.000000000000000000e+00 1.000000000000000000e+00 1.000000000000000000e+00 1.000000000000000000e+00 1.000000000000000000e+00 1.000000000000000000e+00 1.000000000000000000e+00
1.571372791414876882e-15 8.442411758155038476e-15 4.338139066533086891e-14 2.132092479927909638e-13 1.002285573420548738e-12 4.506905187057307191e-12 1.938594726387768531e-11 7.976991963736068998e-11 3.140208982149512120e-10 1.182690387437433813e-09 4.261916109568414320e-09 1.469571982983772460e-08 4.849117823857324627e-08 1.531290545674717131e-07 4.628244375638358584e-07 1.339010045394039014e-06 3.708601036917338695e-06 9.834458171344377783e-06 2.497274862454586952e-05 6.073324867734216926e-05 1.414841510561640127e-04 3.157886096103097750e-04 6.754444896010056588e-04 1.384832139938935993e-03 2.722345385641321541e-03 5.132976595267002388e-03 9.286167225845047210e-03 1.612609540825074572e-02 2.689421740909520367e-02 4.309915236324869670e-02 6.641083656704480087e-02 9.846756257350443298e-02 1.406065349203289572e-01 1.935567912787392320e-01 2.571589157266875869e-01 3.301878002325396855e-01 4.103440237207137131e-01 4.944446819670646476e-01 5.787939125856657041e-01 6.596629810085954393e-01 7.337775052109053453e-01 7.987072581341043698e-01 8.530828092949579444e-01 8.966122443802457820e-01 9.299227904916056442e-01 9.542896606016806338e-01 9.713283785308135521e-01 9.827175761699633583e-01 9.899948423961999477e-01 9.944397441557166761e-01 9.970349671354239440e-01 9.984834241820248479e-01 9.992562022802227162e-01 9.996503164287355858e-01 9.998424516861736944e-01 9.999319901615784101e-01 9.999718770049396133e-01 9.999888620509016501e-01 9.999957759112227951e-01 9.999984661511240880e-01 9.999994667906569878e-01 9.999998225695958531e-01 9.999999434896761352e-01 9.999999827751414605e-01 9.999999949757170103e-01 9.999999985976741890e-01 9.999999996255024559e-01 9.999999999043145404e-01 9.999999999766109315e-01 9.999999999945308193e-01 9.999999999987765342e-01 9.999999999997382094e-01 9.999999999999464873e-01 9.999999999999895639e-01 9.999999999999980016e-01 9.999999999999996669e-01 1.000000000000000000e+00 1.000000000000000000e+00 1.000000000000000000e+00 1.000000000000000000e+00 1.000000000000000000e+00 1.000000000000000000e+00 1.000000000000000000e+00 1.000000000000000000e+00 1.000000000000000000e+00 1.000000000000000000e+00 1.000000000000000000e+00 1.000000000000000000e+00 1.000000000000000000e+00 1.000000000000000000e+00 1.000000000000000000e+00 1.000000000000000000e+00 1.000000000000000000e+00 1.000000000000000000e+00 1.000000000000000000e+00 1.000000000000000000e+00 1.000000000000000000e+00 1.000000000000000000e+00 1.000000000000000000e+00 1.000000000000000000e+00
2.831318208710765858e-19 2.386840758647390807e-18 1.901044118298828800e-17 1.430577797182358519e-16 1.017183194533868314e-15 6.833994626795548786e-15 4.338692127678988905e-14 2.603002467002734969e-13 1.475865220621526547e-12 7.908648692921773784e-12 4.005631298666078155e-11 1.917720240519306631e-10 8.679222785764249164e-10 3.713616718807911671e-09 1.502371937906459731e-08 5.747383511187770584e-08 2.079355660114699152e-07 7.115623741182948044e-07 2.303507074502087764e-06 7.055591859574021580e-06 2.045168422402407918e-05 5.611407795163248592e-05 1.457705976696923916e-04 3.586300223057864228e-04 8.358779742462468885e-04 1.846377169567511248e-03 3.866924710417021099e-03 7.682357747250108913e-03 1.448630100294968220e-02 2.594459607874311999e-02 4.416769127412504409e-02 7.153722646938255603e-02 1.103572784513851407e-01 1.623554956280329475e-01 2.281310693056834704e-01 3.067061519651428370e-01 3.953501185735271428e-01 4.897904999344757093e-01 5.848095188831873292e-01 6.750928585302053975e-01 7.561047770797458822e-01 8.247538020227720423e-01 8.796906665867181285e-01 9.212087457613812314e-01 9.508402932397981289e-01 9.708119861216586433e-01 9.835241248516757295e-01 9.911653898515406791e-01 9.955030392764523395e-01 9.978283757655050934e-01 9.990055992547073327e-01 9.995684241962021765e-01 9.998225381819866309e-01 9.999308869802540078e-01 9.999745143844285256e-01 9.999911039038700267e-01 9.999970611669368736e-01 9.999990813821781899e-01 9.999997283545303262e-01 9.999999240182504412e-01 9.999999799000860445e-01 9.999999949719174941e-01 9.999999988107186599e-01 9.999999997340522917e-01 9.999999999437791942e-01 9.999999999887655422e-01 9.999999999978781418e-01 9.999999999996211919e-01 9.999999999999360512e-01 9.999999999999897859e-01 9.999999999999984457e-01 9.999999999999997780e-01 1.000000000000000000e+00 1.000000000000000000e+00 1.000000000000000000e+00 1.000000000000000000e+00 1.000000000000000000e+00 1.000000000000000000e+00 1.000000000000000000e+00 1.000000000000000000e+00 1.000000000000000000e+00 1.000000000000000000e+00 1.000000000000000000e+00 1.000000000000000000e+00 1.000000000000000000e+00 1.000000000000000000e+00 1.000000000000000000e+00 1.000000000000000000e+00 1.000000000000000000e+00 1.000000000000000000e+00 1.000000000000000000e+00 1.000000000000000000e+00 1.000000000000000000e+00 1.000000000000000000e+00 1.000000000000000000e+00 1.000000000000000000e+00 1.000000000000000000e+00 1.000000000000000000e+00 1.000000000000000000e+00 1.000000000000000000e+00
3.047867237686084566e-21 3.384511724901816731e-20 3.520647435203671184e-19 3.430782783821072231e-18 3.132039091760417632e-17 2.678829679694590967e-16 2.146690905236549424e-15 1.611851160023679849e-14 1.134065473510991211e-13 7.477189440021560586e-13 4.620168682583587549e-12 2.675665433608901847e-11 1.452443604132715999e-10 7.391002248749546218e-10 3.526076828299339440e-09 1.577312569455791958e-08 6.616688240017413316e-08 2.603316545972411513e-07 9.608407504318339011e-07 3.327348520603267166e-06 1.081342113743467148e-05 3.298788678763469890e-05 9.449230993925682512e-05 2.542326390105871352e-04 6.427216734123549196e-04 1.527429339126607291e-03 3.414023407667605373e-03 7.181196214024103061e-03 1.422507247095858469e-02 2.655804101055829480e-02 4.677816569984037665e-02 7.782096240177124868e-02 1.224481068148627894e-01 1.825238257092350325e-01 2.582525748326317538e-01 3.476417148403077029e-01 4.464449298124981702e-01 5.487082384021715331e-01 6.478213440373872256e-01 7.377720919717655201e-01 8.142156373635598410e-01 8.750486104328007997e-01 9.203800180312783352e-01 9.520116066730288651e-01 9.726798739524831205e-01 9.853257220938383965e-01 9.925709521635304178e-01 9.964579666429448368e-01 9.984106834541122133e-01 9.993292715431543183e-01 9.997339033707498546e-01 9.999008032978280447e-01 9.999652659635525076e-01 9.999885798919883051e-01 9.999964753397375672e-01 9.999989790907951592e-01 9.999997225506545018e-01 9.999999292669788931e-01 9.999999830867342121e-01 9.999999962074384019e-01 9.999999992025966344e-01 9.999999998428152903e-01 9.999999999709543452e-01 9.999999999949691354e-01 9.999999999991833199e-01 9.999999999998757660e-01 9.999999999999822364e-01 9.999999999999975575e-01 9.999999999999997780e-01 1.000000000000000000e+00 1.000000000000000000e+00 1.000000000000000000e+00 1.000000000000000000e+00 1.000000000000000000e+00 1.000000000000000000e+00 1.000000000000000000e+00 1.000000000000000000e+00 1.000000000000000000e+00 1.000000000000000000e+00 1.000000000000000000e+00 1.000000000000000000e+00 1.000000000000000000e+00 1.000000000000000000e+00 1.000000000000000000e+00 1.000000000000000000e+00 1.000000000000000000e+00 1.000000000000000000e+00 1.000000000000000000e+00 1.000000000000000000e+00 1.000000000000000000e+00 1.000000000000000000e+00 1.000000000000000000e+00 1.000000000000000000e+00 1.000000000000000000e+00 1.000000000000000000e+00 1.000000000000000000e+00 1.000000000000000000e+00 1.000000000000000000e+00 1.000000000000000000e+00 1.000000000000000000e+00
