1.300000000000000032e-130 1.450000000000000103e-125 1.280000000000000076e-120 8.959999999999999588e-116 4.970000000000000163e-111 2.179999999999999961e-106 7.610000000000000335e-102 2.100000000000000115e-97 4.610000000000000349e-93 8.000000000000000308e-89 1.099999999999999947e-84 1.199999999999999954e-80 1.040000000000000047e-76 7.140000000000000503e-73 3.889999999999999956e-69 1.680000000000000023e-65 5.740000000000000330e-62 1.560000000000000075e-58 3.350000000000000190e-55 5.729999999999999777e-52 7.750000000000000409e-49 8.330000000000000625e-46 7.100000000000000251e-43 4.799999999999999824e-40 2.570000000000000022e-37 1.089999999999999919e-34 3.700000000000000002e-32 9.909999999999999705e-30 2.110000000000000053e-27 3.560000000000000022e-25 4.779999999999999837e-23 5.090000000000000156e-21 4.310000000000000081e-19 2.900000000000000285e-17 1.549999999999999943e-15 6.579999999999999478e-14 2.219999999999999830e-12 5.980000000000000288e-11 1.279999999999999923e-09 2.190000000000000089e-08 2.979999999999999950e-07 3.239999999999999896e-06 2.814479999999999860e-05 1.959660000000000004e-04 1.095403999999999909e-03 4.930343999999999699e-03 1.793993400000000113e-02 5.305843100000000312e-02 1.285010769999999913e-01 2.574862230000000141e-01 4.330067930000000009e-01 6.231127539999999909e-01 7.870004940000000504e-01 8.994541259999999649e-01 9.608670729999999605e-01 9.875589529999999616e-01 9.967909470000000383e-01 9.993317139999999821e-01 9.998880489999999455e-01 9.999849549999999532e-01 9.999983820000000190e-01 9.999998610000000454e-01 9.999999899999999498e-01 9.999999990000000283e-01 1.000000000000000000e+00 1.000000000000000000e+00 1.000000000000000000e+00 1.000000000000000000e+00 1.000000000000000000e+00 1.000000000000000000e+00 1.000000000000000000e+00 1.000000000000000000e+00 1.000000000000000000e+00 1.000000000000000000e+00 1.000000000000000000e+00 1.000000000000000000e+00 1.000000000000000000e+00 1.000000000000000000e+00 1.000000000000000000e+00 1.000000000000000000e+00 1.000000000000000000e+00 1.000000000000000000e+00 1.000000000000000000e+00 1.000000000000000000e+00 1.000000000000000000e+00 1.000000000000000000e+00 1.000000000000000000e+00 1.000000000000000000e+00 1.000000000000000000e+00 1.000000000000000000e+00 1.000000000000000000e+00 1.000000000000000000e+00 1.000000000000000000e+00 1.000000000000000000e+00 1.000000000000000000e+00 1.000000000000000000e+00 1.000000000000000000e+00 1.000000000000000000e+00 1.000000000000000000e+00 1.000000000000000000e+00
1.320000000000000082e-130 1.470000000000000095e-125 1.289999999999999981e-120 9.039999999999999746e-116 5.000000000000000256e-111 2.199999999999999943e-106 7.649999999999999595e-102 2.109999999999999989e-97 4.620000000000000207e-93 8.010000000000000345e-89 1.099999999999999947e-84 1.199999999999999954e-80 1.040000000000000047e-76 7.129999999999999983e-73 3.880000000000000105e-69 1.669999999999999962e-65 5.719999999999999673e-62 1.549999999999999951e-58 3.340000000000000283e-55 5.689999999999999984e-52 7.709999999999999341e-49 8.280000000000000323e-46 7.050000000000000098e-43 4.760000000000000185e-40 2.550000000000000033e-37 1.089999999999999919e-34 3.669999999999999925e-32 9.830000000000000259e-30 2.089999999999999894e-27 3.530000000000000107e-25 4.740000000000000244e-23 5.049999999999999881e-21 4.270000000000000198e-19 2.870000000000000290e-17 1.539999999999999978e-15 6.529999999999999691e-14 2.210000000000000075e-12 5.939999999999999650e-11 1.269999999999999957e-09 2.169999999999999910e-08 2.960000000000000035e-07 3.220000000000000087e-06 2.798040000000000065e-05 1.949110000000000046e-04 1.090045999999999897e-03 4.908800999999999963e-03 1.787135999999999933e-02 5.288560300000000325e-02 1.281561870000000047e-01 2.569412449999999848e-01 4.323248869999999910e-01 6.224370879999999717e-01 7.864703219999999995e-01 8.991246750000000398e-01 9.607049410000000345e-01 9.874957619999999991e-01 9.967714410000000358e-01 9.993269449999999665e-01 9.998871259999999594e-01 9.999848140000000551e-01 9.999983639999999729e-01 9.999998589999999909e-01 9.999999899999999498e-01 9.999999990000000283e-01 1.000000000000000000e+00 1.000000000000000000e+00 1.000000000000000000e+00 1.000000000000000000e+00 1.000000000000000000e+00 1.000000000000000000e+00 1.000000000000000000e+00 1.000000000000000000e+00 1.000000000000000000e+00 1.000000000000000000e+00 1.000000000000000000e+00 1.000000000000000000e+00 1.000000000000000000e+00 1.000000000000000000e+00 1.000000000000000000e+00 1.000000000000000000e+00 1.000000000000000000e+00 1.000000000000000000e+00 1.000000000000000000e+00 1.000000000000000000e+00 1.000000000000000000e+00 1.000000000000000000e+00 1.000000000000000000e+00 1.000000000000000000e+00 1.000000000000000000e+00 1.000000000000000000e+00 1.000000000000000000e+00 1.000000000000000000e+00 1.000000000000000000e+00 1.000000000000000000e+00 1.000000000000000000e+00 1.000000000000000000e+00 1.000000000000000000e+00 1.000000000000000000e+00 1.000000000000000000e+00 1.000000000000000000e+00
1.359999999999999981e-130 1.510000000000000080e-125 1.329999999999999946e-120 9.260000000000000460e-116 5.119999999999999890e-111 2.239999999999999907e-106 7.780000000000000361e-102 2.139999999999999872e-97 4.680000000000000210e-93 8.100000000000000678e-89 1.109999999999999892e-84 1.210000000000000000e-80 1.040000000000000047e-76 7.149999999999999766e-73 3.880000000000000105e-69 1.669999999999999962e-65 5.710000000000000208e-62 1.549999999999999951e-58 3.319999999999999743e-55 5.659999999999999954e-52 7.649999999999999257e-49 8.199999999999999839e-46 6.979999999999999724e-43 4.709999999999999822e-40 2.519999999999999841e-37 1.070000000000000087e-34 3.620000000000000162e-32 9.699999999999999407e-30 2.059999999999999835e-27 3.479999999999999790e-25 4.669999999999999928e-23 4.970000000000000084e-21 4.210000000000000132e-19 2.829999999999999887e-17 1.510000000000000082e-15 6.430000000000000117e-14 2.169999999999999841e-12 5.850000000000000478e-11 1.250000000000000026e-09 2.139999999999999972e-08 2.920000000000000207e-07 3.180000000000000047e-06 2.767180000000000160e-05 1.929219999999999937e-04 1.079901999999999989e-03 4.867846000000000325e-03 1.774046699999999935e-02 5.255441400000000068e-02 1.274927419999999922e-01 2.558889759999999902e-01 4.310033970000000103e-01 6.211229649999999713e-01 7.854355079999999489e-01 8.984793789999999669e-01 9.603862699999999863e-01 9.873711299999999857e-01 9.967328370000000382e-01 9.993174750000000106e-01 9.998852860000000398e-01 9.999845309999999543e-01 9.999983300000000463e-01 9.999998559999999648e-01 9.999999899999999498e-01 9.999999990000000283e-01 1.000000000000000000e+00 1.000000000000000000e+00 1.000000000000000000e+00 1.000000000000000000e+00 1.000000000000000000e+00 1.000000000000000000e+00 1.000000000000000000e+00 1.000000000000000000e+00 1.000000000000000000e+00 1.000000000000000000e+00 1.000000000000000000e+00 1.000000000000000000e+00 1.000000000000000000e+00 1.000000000000000000e+00 1.000000000000000000e+00 1.000000000000000000e+00 1.000000000000000000e+00 1.000000000000000000e+00 1.000000000000000000e+00 1.000000000000000000e+00 1.000000000000000000e+00 1.000000000000000000e+00 1.000000000000000000e+00 1.000000000000000000e+00 1.000000000000000000e+00 1.000000000000000000e+00 1.000000000000000000e+00 1.000000000000000000e+00 1.000000000000000000e+00 1.000000000000000000e+00 1.000000000000000000e+00 1.000000000000000000e+00 1.000000000000000000e+00 1.000000000000000000e+00 1.000000000000000000e+00 1.000000000000000000e+00
1.480000000000000079e-130 1.619999999999999907e-125 1.419999999999999952e-120 9.829999999999999749e-116 5.399999999999999774e-111 2.349999999999999928e-106 8.120000000000000414e-102 2.219999999999999906e-97 4.829999999999999791e-93 8.330000000000000134e-89 1.139999999999999957e-84 1.230000000000000093e-80 1.060000000000000030e-76 7.230000000000000155e-73 3.910000000000000171e-69 1.680000000000000023e-65 5.710000000000000208e-62 1.540000000000000004e-58 3.299999999999999928e-55 5.609999999999999657e-52 7.559999999999999891e-49 8.090000000000000729e-46 6.859999999999999994e-43 4.619999999999999820e-40 2.470000000000000078e-37 1.050000000000000042e-34 3.539999999999999774e-32 9.459999999999999667e-30 2.009999999999999977e-27 3.390000000000000044e-25 4.539999999999999929e-23 4.830000000000000251e-21 4.090000000000000000e-19 2.750000000000000004e-17 1.470000000000000024e-15 6.249999999999999874e-14 2.110000000000000097e-12 5.689999999999999867e-11 1.219999999999999923e-09 2.089999999999999855e-08 2.850000000000000242e-07 3.109999999999999870e-06 2.706519999999999965e-05 1.890000000000000133e-04 1.059826000000000041e-03 4.786506000000000267e-03 1.747958000000000151e-02 5.189196199999999981e-02 1.261609250000000071e-01 2.537689020000000184e-01 4.283310160000000089e-01 6.184554279999999737e-01 7.833268410000000515e-01 8.971592670000000380e-01 9.597317290000000334e-01 9.871140900000000551e-01 9.966528860000000156e-01 9.992977779999999699e-01 9.998814419999999537e-01 9.999839360000000177e-01 9.999982570000000015e-01 9.999998490000000517e-01 9.999999899999999498e-01 9.999999990000000283e-01 1.000000000000000000e+00 1.000000000000000000e+00 1.000000000000000000e+00 1.000000000000000000e+00 1.000000000000000000e+00 1.000000000000000000e+00 1.000000000000000000e+00 1.000000000000000000e+00 1.000000000000000000e+00 1.000000000000000000e+00 1.000000000000000000e+00 1.000000000000000000e+00 1.000000000000000000e+00 1.000000000000000000e+00 1.000000000000000000e+00 1.000000000000000000e+00 1.000000000000000000e+00 1.000000000000000000e+00 1.000000000000000000e+00 1.000000000000000000e+00 1.000000000000000000e+00 1.000000000000000000e+00 1.000000000000000000e+00 1.000000000000000000e+00 1.000000000000000000e+00 1.000000000000000000e+00 1.000000000000000000e+00 1.000000000000000000e+00 1.000000000000000000e+00 1.000000000000000000e+00 1.000000000000000000e+00 1.000000000000000000e+00 1.000000000000000000e+00 1.000000000000000000e+00 1.000000000000000000e+00 1.000000000000000000e+00
2.120000000000000070e-130 2.279999999999999917e-125 1.939999999999999838e-120 1.320000000000000004e-115 7.079999999999999819e-111 3.019999999999999926e-106 1.019999999999999999e-101 2.749999999999999742e-97 5.849999999999999837e-93 9.910000000000000401e-89 1.330000000000000064e-84 1.420000000000000039e-80 1.200000000000000066e-76 8.050000000000000062e-73 4.290000000000000147e-69 1.809999999999999964e-65 6.089999999999999740e-62 1.619999999999999936e-58 3.430000000000000175e-55 5.770000000000000311e-52 7.690000000000000326e-49 8.139999999999999475e-46 6.850000000000000282e-43 4.570000000000000272e-40 2.419999999999999897e-37 1.019999999999999973e-34 3.420000000000000014e-32 9.080000000000000196e-30 1.920000000000000160e-27 3.220000000000000067e-25 4.300000000000000021e-23 4.559999999999999714e-21 3.839999999999999886e-19 2.580000000000000138e-17 1.369999999999999976e-15 5.839999999999999602e-14 1.969999999999999886e-12 5.320000000000000111e-11 1.139999999999999992e-09 1.949999999999999925e-08 2.669999999999999953e-07 2.919999999999999995e-06 2.551649999999999871e-05 1.788489999999999947e-04 1.007185000000000068e-03 4.570496000000000281e-03 1.677805200000000163e-02 5.008851500000000012e-02 1.224905959999999933e-01 2.478546239999999956e-01 4.207846170000000274e-01 6.108300690000000310e-01 7.772244400000000164e-01 8.932911930000000389e-01 9.577896230000000344e-01 9.863416520000000132e-01 9.964095020000000025e-01 9.992370229999999465e-01 9.998694259999999501e-01 9.999820529999999819e-01 9.999980229999999581e-01 9.999998260000000361e-01 9.999999880000000063e-01 9.999999990000000283e-01 1.000000000000000000e+00 1.000000000000000000e+00 1.000000000000000000e+00 1.000000000000000000e+00 1.000000000000000000e+00 1.000000000000000000e+00 1.000000000000000000e+00 1.000000000000000000e+00 1.000000000000000000e+00 1.000000000000000000e+00 1.000000000000000000e+00 1.000000000000000000e+00 1.000000000000000000e+00 1.000000000000000000e+00 1.000000000000000000e+00 1.000000000000000000e+00 1.000000000000000000e+00 1.000000000000000000e+00 1.000000000000000000e+00 1.000000000000000000e+00 1.000000000000000000e+00 1.000000000000000000e+00 1.000000000000000000e+00 1.000000000000000000e+00 1.000000000000000000e+00 1.000000000000000000e+00 1.000000000000000000e+00 1.000000000000000000e+00 1.000000000000000000e+00 1.000000000000000000e+00 1.000000000000000000e+00 1.000000000000000000e+00 1.000000000000000000e+00 1.000000000000000000e+00 1.000000000000000000e+00 1.000000000000000000e+00
8.089999999999999311e-130 8.059999999999999811e-125 6.380000000000000053e-120 4.020000000000000186e-115 2.009999999999999887e-110 8.020000000000000237e-106 2.539999999999999944e-101 6.390000000000000254e-97 1.279999999999999944e-92 2.040000000000000016e-88 2.580000000000000107e-84 2.600000000000000087e-80 2.080000000000000094e-76 1.320000000000000015e-72 6.709999999999999966e-69 2.699999999999999856e-65 8.669999999999999876e-62 2.210000000000000004e-58 4.479999999999999889e-55 7.229999999999999788e-52 9.280000000000000261e-49 9.469999999999999745e-46 7.699999999999999700e-43 4.979999999999999827e-40 2.559999999999999819e-37 1.050000000000000042e-34 3.420000000000000014e-32 8.869999999999999898e-30 1.829999999999999984e-27 3.010000000000000202e-25 3.950000000000000204e-23 4.119999999999999702e-21 3.430000000000000238e-19 2.270000000000000093e-17 1.199999999999999975e-15 5.049999999999999939e-14 1.700000000000000026e-12 4.549999999999999797e-11 9.750000000000000452e-10 1.670000000000000065e-08 2.289999999999999992e-07 2.510000000000000109e-06 2.205200000000000164e-05 1.557089999999999961e-04 8.849010000000000035e-04 4.058993999999999797e-03 1.508398300000000046e-02 4.564485699999999702e-02 1.132567829999999998e-01 2.326511009999999990e-01 4.009460060000000214e-01 5.903111599999999459e-01 7.604001019999999667e-01 8.823536210000000324e-01 9.521512180000000214e-01 9.840365359999999617e-01 9.956620640000000133e-01 9.990447820000000201e-01 9.998302030000000284e-01 9.999757049999999925e-01 9.999972080000000263e-01 9.999997430000000520e-01 9.999999809999999822e-01 9.999999990000000283e-01 1.000000000000000000e+00 1.000000000000000000e+00 1.000000000000000000e+00 1.000000000000000000e+00 1.000000000000000000e+00 1.000000000000000000e+00 1.000000000000000000e+00 1.000000000000000000e+00 1.000000000000000000e+00 1.000000000000000000e+00 1.000000000000000000e+00 1.000000000000000000e+00 1.000000000000000000e+00 1.000000000000000000e+00 1.000000000000000000e+00 1.000000000000000000e+00 1.000000000000000000e+00 1.000000000000000000e+00 1.000000000000000000e+00 1.000000000000000000e+00 1.000000000000000000e+00 1.000000000000000000e+00 1.000000000000000000e+00 1.000000000000000000e+00 1.000000000000000000e+00 1.000000000000000000e+00 1.000000000000000000e+00 1.000000000000000000e+00 1.000000000000000000e+00 1.000000000000000000e+00 1.000000000000000000e+00 1.000000000000000000e+00 1.000000000000000000e+00 1.000000000000000000e+00 1.000000000000000000e+00 1.000000000000000000e+00
2.239999999999999834e-127 1.669999999999999958e-122 1.000000000000000030e-117 4.810000000000000190e-113 1.850000000000000139e-108 5.689999999999999584e-104 1.400000000000000028e-99 2.769999999999999969e-95 4.369999999999999997e-91 5.530000000000000320e-87 5.600000000000000194e-83 4.549999999999999965e-79 2.960000000000000091e-75 1.539999999999999942e-71 6.420000000000000085e-68 2.149999999999999866e-64 5.739999999999999985e-61 1.230000000000000014e-57 2.110000000000000059e-54 2.910000000000000230e-51 3.199999999999999796e-48 2.829999999999999701e-45 2.000000000000000075e-42 1.139999999999999968e-39 5.159999999999999616e-37 1.880000000000000009e-34 5.490000000000000396e-32 1.280000000000000107e-29 2.409999999999999921e-27 3.629999999999999824e-25 4.379999999999999794e-23 4.239999999999999773e-21 3.289999999999999923e-19 2.050000000000000031e-17 1.029999999999999974e-15 4.129999999999999820e-14 1.329999999999999987e-12 3.460000000000000201e-11 7.209999999999999918e-10 1.210000000000000082e-08 1.640000000000000127e-07 1.779999999999999898e-06 1.567379999999999891e-05 1.114140000000000009e-04 6.414149999999999973e-04 2.998316000000000002e-03 1.141888800000000030e-02 3.559139100000000000e-02 9.135097899999999882e-02 1.947143930000000134e-01 3.487025160000000179e-01 5.330750950000000543e-01 7.104945710000000192e-01 8.477092520000000242e-01 9.329964899999999561e-01 9.755988009999999599e-01 9.926997969999999949e-01 9.982156779999999952e-01 9.996451419999999866e-01 9.999427530000000175e-01 9.999925259999999927e-01 9.999992119999999707e-01 9.999999330000000075e-01 9.999999950000000304e-01 1.000000000000000000e+00 1.000000000000000000e+00 1.000000000000000000e+00 1.000000000000000000e+00 1.000000000000000000e+00 1.000000000000000000e+00 1.000000000000000000e+00 1.000000000000000000e+00 1.000000000000000000e+00 1.000000000000000000e+00 1.000000000000000000e+00 1.000000000000000000e+00 1.000000000000000000e+00 1.000000000000000000e+00 1.000000000000000000e+00 1.000000000000000000e+00 1.000000000000000000e+00 1.000000000000000000e+00 1.000000000000000000e+00 1.000000000000000000e+00 1.000000000000000000e+00 1.000000000000000000e+00 1.000000000000000000e+00 1.000000000000000000e+00 1.000000000000000000e+00 1.000000000000000000e+00 1.000000000000000000e+00 1.000000000000000000e+00 1.000000000000000000e+00 1.000000000000000000e+00 1.000000000000000000e+00 1.000000000000000000e+00 1.000000000000000000e+00 1.000000000000000000e+00 1.000000000000000000e+00 1.000000000000000000e+00
1.599999999999999977e-117 4.219999999999999889e-113 9.090000000000000356e-109 1.610000000000000144e-104 2.330000000000000087e-100 2.780000000000000197e-96 2.709999999999999980e-92 2.169999999999999939e-88 1.429999999999999976e-84 7.680000000000000266e-81 3.399999999999999828e-77 1.230000000000000017e-73 3.660000000000000180e-70 8.939999999999999684e-67 1.790000000000000088e-63 2.940000000000000151e-60 3.960000000000000031e-57 4.379999999999999799e-54 3.969999999999999704e-51 2.960000000000000070e-48 1.810000000000000063e-45 9.069999999999999279e-43 3.729999999999999712e-40 1.259999999999999921e-37 3.499999999999999961e-35 7.960000000000000528e-33 1.490000000000000019e-30 2.279999999999999966e-28 2.879999999999999881e-26 2.980000000000000011e-24 2.529999999999999787e-22 1.770000000000000079e-20 1.010000000000000018e-18 4.780000000000000142e-17 1.850000000000000085e-15 5.909999999999999556e-14 1.550000000000000060e-12 3.340000000000000228e-11 5.940000000000000167e-10 8.690000000000000390e-09 1.050000000000000005e-07 1.039999999999999995e-06 8.559999999999999359e-06 5.816229999999999708e-05 3.270769999999999992e-04 1.525922999999999993e-03 5.920835000000000160e-03 1.917059100000000071e-02 5.202278700000000089e-02 1.190180019999999977e-01 2.313918630000000032e-01 3.864316830000000258e-01 5.623806180000000543e-01 7.266282149999999662e-01 8.527466200000000107e-01 9.324024480000000503e-01 9.737836930000000057e-01 9.914651730000000329e-01 9.976787259999999602e-01 9.994744559999999556e-01 9.999012219999999784e-01 9.999846199999999907e-01 9.999980189999999602e-01 9.999997889999999723e-01 9.999999819999999540e-01 9.999999990000000283e-01 1.000000000000000000e+00 1.000000000000000000e+00 1.000000000000000000e+00 1.000000000000000000e+00 1.000000000000000000e+00 1.000000000000000000e+00 1.000000000000000000e+00 1.000000000000000000e+00 1.000000000000000000e+00 1.000000000000000000e+00 1.000000000000000000e+00 1.000000000000000000e+00 1.000000000000000000e+00 1.000000000000000000e+00 1.000000000000000000e+00 1.000000000000000000e+00 1.000000000000000000e+00 1.000000000000000000e+00 1.000000000000000000e+00 1.000000000000000000e+00 1.000000000000000000e+00 1.000000000000000000e+00 1.000000000000000000e+00 1.000000000000000000e+00 1.000000000000000000e+00 1.000000000000000000e+00 1.000000000000000000e+00 1.000000000000000000e+00 1.000000000000000000e+00 1.000000000000000000e+00 1.000000000000000000e+00 1.000000000000000000e+00 1.000000000000000000e+00 1.000000000000000000e+00
7.250000000000000127e-92 1.510000000000000008e-88 2.710000000000000085e-85 4.230000000000000165e-82 5.709999999999999508e-79 6.680000000000000218e-76 6.779999999999999379e-73 5.959999999999999865e-70 4.540000000000000133e-67 3.000000000000000065e-64 1.709999999999999878e-61 8.499999999999999334e-59 3.650000000000000225e-56 1.359999999999999949e-53 4.390000000000000122e-51 1.230000000000000041e-48 2.980000000000000142e-46 6.269999999999999858e-44 1.139999999999999989e-41 1.800000000000000036e-39 2.470000000000000078e-37 2.929999999999999837e-35 3.020000000000000128e-33 2.689999999999999856e-31 2.079999999999999893e-29 1.399999999999999982e-27 8.129999999999999940e-26 4.100000000000000146e-24 1.799999999999999899e-22 6.819999999999999810e-21 2.250000000000000065e-19 6.419999999999999735e-18 1.589999999999999952e-16 3.430000000000000121e-15 6.409999999999999950e-14 1.040000000000000011e-12 1.459999999999999999e-11 1.790000000000000023e-10 1.909999999999999815e-09 1.759999999999999878e-08 1.420000000000000010e-07 9.919999999999999890e-07 6.039999999999999769e-06 3.205889999999999895e-05 1.483749999999999880e-04 5.994900000000000489e-04 2.117378999999999963e-03 6.548420000000000109e-03 1.777110200000000043e-02 4.243271400000000332e-02 8.945332699999999915e-02 1.672397529999999910e-01 2.788935009999999881e-01 4.179529770000000033e-01 5.682284149999999867e-01 7.091366489999999523e-01 8.237789819999999930e-01 9.047093899999999467e-01 9.542809770000000302e-01 9.806262789999999896e-01 9.927745980000000081e-01 9.976349089999999586e-01 9.993219960000000457e-01 9.998300700000000152e-01 9.999628149999999494e-01 9.999929029999999885e-01 9.999988199999999550e-01 9.999998289999999512e-01 9.999999779999999561e-01 9.999999979999999455e-01 1.000000000000000000e+00 1.000000000000000000e+00 1.000000000000000000e+00 1.000000000000000000e+00 1.000000000000000000e+00 1.000000000000000000e+00 1.000000000000000000e+00 1.000000000000000000e+00 1.000000000000000000e+00 1.000000000000000000e+00 1.000000000000000000e+00 1.000000000000000000e+00 1.000000000000000000e+00 1.000000000000000000e+00 1.000000000000000000e+00 1.000000000000000000e+00 1.000000000000000000e+00 1.000000000000000000e+00 1.000000000000000000e+00 1.000000000000000000e+00 1.000000000000000000e+00 1.000000000000000000e+00 1.000000000000000000e+00 1.000000000000000000e+00 1.000000000000000000e+00 1.000000000000000000e+00 1.000000000000000000e+00 1.000000000000000000e+00 1.000000000000000000e+00 1.000000000000000000e+00
7.929999999999999868e-58 7.199999999999999562e-56 6.029999999999999473e-54 4.659999999999999946e-52 3.330000000000000174e-50 2.189999999999999859e-48 1.339999999999999941e-46 7.500000000000000581e-45 3.890000000000000291e-43 1.859999999999999901e-41 8.229999999999999801e-40 3.359999999999999893e-38 1.260000000000000046e-36 4.399999999999999874e-35 1.409999999999999922e-33 4.189999999999999981e-32 1.149999999999999921e-30 2.900000000000000242e-29 6.770000000000000060e-28 1.459999999999999884e-26 2.900000000000000054e-25 5.340000000000000309e-24 9.059999999999999768e-23 1.419999999999999970e-21 2.060000000000000077e-20 2.749999999999999812e-19 3.400000000000000012e-18 3.879999999999999692e-17 4.089999999999999900e-16 3.989999999999999754e-15 3.589999999999999723e-14 2.979999999999999924e-13 2.290000000000000138e-12 1.630000000000000123e-11 1.070000000000000053e-10 6.490000000000000336e-10 3.639999999999999838e-09 1.890000000000000049e-08 9.069999999999999822e-08 4.029999999999999955e-07 1.650000000000000084e-06 6.289999999999999917e-06 2.214989999999999947e-05 7.222249999999999504e-05 2.181999999999999912e-04 6.111260000000000303e-04 1.587642999999999910e-03 3.828390999999999999e-03 8.575746000000000410e-03 1.786236399999999863e-02 3.463540100000000316e-02 6.260686299999999871e-02 1.056762730000000011e-01 1.669076140000000097e-01 2.472843469999999877e-01 3.447023390000000242e-01 4.537209380000000181e-01 5.663666939999999483e-01 6.738353820000000383e-01 7.685030859999999464e-01 8.455001709999999671e-01 9.033229409999999904e-01 9.434165490000000487e-01 9.690851569999999748e-01 9.842584429999999829e-01 9.925398880000000368e-01 9.967131989999999941e-01 9.986549879999999657e-01 9.994891849999999467e-01 9.998200720000000041e-01 9.999412530000000299e-01 9.999822290000000002e-01 9.999950210000000395e-01 9.999987089999999856e-01 9.999996899999999966e-01 9.999999309999999531e-01 9.999999859999999519e-01 9.999999969999999738e-01 1.000000000000000000e+00 1.000000000000000000e+00 1.000000000000000000e+00 1.000000000000000000e+00 1.000000000000000000e+00 1.000000000000000000e+00 1.000000000000000000e+00 1.000000000000000000e+00 1.000000000000000000e+00 1.000000000000000000e+00 1.000000000000000000e+00 1.000000000000000000e+00 1.000000000000000000e+00 1.000000000000000000e+00 1.000000000000000000e+00 1.000000000000000000e+00 1.000000000000000000e+00 1.000000000000000000e+00 1.000000000000000000e+00 1.000000000000000000e+00 1.000000000000000000e+00 1.000000000000000000e+00
1.140000000000000091e-40 2.229999999999999899e-39 4.149999999999999764e-38 7.360000000000000054e-37 1.239999999999999940e-35 1.990000000000000046e-34 3.040000000000000088e-33 4.409999999999999816e-32 6.090000000000000402e-31 8.000000000000000667e-30 9.989999999999999992e-29 1.189999999999999931e-27 1.339999999999999937e-26 1.450000000000000027e-25 1.480000000000000034e-24 1.440000000000000037e-23 1.330000000000000011e-22 1.180000000000000015e-21 9.859999999999999619e-21 7.870000000000000060e-20 5.980000000000000150e-19 4.320000000000000124e-18 2.970000000000000066e-17 1.939999999999999969e-16 1.209999999999999940e-15 7.149999999999999826e-15 4.030000000000000246e-14 2.159999999999999884e-13 1.099999999999999958e-12 5.359999999999999779e-12 2.480000000000000096e-11 1.089999999999999984e-10 4.580000000000000211e-10 1.830000000000000091e-09 6.939999999999999609e-09 2.509999999999999976e-08 8.650000000000000032e-08 2.840000000000000020e-07 8.870000000000000414e-07 2.640000000000000135e-06 7.490000000000000286e-06 2.024889999999999852e-05 5.216189999999999943e-05 1.280920000000000062e-04 2.999209999999999767e-04 6.697639999999999930e-04 1.426900999999999951e-03 2.901143000000000124e-03 5.631386000000000377e-03 1.044057299999999987e-02 1.849770200000000128e-02 3.133658999999999750e-02 5.079526599999999864e-02 7.884559900000000232e-02 1.173049409999999959e-01 1.674588609999999866e-01 2.296670070000000063e-01 3.030556839999999919e-01 3.854031740000000150e-01 4.732874639999999911e-01 5.624970889999999502e-01 6.486265610000000459e-01 7.277183569999999824e-01 7.967980869999999882e-01 8.541845310000000246e-01 8.995272319999999544e-01 9.336029289999999703e-01 9.579597869999999515e-01 9.745188900000000265e-01 9.852264659999999674e-01 9.918118959999999706e-01 9.956641560000000224e-01 9.978074660000000318e-01 9.989416740000000017e-01 9.995125440000000028e-01 9.997858320000000409e-01 9.999102659999999920e-01 9.999641550000000212e-01 9.999863509999999955e-01 9.999950469999999703e-01 9.999982880000000129e-01 9.999994359999999638e-01 9.999998230000000099e-01 9.999999469999999446e-01 9.999999849999999801e-01 9.999999960000000021e-01 9.999999990000000283e-01 1.000000000000000000e+00 1.000000000000000000e+00 1.000000000000000000e+00 1.000000000000000000e+00 1.000000000000000000e+00 1.000000000000000000e+00 1.000000000000000000e+00 1.000000000000000000e+00 1.000000000000000000e+00 1.000000000000000000e+00 1.000000000000000000e+00 1.000000000000000000e+00 1.000000000000000000e+00
4.600000000000000121e-32 4.370000000000000224e-31 3.990000000000000052e-30 3.519999999999999733e-29 2.989999999999999857e-28 2.449999999999999879e-27 1.939999999999999960e-26 1.479999999999999942e-25 1.090000000000000036e-24 7.690000000000000635e-24 5.250000000000000196e-23 3.459999999999999872e-22 2.190000000000000179e-21 1.339999999999999948e-20 7.920000000000000517e-20 4.500000000000000129e-19 2.469999999999999953e-18 1.309999999999999963e-17 6.659999999999999999e-17 3.280000000000000050e-16 1.549999999999999943e-15 7.110000000000000754e-15 3.130000000000000294e-14 1.329999999999999886e-13 5.469999999999999916e-13 2.160000000000000086e-12 8.250000000000000591e-12 3.030000000000000135e-11 1.080000000000000019e-10 3.680000000000000217e-10 1.219999999999999923e-09 3.870000000000000078e-09 1.190000000000000068e-08 3.529999999999999846e-08 1.010000000000000044e-07 2.779999999999999747e-07 7.409999999999999781e-07 1.900000000000000020e-06 4.719999999999999702e-06 1.130710000000000055e-05 2.612539999999999893e-05 5.827620000000000288e-05 1.255139999999999912e-04 2.610530000000000229e-04 5.244079999999999705e-04 1.017637999999999963e-03 1.908037999999999922e-03 3.457391000000000197e-03 6.056019999999999633e-03 1.025716500000000038e-02 1.680382799999999982e-02 2.663718400000000125e-02 4.087399800000000166e-02 6.074195999999999762e-02 8.746730499999999520e-02 1.221188720000000033e-01 1.654252659999999875e-01 2.175940610000000053e-01 2.781698739999999836e-01 3.459679529999999947e-01 4.191096870000000085e-01 4.951673260000000187e-01 5.714015799999999645e-01 6.450540340000000539e-01 7.136429610000000201e-01 7.752103190000000366e-01 8.284795849999999628e-01 8.729051129999999548e-01 9.086174369999999723e-01 9.362889699999999982e-01 9.569559920000000330e-01 9.718342490000000389e-01 9.821584309999999984e-01 9.890638290000000055e-01 9.935157850000000401e-01 9.962823600000000335e-01 9.979395149999999992e-01 9.988962970000000441e-01 9.994287619999999706e-01 9.997143889999999811e-01 9.998620740000000451e-01 9.999356780000000500e-01 9.999710360000000353e-01 9.999874090000000493e-01 9.999947160000000057e-01 9.999978600000000162e-01 9.999991630000000242e-01 9.999996840000000553e-01 9.999998850000000328e-01 9.999999600000000211e-01 9.999999859999999519e-01 9.999999960000000021e-01 9.999999990000000283e-01 1.000000000000000000e+00 1.000000000000000000e+00 1.000000000000000000e+00 1.000000000000000000e+00 1.000000000000000000e+00 1.000000000000000000e+00 1.000000000000000000e+00
4.849999999999999895e-33 4.649999999999999884e-32 4.289999999999999727e-31 3.829999999999999759e-30 3.289999999999999994e-29 2.729999999999999947e-28 2.189999999999999970e-27 1.690000000000000094e-26 1.260000000000000106e-25 9.080000000000000005e-25 6.310000000000000134e-24 4.220000000000000247e-23 2.730000000000000220e-22 1.700000000000000012e-21 1.030000000000000038e-20 5.960000000000000450e-20 3.340000000000000139e-19 1.809999999999999999e-18 9.440000000000000614e-18 4.759999999999999940e-17 2.310000000000000065e-16 1.089999999999999962e-15 4.920000000000000272e-15 2.149999999999999990e-14 9.080000000000000185e-14 3.699999999999999885e-13 1.450000000000000082e-12 5.509999999999999746e-12 2.019999999999999875e-11 7.139999999999999384e-11 2.439999999999999846e-10 8.030000000000000188e-10 2.559999999999999845e-09 7.850000000000000809e-09 2.330000000000000019e-08 6.669999999999999508e-08 1.840000000000000065e-07 4.929999999999999809e-07 1.269999999999999911e-06 3.170000000000000142e-06 7.619999999999999888e-06 1.771499999999999895e-05 3.979349999999999771e-05 8.637490000000000543e-05 1.811860000000000098e-04 3.673540000000000204e-04 7.200159999999999720e-04 1.364504000000000107e-03 2.500754999999999905e-03 4.433336000000000394e-03 7.604399999999999875e-03 1.262408200000000001e-02 2.028977599999999895e-02 3.158333599999999658e-02 4.763479100000000271e-02 6.964388500000000259e-02 9.875737299999999552e-02 1.359100920000000101e-01 1.816495880000000007e-01 2.359741880000000014e-01 2.982194260000000097e-01 3.670244550000000272e-01 4.403978680000000256e-01 5.158830549999999793e-01 5.908015840000000463e-01 6.625349550000000365e-01 7.287959130000000174e-01 7.878430260000000018e-01 8.386056490000000085e-01 8.807067910000000444e-01 9.143926860000000101e-01 9.403946800000000383e-01 9.597575409999999918e-01 9.736678469999999752e-01 9.833085350000000391e-01 9.897544339999999607e-01 9.939122289999999804e-01 9.964995279999999678e-01 9.980527519999999875e-01 9.989523019999999587e-01 9.994549000000000349e-01 9.997258070000000219e-01 9.998666779999999532e-01 9.999373459999999492e-01 9.999715470000000161e-01 9.999875150000000490e-01 9.999947070000000382e-01 9.999978330000000026e-01 9.999991430000000348e-01 9.999996719999999506e-01 9.999998789999999804e-01 9.999999569999999949e-01 9.999999849999999801e-01 9.999999950000000304e-01 9.999999979999999455e-01 1.000000000000000000e+00 1.000000000000000000e+00 1.000000000000000000e+00 1.000000000000000000e+00 1.000000000000000000e+00
6.450000000000000122e-33 5.889999999999999598e-32 5.189999999999999627e-31 4.429999999999999809e-30 3.650000000000000024e-29 2.900000000000000130e-28 2.229999999999999928e-27 1.659999999999999892e-26 1.190000000000000075e-25 8.249999999999999600e-25 5.530000000000000138e-24 3.579999999999999708e-23 2.239999999999999770e-22 1.350000000000000054e-21 7.909999999999999583e-21 4.469999999999999735e-20 2.440000000000000113e-19 1.279999999999999930e-18 6.549999999999999814e-18 3.219999999999999814e-17 1.529999999999999963e-16 7.050000000000000173e-16 3.129999999999999979e-15 1.349999999999999927e-14 5.590000000000000036e-14 2.240000000000000048e-13 8.690000000000000332e-13 3.259999999999999842e-12 1.180000000000000061e-11 4.130000000000000214e-11 1.400000000000000077e-10 4.580000000000000211e-10 1.449999999999999956e-09 4.429999999999999798e-09 1.309999999999999984e-08 3.739999999999999741e-08 1.029999999999999959e-07 2.770000000000000055e-07 7.150000000000000365e-07 1.790000000000000014e-06 4.320000000000000143e-06 1.011180000000000032e-05 2.287899999999999897e-05 5.008240000000000012e-05 1.060779999999999964e-04 2.174250000000000130e-04 4.313230000000000037e-04 8.282720000000000143e-04 1.539919000000000053e-03 2.772436999999999992e-03 4.834602000000000344e-03 8.167742999999999878e-03 1.337231200000000078e-02 2.122316100000000080e-02 3.266377300000000011e-02 4.876959100000000102e-02 7.067327800000000604e-02 9.945074700000000600e-02 1.359756430000000071e-01 1.807600070000000003e-01 2.338075049999999988e-01 2.945097130000000063e-01 3.616132140000000161e-01 4.332748969999999922e-01 5.072064729999999910e-01 5.808906209999999959e-01 6.518352160000000506e-01 7.178233269999999555e-01 7.771176619999999868e-01 8.285885680000000253e-01 8.717515569999999547e-01 9.067188720000000091e-01 9.340850459999999744e-01 9.547753490000000509e-01 9.698873030000000339e-01 9.805502000000000384e-01 9.878184650000000344e-01 9.926046229999999637e-01 9.956493199999999488e-01 9.975204410000000355e-01 9.986313030000000257e-01 9.992684189999999633e-01 9.996214220000000372e-01 9.998103680000000049e-01 9.999080679999999832e-01 9.999568730000000238e-01 9.999804239999999789e-01 9.999914039999999726e-01 9.999963480000000349e-01 9.999985000000000124e-01 9.999994039999999806e-01 9.999997710000000373e-01 9.999999149999999615e-01 9.999999689999999886e-01 9.999999889999999780e-01 9.999999960000000021e-01 9.999999990000000283e-01 1.000000000000000000e+00 1.000000000000000000e+00 1.000000000000000000e+00
1.030000000000000050e-36 1.210000000000000032e-35 1.369999999999999916e-34 1.489999999999999933e-33 1.559999999999999896e-32 1.569999999999999903e-31 1.519999999999999987e-30 1.420000000000000118e-29 1.280000000000000107e-28 1.110000000000000014e-27 9.249999999999999639e-27 7.419999999999999654e-26 5.730000000000000307e-25 4.259999999999999693e-24 3.050000000000000254e-23 2.100000000000000079e-22 1.400000000000000021e-21 8.929999999999999440e-21 5.490000000000000495e-20 3.250000000000000040e-19 1.860000000000000118e-18 1.019999999999999965e-17 5.389999999999999823e-17 2.749999999999999819e-16 1.350000000000000046e-15 6.360000000000000005e-15 2.890000000000000181e-14 1.269999999999999890e-13 5.340000000000000470e-13 2.169999999999999841e-12 8.479999999999999409e-12 3.199999999999999936e-11 1.160000000000000001e-10 4.049999999999999973e-10 1.360000000000000060e-09 4.429999999999999798e-09 1.379999999999999949e-08 4.160000000000000193e-08 1.210000000000000115e-07 3.370000000000000133e-07 9.090000000000000002e-07 2.359999999999999851e-06 5.900000000000000262e-06 1.422190000000000016e-05 3.305679999999999833e-05 7.408119999999999809e-05 1.600879999999999892e-04 3.336449999999999811e-04 6.707479999999999823e-04 1.300975999999999912e-03 2.435070000000000116e-03 4.399400999999999833e-03 7.674282000000000152e-03 1.292951099999999943e-02 2.104664900000000061e-02 3.311449100000000284e-02 5.038367299999999688e-02 7.417011299999999585e-02 1.057058280000000017e-01 1.459489419999999982e-01 1.953795740000000003e-01 2.538204190000000193e-01 3.203251540000000008e-01 3.931709429999999950e-01 4.699728750000000121e-01 5.479120250000000247e-01 6.240418800000000488e-01 6.956183329999999776e-01 7.603923959999999704e-01 8.168143220000000371e-01 8.641196899999999959e-01 9.022955360000000091e-01 9.319494900000000470e-01 9.541208410000000528e-01 9.700765930000000425e-01 9.811290270000000424e-01 9.884981200000000356e-01 9.932272949999999545e-01 9.961485679999999565e-01 9.978854639999999998e-01 9.988794739999999894e-01 9.994270229999999700e-01 9.997173379999999554e-01 9.998654980000000192e-01 9.999382770000000420e-01 9.999726880000000540e-01 9.999883480000000269e-01 9.999952079999999688e-01 9.999981000000000009e-01 9.999992739999999936e-01 9.999997330000000018e-01 9.999999050000000222e-01 9.999999680000000168e-01 9.999999889999999780e-01 9.999999969999999738e-01 9.999999990000000283e-01 1.000000000000000000e+00 1.000000000000000000e+00 1.000000000000000000e+00 1.000000000000000000e+00
8.650000000000000375e-38 1.120000000000000041e-36 1.390000000000000015e-35 1.649999999999999913e-34 1.899999999999999969e-33 2.090000000000000069e-32 2.209999999999999939e-31 2.249999999999999837e-30 2.189999999999999902e-29 2.059999999999999835e-28 1.860000000000000043e-27 1.610000000000000033e-26 1.340000000000000109e-25 1.080000000000000065e-24 8.290000000000000405e-24 6.130000000000000056e-23 4.360000000000000409e-22 2.980000000000000150e-21 1.960000000000000067e-20 1.229999999999999907e-19 7.479999999999999873e-19 4.359999999999999911e-18 2.439999999999999959e-17 1.320000000000000002e-16 6.820000000000000380e-16 3.389999999999999865e-15 1.619999999999999976e-14 7.460000000000000524e-14 3.300000000000000075e-13 1.400000000000000093e-12 5.730000000000000020e-12 2.249999999999999985e-11 8.489999999999999892e-11 3.080000000000000221e-10 1.079999999999999993e-09 3.619999999999999907e-09 1.170000000000000054e-08 3.619999999999999990e-08 1.080000000000000009e-07 3.110000000000000187e-07 8.589999999999999495e-07 2.280000000000000193e-06 5.839999999999999990e-06 1.437870000000000008e-05 3.405489999999999814e-05 7.763129999999999651e-05 1.703560000000000068e-04 3.599249999999999802e-04 7.322980000000000418e-04 1.435080000000000036e-03 2.709453000000000122e-03 4.929730000000000223e-03 8.646378999999999176e-03 1.462402200000000041e-02 2.386127399999999829e-02 3.757608999999999949e-02 5.714072099999999849e-02 8.395634200000000325e-02 1.192696750000000055e-01 1.639508130000000008e-01 2.182689050000000131e-01 2.817142220000000141e-01 3.529157749999999871e-01 4.296897809999999929e-01 5.092276270000000160e-01 5.883990260000000472e-01 6.641167749999999925e-01 7.336931730000000318e-01 7.951204160000000520e-01 8.472272800000000270e-01 8.896954580000000501e-01 9.229512319999999548e-01 9.479722600000000110e-01 9.660597309999999771e-01 9.786224930000000377e-01 9.870060210000000112e-01 9.923813230000000374e-01 9.956927340000000237e-01 9.976527410000000096e-01 9.987673849999999520e-01 9.993764290000000106e-01 9.996961669999999689e-01 9.998574449999999558e-01 9.999356050000000051e-01 9.999719999999999720e-01 9.999882820000000061e-01 9.999952810000000136e-01 9.999981709999999913e-01 9.999993179999999704e-01 9.999997550000000457e-01 9.999999160000000442e-01 9.999999720000000147e-01 9.999999910000000325e-01 9.999999969999999738e-01 9.999999990000000283e-01 1.000000000000000000e+00 1.000000000000000000e+00 1.000000000000000000e+00 1.000000000000000000e+00 1.000000000000000000e+00
1.030000000000000010e-46 2.580000000000000055e-45 6.169999999999999751e-44 1.399999999999999989e-42 3.010000000000000207e-41 6.169999999999999670e-40 1.200000000000000111e-38 2.220000000000000009e-37 3.909999999999999773e-36 6.539999999999999728e-35 1.039999999999999976e-33 1.570000000000000013e-32 2.250000000000000188e-31 3.080000000000000046e-30 3.990000000000000052e-29 4.919999999999999737e-28 5.770000000000000021e-27 6.430000000000000161e-26 6.819999999999999976e-25 6.869999999999999283e-24 6.569999999999999692e-23 5.980000000000000436e-22 5.179999999999999833e-21 4.259999999999999986e-20 3.329999999999999807e-19 2.479999999999999900e-18 1.750000000000000087e-17 1.179999999999999946e-16 7.540000000000000247e-16 4.580000000000000269e-15 2.650000000000000068e-14 1.460000000000000090e-13 7.619999999999999843e-13 3.789999999999999805e-12 1.790000000000000087e-11 8.059999999999999826e-11 3.449999999999999977e-10 1.399999999999999922e-09 5.440000000000000240e-09 2.010000000000000131e-08 7.030000000000000084e-08 2.350000000000000000e-07 7.460000000000000361e-07 2.250000000000000057e-06 6.489999999999999696e-06 1.779269999999999992e-05 4.645009999999999764e-05 1.155120000000000013e-04 2.736889999999999744e-04 6.180069999999999531e-04 1.330348999999999985e-03 2.730990999999999887e-03 5.348430000000000371e-03 9.997195999999999860e-03 1.784431599999999896e-02 3.043341999999999922e-02 4.962856799999999791e-02 7.744493500000000641e-02 1.157557889999999978e-01 1.659040529999999958e-01 2.282922910000000083e-01 3.020593409999999812e-01 3.849556239999999963e-01 4.734917909999999952e-01 5.633627549999999928e-01 6.500651579999999763e-01 7.295631019999999634e-01 7.988408310000000290e-01 8.562186870000000338e-01 9.013842899999999769e-01 9.351739650000000514e-01 9.591994860000000456e-01 9.754352969999999790e-01 9.858629709999999768e-01 9.922281830000000413e-01 9.959209350000000072e-01 9.979570340000000206e-01 9.990240200000000126e-01 9.995554300000000225e-01 9.998069720000000160e-01 9.999201349999999877e-01 9.999685189999999446e-01 9.999881809999999760e-01 9.999957739999999484e-01 9.999985620000000353e-01 9.999995339999999677e-01 9.999998559999999648e-01 9.999999579999999666e-01 9.999999880000000063e-01 9.999999969999999738e-01 9.999999990000000283e-01 1.000000000000000000e+00 1.000000000000000000e+00 1.000000000000000000e+00 1.000000000000000000e+00 1.000000000000000000e+00 1.000000000000000000e+00 1.000000000000000000e+00 1.000000000000000000e+00 1.000000000000000000e+00
2.999999999999999999e-49 9.319999999999999810e-48 2.739999999999999857e-46 7.630000000000000123e-45 2.009999999999999867e-43 5.019999999999999771e-42 1.190000000000000046e-40 2.660000000000000089e-39 5.629999999999999561e-38 1.130000000000000077e-36 2.150000000000000090e-35 3.859999999999999819e-34 6.569999999999999882e-33 1.060000000000000018e-31 1.619999999999999995e-30 2.339999999999999915e-29 3.199999999999999818e-28 4.149999999999999729e-27 5.089999999999999938e-26 5.919999999999999769e-25 6.510000000000000302e-24 6.789999999999999509e-23 6.699999999999999926e-22 6.270000000000000359e-21 5.550000000000000079e-20 4.650000000000000294e-19 3.689999999999999625e-18 2.780000000000000307e-17 1.979999999999999880e-16 1.340000000000000080e-15 8.540000000000000719e-15 5.170000000000000311e-14 2.969999999999999967e-13 1.610000000000000006e-12 8.309999999999999932e-12 4.060000000000000068e-11 1.879999999999999970e-10 8.219999999999999532e-10 3.410000000000000012e-09 1.339999999999999922e-08 5.019999999999999953e-08 1.770000000000000100e-07 5.950000000000000207e-07 1.889999999999999904e-06 5.710000000000000387e-06 1.634870000000000154e-05 4.439410000000000242e-05 1.144049999999999999e-04 2.798650000000000183e-04 6.500800000000000372e-04 1.434312000000000087e-03 3.007085000000000053e-03 5.993285000000000105e-03 1.136116900000000082e-02 2.049640000000000142e-02 3.521505600000000152e-02 5.766676200000000335e-02 9.009051999999999338e-02 1.344218120000000016e-01 1.918057890000000043e-01 2.621299029999999974e-01 3.437226190000000070e-01 4.333482240000000041e-01 5.265547769999999739e-01 6.183234509999999684e-01 7.038648060000000095e-01 7.793551499999999965e-01 8.424276760000000142e-01 8.923187049999999898e-01 9.296813839999999995e-01 9.561716700000000291e-01 9.739531630000000106e-01 9.852532680000000154e-01 9.920520189999999516e-01 9.959246649999999867e-01 9.980130879999999927e-01 9.990793409999999541e-01 9.995947280000000434e-01 9.998305790000000526e-01 9.999327599999999761e-01 9.999746710000000371e-01 9.999909470000000189e-01 9.999969300000000061e-01 9.999990130000000477e-01 9.999996989999999641e-01 9.999999130000000180e-01 9.999999760000000126e-01 9.999999939999999476e-01 9.999999979999999455e-01 1.000000000000000000e+00 1.000000000000000000e+00 1.000000000000000000e+00 1.000000000000000000e+00 1.000000000000000000e+00 1.000000000000000000e+00 1.000000000000000000e+00 1.000000000000000000e+00 1.000000000000000000e+00 1.000000000000000000e+00 1.000000000000000000e+00
5.210000000000000247e-52 2.129999999999999927e-50 8.179999999999999742e-49 2.959999999999999827e-47 1.010000000000000045e-45 3.240000000000000191e-44 9.789999999999999255e-43 2.780000000000000044e-41 7.459999999999999424e-40 1.880000000000000095e-38 4.469999999999999793e-37 9.990000000000000377e-36 2.100000000000000083e-34 4.169999999999999884e-33 7.779999999999999519e-32 1.369999999999999974e-30 2.259999999999999908e-29 3.519999999999999845e-28 5.170000000000000285e-27 7.140000000000000447e-26 9.299999999999999382e-25 1.140000000000000005e-23 1.309999999999999920e-22 1.430000000000000039e-21 1.460000000000000019e-20 1.410000000000000105e-19 1.279999999999999930e-18 1.090000000000000055e-17 8.819999999999999599e-17 6.690000000000000240e-16 4.790000000000000132e-15 3.219999999999999785e-14 2.050000000000000100e-13 1.220000000000000052e-12 6.889999999999999924e-12 3.660000000000000157e-11 1.829999999999999884e-10 8.620000000000000218e-10 3.830000000000000216e-09 1.609999999999999858e-08 6.339999999999999861e-08 2.359999999999999957e-07 8.290000000000000250e-07 2.749999999999999928e-06 8.590000000000000765e-06 2.531630000000000019e-05 7.046089999999999483e-05 1.851439999999999878e-04 4.594299999999999838e-04 1.077059999999999910e-03 2.386445999999999967e-03 4.999955000000000371e-03 9.911272000000000484e-03 1.860067300000000159e-02 3.307506200000000229e-02 5.577524700000000002e-02 8.929322400000000437e-02 1.358889060000000037e-01 1.968753510000000040e-01 2.720274220000000187e-01 3.592178340000000136e-01 4.544572610000000012e-01 5.524029110000000520e-01 6.472390559999999793e-01 7.336926339999999547e-01 8.078940690000000480e-01 8.678540909999999942e-01 9.134715629999999864e-01 9.461469249999999720e-01 9.681827379999999872e-01 9.821740009999999632e-01 9.905377990000000521e-01 9.952450640000000126e-01 9.977393810000000363e-01 9.989837580000000550e-01 9.995682380000000533e-01 9.998267039999999550e-01 9.999343139999999908e-01 9.999764949999999653e-01 9.999920620000000149e-01 9.999974700000000549e-01 9.999992389999999842e-01 9.999997840000000027e-01 9.999999419999999750e-01 9.999999849999999801e-01 9.999999969999999738e-01 9.999999990000000283e-01 1.000000000000000000e+00 1.000000000000000000e+00 1.000000000000000000e+00 1.000000000000000000e+00 1.000000000000000000e+00 1.000000000000000000e+00 1.000000000000000000e+00 1.000000000000000000e+00 1.000000000000000000e+00 1.000000000000000000e+00 1.000000000000000000e+00 1.000000000000000000e+00 1.000000000000000000e+00
1.050000000000000014e-65 1.260000000000000000e-63 1.410000000000000038e-61 1.450000000000000081e-59 1.380000000000000071e-57 1.210000000000000046e-55 9.829999999999999706e-54 7.369999999999999433e-52 5.109999999999999772e-50 3.270000000000000147e-48 1.930000000000000011e-46 1.059999999999999943e-44 5.330000000000000244e-43 2.490000000000000016e-41 1.069999999999999949e-39 4.270000000000000114e-38 1.569999999999999998e-36 5.340000000000000200e-35 1.680000000000000067e-33 4.870000000000000266e-32 1.310000000000000039e-30 3.240000000000000270e-29 7.419999999999999834e-28 1.569999999999999860e-26 3.080000000000000004e-25 5.570000000000000025e-24 9.299999999999999676e-23 1.439999999999999920e-21 2.050000000000000046e-20 2.709999999999999928e-19 3.310000000000000106e-18 3.740000000000000129e-17 3.899999999999999771e-16 3.760000000000000355e-15 3.350000000000000241e-14 2.769999999999999809e-13 2.110000000000000097e-12 1.490000000000000154e-11 9.719999999999999780e-11 5.870000000000000409e-10 3.279999999999999840e-09 1.700000000000000002e-08 8.119999999999999918e-08 3.599999999999999943e-07 1.480000000000000018e-06 5.620000000000000402e-06 1.977779999999999892e-05 6.456600000000000490e-05 1.954480000000000030e-04 5.488620000000000044e-04 1.430688000000000055e-03 3.463868000000000155e-03 7.795629999999999574e-03 1.632369300000000023e-02 3.183807599999999988e-02 5.791870100000000299e-02 9.843238499999999724e-02 1.565873190000000026e-01 2.337261569999999899e-01 3.282762249999999771e-01 4.353672780000000242e-01 5.474522410000000061e-01 6.558560169999999578e-01 7.527382889999999493e-01 8.327487639999999747e-01 8.938080430000000520e-01 9.368664840000000549e-01 9.649250910000000125e-01 9.818207169999999540e-01 9.912218900000000499e-01 9.960556839999999967e-01 9.983523170000000446e-01 9.993606210000000045e-01 9.997696790000000222e-01 9.999230249999999653e-01 9.999761440000000112e-01 9.999931469999999711e-01 9.999981759999999609e-01 9.999995499999999593e-01 9.999998970000000265e-01 9.999999779999999561e-01 9.999999960000000021e-01 9.999999990000000283e-01 1.000000000000000000e+00 1.000000000000000000e+00 1.000000000000000000e+00 1.000000000000000000e+00 1.000000000000000000e+00 1.000000000000000000e+00 1.000000000000000000e+00 1.000000000000000000e+00 1.000000000000000000e+00 1.000000000000000000e+00 1.000000000000000000e+00 1.000000000000000000e+00 1.000000000000000000e+00 1.000000000000000000e+00 1.000000000000000000e+00 1.000000000000000000e+00 1.000000000000000000e+00
3.119999999999999939e-87 2.019999999999999960e-84 1.180000000000000048e-81 6.140000000000000269e-79 2.869999999999999967e-76 1.210000000000000076e-73 4.560000000000000225e-71 1.540000000000000016e-68 4.679999999999999792e-66 1.279999999999999902e-63 3.120000000000000261e-61 6.860000000000000389e-59 1.349999999999999975e-56 2.390000000000000079e-54 3.789999999999999821e-52 5.399999999999999922e-50 6.910000000000000151e-48 7.929999999999999760e-46 8.169999999999999906e-44 7.559999999999999590e-42 6.270000000000000397e-40 4.669999999999999890e-38 3.130000000000000293e-36 1.880000000000000009e-34 1.010000000000000036e-32 4.900000000000000233e-31 2.129999999999999897e-29 8.310000000000000076e-28 2.909999999999999796e-26 9.159999999999999779e-25 2.589999999999999940e-23 6.560000000000000469e-22 1.500000000000000143e-20 3.059999999999999992e-19 5.630000000000000087e-18 9.299999999999999510e-17 1.379999999999999942e-15 1.839999999999999922e-14 2.199999999999999966e-13 2.370000000000000201e-12 2.300000000000000135e-11 2.000000000000000073e-10 1.569999999999999955e-09 1.099999999999999924e-08 6.989999999999999726e-08 3.990000000000000126e-07 2.049999999999999854e-06 9.470000000000000810e-06 3.947299999999999968e-05 1.483889999999999916e-04 5.034059999999999707e-04 1.542514999999999945e-03 4.273571999999999788e-03 1.071915199999999915e-02 2.437940800000000172e-02 5.037648100000000073e-02 9.480499200000000459e-02 1.629875339999999895e-01 2.569513560000000196e-01 3.732368890000000161e-01 5.024686369999999958e-01 6.314395430000000475e-01 7.470223590000000247e-01 8.400417049999999719e-01 9.072666999999999815e-01 9.508945949999999536e-01 9.763202290000000394e-01 9.896263320000000530e-01 9.958794800000000391e-01 9.985183130000000462e-01 9.995182820000000357e-01 9.998585490000000409e-01 9.999625180000000224e-01 9.999910440000000511e-01 9.999980710000000439e-01 9.999996260000000303e-01 9.999999349999999509e-01 9.999999899999999498e-01 9.999999990000000283e-01 1.000000000000000000e+00 1.000000000000000000e+00 1.000000000000000000e+00 1.000000000000000000e+00 1.000000000000000000e+00 1.000000000000000000e+00 1.000000000000000000e+00 1.000000000000000000e+00 1.000000000000000000e+00 1.000000000000000000e+00 1.000000000000000000e+00 1.000000000000000000e+00 1.000000000000000000e+00 1.000000000000000000e+00 1.000000000000000000e+00 1.000000000000000000e+00 1.000000000000000000e+00 1.000000000000000000e+00 1.000000000000000000e+00 1.000000000000000000e+00 1.000000000000000000e+00
1.690000000000000070e-96 2.460000000000000110e-93 3.170000000000000134e-90 3.599999999999999929e-87 3.609999999999999979e-84 3.209999999999999829e-81 2.520000000000000165e-78 1.740000000000000103e-75 1.069999999999999961e-72 5.779999999999999856e-70 2.760000000000000126e-67 1.169999999999999937e-64 4.359999999999999896e-62 1.440000000000000002e-59 4.199999999999999896e-57 1.080000000000000016e-54 2.469999999999999989e-52 4.980000000000000097e-50 8.860000000000000284e-48 1.400000000000000071e-45 1.939999999999999891e-43 2.389999999999999900e-41 2.599999999999999979e-39 2.490000000000000067e-37 2.119999999999999915e-35 1.589999999999999904e-33 1.060000000000000018e-31 6.210000000000000097e-30 3.220000000000000156e-28 1.480000000000000114e-26 6.010000000000000432e-25 2.160000000000000056e-23 6.850000000000000016e-22 1.919999999999999943e-20 4.779999999999999795e-19 1.049999999999999960e-17 2.040000000000000115e-16 3.520000000000000005e-15 5.360000000000000006e-14 7.230000000000000495e-13 8.630000000000000184e-12 9.129999999999999750e-11 8.550000000000000460e-10 7.090000000000000125e-09 5.219999999999999758e-08 3.399999999999999740e-07 1.970000000000000197e-06 1.009969999999999920e-05 4.603999999999999965e-05 1.865199999999999963e-04 6.721560000000000338e-04 2.157001999999999878e-03 6.172425999999999954e-03 1.577677099999999846e-02 3.609546699999999914e-02 7.411621899999999707e-02 1.370445899999999939e-01 2.291693989999999959e-01 3.484620330000000044e-01 4.850962070000000015e-01 6.235212509999999986e-01 7.475663769999999486e-01 8.458890540000000291e-01 9.148233019999999494e-01 9.575718479999999477e-01 9.810200390000000104e-01 9.923961820000000156e-01 9.972779120000000441e-01 9.991307600000000066e-01 9.997527550000000485e-01 9.999374300000000160e-01 9.999859250000000532e-01 9.999971880000000368e-01 9.999995010000000129e-01 9.999999219999999855e-01 9.999999889999999780e-01 9.999999990000000283e-01 1.000000000000000000e+00 1.000000000000000000e+00 1.000000000000000000e+00 1.000000000000000000e+00 1.000000000000000000e+00 1.000000000000000000e+00 1.000000000000000000e+00 1.000000000000000000e+00 1.000000000000000000e+00 1.000000000000000000e+00 1.000000000000000000e+00 1.000000000000000000e+00 1.000000000000000000e+00 1.000000000000000000e+00 1.000000000000000000e+00 1.000000000000000000e+00 1.000000000000000000e+00 1.000000000000000000e+00 1.000000000000000000e+00 1.000000000000000000e+00 1.000000000000000000e+00 1.000000000000000000e+00 1.000000000000000000e+00
1.960000000000000197e-124 2.930000000000000083e-120 3.710000000000000111e-116 3.980000000000000137e-112 3.610000000000000087e-108 2.779999999999999892e-104 1.810000000000000067e-100 9.959999999999999566e-97 4.639999999999999924e-93 1.830000000000000146e-89 6.129999999999999727e-86 1.740000000000000097e-82 4.160000000000000139e-79 8.439999999999999967e-76 1.449999999999999988e-72 2.110000000000000083e-69 2.599999999999999884e-66 2.709999999999999874e-63 2.400000000000000095e-60 1.790000000000000028e-57 1.140000000000000041e-54 6.099999999999999898e-52 2.769999999999999932e-49 1.070000000000000058e-46 3.480000000000000150e-44 9.620000000000000486e-42 2.250000000000000045e-39 4.459999999999999590e-37 7.489999999999999755e-35 1.059999999999999936e-32 1.280000000000000072e-30 1.309999999999999941e-28 1.129999999999999957e-26 8.320000000000000320e-25 5.169999999999999835e-23 2.730000000000000126e-21 1.220000000000000056e-19 4.620000000000000069e-18 1.479999999999999890e-16 4.040000000000000172e-15 9.360000000000000002e-14 1.839999999999999834e-12 3.060000000000000290e-11 4.330000000000000040e-10 5.210000000000000000e-09 5.319999999999999992e-08 4.630000000000000034e-07 3.419999999999999866e-06 2.157420000000000090e-05 1.159460000000000042e-04 5.320620000000000297e-04 2.088140999999999955e-03 7.023477999999999666e-03 2.030007699999999971e-02 5.059409399999999918e-02 1.092268180000000033e-01 2.054871000000000059e-01 3.395430729999999730e-01 4.979093459999999749e-01 6.566102830000000168e-01 7.915179380000000320e-01 8.887996670000000154e-01 9.483053070000000417e-01 9.791804570000000041e-01 9.927690179999999476e-01 9.978417080000000494e-01 9.994478669999999898e-01 9.998791930000000550e-01 9.999774299999999450e-01 9.999964040000000054e-01 9.999995120000000348e-01 9.999999440000000295e-01 9.999999939999999476e-01 1.000000000000000000e+00 1.000000000000000000e+00 1.000000000000000000e+00 1.000000000000000000e+00 1.000000000000000000e+00 1.000000000000000000e+00 1.000000000000000000e+00 1.000000000000000000e+00 1.000000000000000000e+00 1.000000000000000000e+00 1.000000000000000000e+00 1.000000000000000000e+00 1.000000000000000000e+00 1.000000000000000000e+00 1.000000000000000000e+00 1.000000000000000000e+00 1.000000000000000000e+00 1.000000000000000000e+00 1.000000000000000000e+00 1.000000000000000000e+00 1.000000000000000000e+00 1.000000000000000000e+00 1.000000000000000000e+00 1.000000000000000000e+00 1.000000000000000000e+00 1.000000000000000000e+00 1.000000000000000000e+00
1.219999999999999961e-128 2.669999999999999899e-124 4.900000000000000325e-120 7.559999999999999653e-116 9.799999999999999645e-112 1.069999999999999999e-107 9.790000000000000042e-104 7.530000000000000293e-100 4.870000000000000230e-96 2.650000000000000147e-92 1.210000000000000013e-88 4.649999999999999795e-85 1.499999999999999942e-81 4.060000000000000079e-78 9.259999999999999431e-75 1.770000000000000087e-71 2.859999999999999824e-68 3.860000000000000112e-65 4.400000000000000347e-62 4.199999999999999931e-59 3.380000000000000094e-56 2.280000000000000140e-53 1.300000000000000069e-50 6.190000000000000364e-48 2.480000000000000073e-45 8.379999999999999235e-43 2.380000000000000093e-40 5.670000000000000374e-38 1.139999999999999980e-35 1.919999999999999930e-33 2.719999999999999824e-31 3.249999999999999991e-29 3.259999999999999666e-27 2.759999999999999991e-25 1.960000000000000034e-23 1.169999999999999946e-21 5.890000000000000533e-20 2.500000000000000179e-18 8.900000000000000406e-17 2.669999999999999998e-15 6.750000000000000268e-14 1.439999999999999923e-12 2.580000000000000073e-11 3.909999999999999940e-10 4.990000000000000346e-09 5.369999999999999778e-08 4.889999999999999980e-07 3.759999999999999999e-06 2.442230000000000163e-05 1.344309999999999874e-04 6.274670000000000421e-04 2.487931000000000083e-03 8.399135000000000281e-03 2.421390899999999874e-02 5.984259799999999685e-02 1.274355080000000029e-01 2.354243109999999972e-01 3.807162049999999742e-01 5.453408100000000092e-01 7.024281500000000289e-01 8.286631580000000108e-01 9.140923840000000355e-01 9.627794710000000533e-01 9.861458450000000209e-01 9.955891839999999604e-01 9.988028490000000481e-01 9.997237159999999845e-01 9.999458909999999756e-01 9.999910210000000355e-01 9.999987390000000254e-01 9.999998500000000234e-01 9.999999849999999801e-01 9.999999990000000283e-01 1.000000000000000000e+00 1.000000000000000000e+00 1.000000000000000000e+00 1.000000000000000000e+00 1.000000000000000000e+00 1.000000000000000000e+00 1.000000000000000000e+00 1.000000000000000000e+00 1.000000000000000000e+00 1.000000000000000000e+00 1.000000000000000000e+00 1.000000000000000000e+00 1.000000000000000000e+00 1.000000000000000000e+00 1.000000000000000000e+00 1.000000000000000000e+00 1.000000000000000000e+00 1.000000000000000000e+00 1.000000000000000000e+00 1.000000000000000000e+00 1.000000000000000000e+00 1.000000000000000000e+00 1.000000000000000000e+00 1.000000000000000000e+00 1.000000000000000000e+00 1.000000000000000000e+00 1.000000000000000000e+00
2.179999999999999903e-144 1.859999999999999955e-139 1.309999999999999924e-134 7.499999999999999444e-130 3.520000000000000231e-125 1.360000000000000005e-120 4.270000000000000086e-116 1.099999999999999968e-111 2.320000000000000076e-107 4.019999999999999857e-103 5.689999999999999728e-99 6.590000000000000651e-95 6.250000000000000241e-91 4.859999999999999793e-87 3.090000000000000162e-83 1.609999999999999872e-79 6.870000000000000288e-76 2.400000000000000118e-72 6.879999999999999996e-69 1.610000000000000022e-65 3.090000000000000053e-62 4.860000000000000337e-59 6.260000000000000281e-56 6.609999999999999850e-53 5.709999999999999658e-50 4.040000000000000237e-47 2.340000000000000221e-44 1.110000000000000056e-41 4.330000000000000159e-39 1.379999999999999979e-36 3.609999999999999891e-34 7.730000000000000303e-32 1.360000000000000113e-29 1.949999999999999860e-27 2.299999999999999916e-25 2.230000000000000078e-23 1.769999999999999929e-21 1.149999999999999899e-19 6.129999999999999738e-18 2.680000000000000161e-16 9.650000000000000217e-15 2.849999999999999973e-13 6.900000000000000083e-12 1.369999999999999922e-10 2.249999999999999882e-09 3.030000000000000001e-08 3.350000000000000219e-07 3.059999999999999925e-06 2.305679999999999920e-05 1.434200000000000058e-04 7.381319999999999592e-04 3.150282999999999816e-03 1.118223399999999923e-02 3.313998199999999839e-02 8.242687599999999615e-02 1.732662690000000005e-01 3.107443080000000246e-01 4.815965150000000028e-01 6.559546790000000405e-01 8.020710890000000148e-01 9.026219079999999728e-01 9.594406279999999621e-01 9.858039650000000043e-01 9.958476069999999680e-01 9.989891140000000114e-01 9.997958110000000342e-01 9.999658609999999559e-01 9.999952840000000398e-01 9.999994629999999773e-01 9.999999499999999708e-01 9.999999960000000021e-01 1.000000000000000000e+00 1.000000000000000000e+00 1.000000000000000000e+00 1.000000000000000000e+00 1.000000000000000000e+00 1.000000000000000000e+00 1.000000000000000000e+00 1.000000000000000000e+00 1.000000000000000000e+00 1.000000000000000000e+00 1.000000000000000000e+00 1.000000000000000000e+00 1.000000000000000000e+00 1.000000000000000000e+00 1.000000000000000000e+00 1.000000000000000000e+00 1.000000000000000000e+00 1.000000000000000000e+00 1.000000000000000000e+00 1.000000000000000000e+00 1.000000000000000000e+00 1.000000000000000000e+00 1.000000000000000000e+00 1.000000000000000000e+00 1.000000000000000000e+00 1.000000000000000000e+00 1.000000000000000000e+00 1.000000000000000000e+00 1.000000000000000000e+00
8.239999999999999495e-169 5.670000000000000155e-163 3.079999999999999818e-157 1.309999999999999923e-151 4.409999999999999989e-146 1.169999999999999917e-140 2.430000000000000078e-135 3.980000000000000294e-130 5.129999999999999748e-125 5.210000000000000138e-120 4.169999999999999832e-115 2.620000000000000057e-110 1.299999999999999936e-105 5.069999999999999756e-101 1.559999999999999937e-96 3.770000000000000311e-92 7.180000000000000343e-88 1.079999999999999964e-83 1.270000000000000017e-79 1.179999999999999960e-75 8.650000000000000091e-72 4.990000000000000379e-68 2.260000000000000067e-64 8.099999999999999457e-61 2.280000000000000129e-57 5.059999999999999889e-54 8.839999999999999711e-51 1.219999999999999896e-47 1.320000000000000023e-44 1.130000000000000054e-41 7.589999999999999716e-39 4.030000000000000207e-36 1.680000000000000067e-33 5.550000000000000112e-31 1.439999999999999896e-28 2.950000000000000257e-26 4.770000000000000086e-24 6.069999999999999550e-22 6.100000000000000282e-20 4.839999999999999668e-18 3.029999999999999932e-16 1.499999999999999919e-14 5.830000000000000402e-13 1.799999999999999923e-11 4.389999999999999833e-10 8.470000000000000736e-09 1.290000000000000037e-07 1.570000000000000003e-06 1.508929999999999968e-05 1.154359999999999973e-04 7.038300000000000155e-04 3.430087000000000066e-03 1.341309499999999988e-02 4.230713299999999677e-02 1.084153399999999989e-01 2.279906580000000127e-01 3.989903189999999822e-01 5.923357970000000527e-01 7.651836229999999794e-01 8.873577980000000309e-01 9.556330779999999692e-01 9.857970240000000217e-01 9.963315510000000375e-01 9.992395659999999680e-01 9.998739859999999924e-01 9.999833550000000182e-01 9.999982509999999492e-01 9.999998540000000213e-01 9.999999899999999498e-01 9.999999990000000283e-01 1.000000000000000000e+00 1.000000000000000000e+00 1.000000000000000000e+00 1.000000000000000000e+00 1.000000000000000000e+00 1.000000000000000000e+00 1.000000000000000000e+00 1.000000000000000000e+00 1.000000000000000000e+00 1.000000000000000000e+00 1.000000000000000000e+00 1.000000000000000000e+00 1.000000000000000000e+00 1.000000000000000000e+00 1.000000000000000000e+00 1.000000000000000000e+00 1.000000000000000000e+00 1.000000000000000000e+00 1.000000000000000000e+00 1.000000000000000000e+00 1.000000000000000000e+00 1.000000000000000000e+00 1.000000000000000000e+00 1.000000000000000000e+00 1.000000000000000000e+00 1.000000000000000000e+00 1.000000000000000000e+00 1.000000000000000000e+00 1.000000000000000000e+00 1.000000000000000000e+00
3.900000000000000156e-196 2.819999999999999879e-189 1.539999999999999979e-182 6.309999999999999862e-176 1.949999999999999885e-169 4.530000000000000265e-163 7.919999999999999718e-157 1.040000000000000017e-150 1.039999999999999983e-144 7.730000000000000330e-139 4.339999999999999989e-133 1.840000000000000069e-127 5.859999999999999823e-122 1.410000000000000096e-116 2.540000000000000006e-111 3.450000000000000142e-106 3.529999999999999705e-101 2.719999999999999911e-96 1.580000000000000060e-91 6.920000000000000385e-87 2.280000000000000006e-82 5.640000000000000209e-78 1.049999999999999926e-73 1.479999999999999987e-69 1.569999999999999991e-65 1.249999999999999963e-61 7.530000000000000565e-58 3.410000000000000215e-54 1.159999999999999890e-50 2.990000000000000203e-47 5.779999999999999631e-44 8.439999999999999738e-41 9.279999999999999605e-38 7.690000000000000211e-35 4.810000000000000112e-32 2.269999999999999909e-29 8.050000000000000166e-27 2.160000000000000129e-24 4.360000000000000409e-22 6.659999999999999614e-20 7.680000000000000734e-18 6.680000000000000077e-16 4.390000000000000101e-14 2.180000000000000001e-12 8.210000000000000600e-11 2.340000000000000191e-09 5.050000000000000221e-08 8.260000000000000113e-07 1.028749999999999934e-05 9.753369999999999759e-05 7.062560000000000495e-04 3.920464999999999714e-03 1.676805599999999993e-02 5.565108600000000239e-02 1.447704629999999881e-01 2.994819519999999957e-01 5.029310540000000440e-01 7.056032780000000004e-01 8.585491010000000367e-01 9.459795810000000138e-01 9.838347290000000189e-01 9.962472119999999931e-01 9.993288430000000222e-01 9.999079950000000494e-01 9.999903679999999628e-01 9.999992319999999602e-01 9.999999529999999970e-01 9.999999979999999455e-01 1.000000000000000000e+00 1.000000000000000000e+00 1.000000000000000000e+00 1.000000000000000000e+00 1.000000000000000000e+00 1.000000000000000000e+00 1.000000000000000000e+00 1.000000000000000000e+00 1.000000000000000000e+00 1.000000000000000000e+00 1.000000000000000000e+00 1.000000000000000000e+00 1.000000000000000000e+00 1.000000000000000000e+00 1.000000000000000000e+00 1.000000000000000000e+00 1.000000000000000000e+00 1.000000000000000000e+00 1.000000000000000000e+00 1.000000000000000000e+00 1.000000000000000000e+00 1.000000000000000000e+00 1.000000000000000000e+00 1.000000000000000000e+00 1.000000000000000000e+00 1.000000000000000000e+00 1.000000000000000000e+00 1.000000000000000000e+00 1.000000000000000000e+00 1.000000000000000000e+00 1.000000000000000000e+00 1.000000000000000000e+00
6.210000000000000283e-176 9.019999999999999684e-170 1.009999999999999998e-163 8.839999999999999672e-158 5.960000000000000196e-152 3.109999999999999833e-146 1.259999999999999965e-140 3.939999999999999704e-135 9.559999999999999766e-130 1.800000000000000048e-124 2.610000000000000022e-119 2.940000000000000113e-114 2.569999999999999774e-109 1.730000000000000054e-104 9.069999999999999836e-100 3.679999999999999988e-95 1.149999999999999896e-90 2.800000000000000094e-86 5.279999999999999890e-82 7.700000000000000051e-78 8.699999999999999926e-74 7.609999999999999624e-70 5.159999999999999527e-66 2.710000000000000090e-62 1.100000000000000028e-58 3.479999999999999713e-55 8.489999999999999560e-52 1.609999999999999862e-48 2.359999999999999969e-45 2.679999999999999929e-42 2.359999999999999866e-39 1.610000000000000142e-36 8.550000000000000034e-34 3.510000000000000135e-31 1.120000000000000093e-28 2.760000000000000221e-26 5.290000000000000083e-24 7.859999999999999992e-22 9.070000000000000175e-20 8.119999999999999934e-18 5.650000000000000104e-16 3.050000000000000257e-14 1.279999999999999998e-12 4.189999999999999877e-11 1.070000000000000027e-09 2.110000000000000034e-08 3.259999999999999810e-07 3.919999999999999738e-06 3.697279999999999946e-05 2.729659999999999747e-04 1.583378999999999993e-03 7.242725000000000204e-03 2.625560600000000078e-02 7.595125699999999425e-02 1.770233830000000064e-01 3.369895529999999972e-01 5.340211489999999728e-01 7.228929480000000352e-01 8.637956500000000259e-01 9.455997229999999476e-01 9.825571619999999839e-01 9.955485200000000479e-01 9.991013570000000232e-01 9.998571370000000069e-01 9.999821740000000014e-01 9.999982579999999732e-01 9.999998669999999867e-01 9.999999920000000042e-01 1.000000000000000000e+00 1.000000000000000000e+00 1.000000000000000000e+00 1.000000000000000000e+00 1.000000000000000000e+00 1.000000000000000000e+00 1.000000000000000000e+00 1.000000000000000000e+00 1.000000000000000000e+00 1.000000000000000000e+00 1.000000000000000000e+00 1.000000000000000000e+00 1.000000000000000000e+00 1.000000000000000000e+00 1.000000000000000000e+00 1.000000000000000000e+00 1.000000000000000000e+00 1.000000000000000000e+00 1.000000000000000000e+00 1.000000000000000000e+00 1.000000000000000000e+00 1.000000000000000000e+00 1.000000000000000000e+00 1.000000000000000000e+00 1.000000000000000000e+00 1.000000000000000000e+00 1.000000000000000000e+00 1.000000000000000000e+00 1.000000000000000000e+00 1.000000000000000000e+00 1.000000000000000000e+00 1.000000000000000000e+00
1.799999999999999940e-195 1.470000000000000075e-188 9.030000000000000274e-182 4.140000000000000095e-175 1.419999999999999943e-168 3.660000000000000111e-162 7.050000000000000173e-156 1.020000000000000053e-149 1.099999999999999946e-143 8.869999999999999681e-138 5.370000000000000200e-132 2.430000000000000122e-126 8.249999999999999179e-121 2.100000000000000016e-115 3.989999999999999829e-110 5.679999999999999694e-105 6.060000000000000405e-100 4.840000000000000129e-95 2.890000000000000145e-90 1.300000000000000056e-85 4.349999999999999598e-81 1.089999999999999928e-76 2.060000000000000035e-72 2.900000000000000049e-68 3.060000000000000174e-64 2.419999999999999923e-60 1.440000000000000094e-56 6.369999999999999982e-53 2.120000000000000040e-49 5.290000000000000120e-46 9.880000000000000646e-43 1.379999999999999919e-39 1.450000000000000065e-36 1.139999999999999947e-33 6.740000000000000281e-31 2.989999999999999857e-28 9.909999999999999492e-26 2.469999999999999986e-23 4.609999999999999869e-21 6.470000000000000047e-19 6.820000000000000380e-17 5.400000000000000183e-15 3.209999999999999954e-13 1.440000000000000003e-11 4.849999999999999795e-10 1.229999999999999930e-08 2.359999999999999957e-07 3.409999999999999962e-06 3.734410000000000046e-05 3.102849999999999879e-04 1.962750999999999992e-03 9.495355000000000462e-03 3.535468800000000217e-02 1.022266780000000014e-01 2.325143010000000066e-01 4.237858010000000175e-01 6.353872839999999966e-01 8.117948940000000446e-01 9.226179770000000335e-01 9.750766789999999462e-01 9.937842239999999938e-01 9.988093310000000224e-01 9.998258199999999762e-01 9.999806220000000412e-01 9.999983649999999447e-01 9.999998960000000547e-01 9.999999950000000304e-01 1.000000000000000000e+00 1.000000000000000000e+00 1.000000000000000000e+00 1.000000000000000000e+00 1.000000000000000000e+00 1.000000000000000000e+00 1.000000000000000000e+00 1.000000000000000000e+00 1.000000000000000000e+00 1.000000000000000000e+00 1.000000000000000000e+00 1.000000000000000000e+00 1.000000000000000000e+00 1.000000000000000000e+00 1.000000000000000000e+00 1.000000000000000000e+00 1.000000000000000000e+00 1.000000000000000000e+00 1.000000000000000000e+00 1.000000000000000000e+00 1.000000000000000000e+00 1.000000000000000000e+00 1.000000000000000000e+00 1.000000000000000000e+00 1.000000000000000000e+00 1.000000000000000000e+00 1.000000000000000000e+00 1.000000000000000000e+00 1.000000000000000000e+00 1.000000000000000000e+00 1.000000000000000000e+00 1.000000000000000000e+00 1.000000000000000000e+00
2.120000000000000066e-162 1.239999999999999910e-156 5.660000000000000283e-151 2.029999999999999854e-145 5.719999999999999597e-140 1.259999999999999891e-134 2.190000000000000004e-129 2.970000000000000152e-124 3.170000000000000216e-119 2.649999999999999864e-114 1.739999999999999906e-109 8.940000000000000468e-105 3.609999999999999747e-100 1.140000000000000018e-95 2.839999999999999741e-91 5.540000000000000301e-87 8.470000000000000457e-83 1.019999999999999987e-78 9.579999999999999653e-75 7.080000000000000349e-71 4.099999999999999716e-67 1.869999999999999964e-63 6.670000000000000419e-60 1.870000000000000059e-56 4.109999999999999831e-53 7.099999999999999757e-50 9.620000000000000653e-47 1.020000000000000099e-43 8.550000000000000170e-41 5.610000000000000199e-38 2.889999999999999960e-35 1.169999999999999990e-32 3.709999999999999889e-30 9.250000000000000715e-28 1.809999999999999926e-25 2.790000000000000255e-23 3.379999999999999887e-21 3.220000000000000007e-19 2.409999999999999964e-17 1.420000000000000000e-15 6.570000000000000025e-14 2.399999999999999871e-12 6.879999999999999765e-11 1.559999999999999990e-09 2.780000000000000078e-08 3.929999999999999854e-07 4.380000000000000416e-06 3.864510000000000037e-05 2.705960000000000093e-04 1.506853999999999963e-03 6.695852999999999874e-03 2.385054199999999888e-02 6.852529899999999785e-02 1.601827000000000112e-01 3.083439170000000229e-01 4.970507279999999972e-01 6.864329070000000366e-01 8.361906609999999462e-01 9.295002169999999619e-01 9.753065450000000247e-01 9.930219900000000210e-01 9.984190870000000384e-01 9.997141619999999618e-01 9.999588950000000143e-01 9.999953110000000533e-01 9.999995760000000011e-01 9.999999699999999603e-01 9.999999979999999455e-01 1.000000000000000000e+00 1.000000000000000000e+00 1.000000000000000000e+00 1.000000000000000000e+00 1.000000000000000000e+00 1.000000000000000000e+00 1.000000000000000000e+00 1.000000000000000000e+00 1.000000000000000000e+00 1.000000000000000000e+00 1.000000000000000000e+00 1.000000000000000000e+00 1.000000000000000000e+00 1.000000000000000000e+00 1.000000000000000000e+00 1.000000000000000000e+00 1.000000000000000000e+00 1.000000000000000000e+00 1.000000000000000000e+00 1.000000000000000000e+00 1.000000000000000000e+00 1.000000000000000000e+00 1.000000000000000000e+00 1.000000000000000000e+00 1.000000000000000000e+00 1.000000000000000000e+00 1.000000000000000000e+00 1.000000000000000000e+00 1.000000000000000000e+00 1.000000000000000000e+00 1.000000000000000000e+00 1.000000000000000000e+00
4.950000000000000265e-137 3.700000000000000198e-132 2.249999999999999961e-127 1.109999999999999978e-122 4.489999999999999919e-118 1.469999999999999912e-113 3.929999999999999820e-109 8.540000000000000250e-105 1.509999999999999908e-100 2.169999999999999859e-96 2.549999999999999859e-92 2.430000000000000064e-88 1.880000000000000038e-84 1.189999999999999907e-80 6.109999999999999700e-77 2.559999999999999892e-73 8.699999999999999785e-70 2.409999999999999792e-66 5.449999999999999870e-63 1.000000000000000026e-59 1.499999999999999947e-56 1.819999999999999929e-53 1.809999999999999925e-50 1.459999999999999987e-47 9.599999999999999598e-45 5.140000000000000139e-42 2.239999999999999972e-39 7.959999999999999718e-37 2.300000000000000112e-34 5.420000000000000399e-32 1.039999999999999947e-29 1.629999999999999833e-27 2.080000000000000080e-25 2.160000000000000056e-23 1.829999999999999964e-21 1.259999999999999940e-19 7.100000000000000739e-18 3.260000000000000218e-16 1.219999999999999945e-14 3.729999999999999757e-13 9.319999999999999869e-12 1.899999999999999901e-10 3.170000000000000013e-09 4.320000000000000302e-08 4.810000000000000322e-07 4.400000000000000224e-06 3.297240000000000300e-05 2.029979999999999968e-04 1.028594999999999987e-03 4.300199000000000209e-03 1.488125600000000069e-02 4.281353200000000137e-02 1.030030819999999958e-01 2.088788319999999865e-01 3.609160699999999777e-01 5.391510149999999557e-01 7.097318249999999829e-01 8.430104569999999908e-01 9.280216589999999988e-01 9.722869210000000262e-01 9.911017909999999542e-01 9.976295659999999677e-01 9.994780859999999878e-01 9.999052980000000534e-01 9.999858700000000544e-01 9.999982689999999952e-01 9.999998260000000361e-01 9.999999859999999519e-01 9.999999990000000283e-01 1.000000000000000000e+00 1.000000000000000000e+00 1.000000000000000000e+00 1.000000000000000000e+00 1.000000000000000000e+00 1.000000000000000000e+00 1.000000000000000000e+00 1.000000000000000000e+00 1.000000000000000000e+00 1.000000000000000000e+00 1.000000000000000000e+00 1.000000000000000000e+00 1.000000000000000000e+00 1.000000000000000000e+00 1.000000000000000000e+00 1.000000000000000000e+00 1.000000000000000000e+00 1.000000000000000000e+00 1.000000000000000000e+00 1.000000000000000000e+00 1.000000000000000000e+00 1.000000000000000000e+00 1.000000000000000000e+00 1.000000000000000000e+00 1.000000000000000000e+00 1.000000000000000000e+00 1.000000000000000000e+00 1.000000000000000000e+00 1.000000000000000000e+00 1.000000000000000000e+00 1.000000000000000000e+00
