2.277570228339740293e-73 1.283528485865822790e-70 6.389748060471859405e-68 2.810044745386156264e-65 1.091694738045078867e-62 3.746755323353819599e-60 1.136014106466434336e-57 3.042951715059840170e-55 7.201095823709997935e-53 1.505581207658238234e-50 2.781137153277652055e-48 4.539045793546993638e-46 6.545499427605372009e-44 8.340078070230533270e-42 9.389891470008997609e-40 9.341772423025869649e-38 8.212825276797394191e-36 6.380697464567953535e-34 4.381019287137498521e-32 2.658486472703206660e-30 1.425833182217616041e-28 6.759315707566301689e-27 2.832458905661741641e-25 1.049255219981272141e-23 3.436276060235702737e-22 9.949940659749993937e-21 2.547525223034071876e-19 5.768016680089545319e-18 1.155032190497008211e-16 2.045863589948365723e-15 3.205800802136304437e-14 4.444714845319215966e-13 5.453538196441214525e-12 5.922846603708233084e-11 5.695133685277184433e-10 4.849733766832059145e-09 3.658561444058270873e-08 2.445917890888466884e-07 1.449775086133261488e-06 7.622697237668039554e-06 3.557377374983036777e-05 1.474621838163935896e-04 5.434289877153850555e-04 1.782303474335925411e-03 5.209175188215215899e-03 1.358980974832689481e-02 3.171031532537547937e-02 6.635073768602826882e-02 1.248997888900741787e-01 2.123949283376094510e-01 3.280003314654470481e-01 4.630533826039089917e-01 6.025500426808907406e-01 7.299462753369205803e-01 8.328147019446572319e-01 9.062557497968342091e-01 9.526137365539801838e-01 9.784860974562941127e-01 9.912525254919599682e-01 9.968220724817236089e-01 9.989703086131829224e-01 9.997028795334330642e-01 9.999237390039634743e-01 9.999826062384427061e-01 9.999964774529659373e-01 9.999993670019613479e-01 9.999998991241387802e-01 9.999999857502785972e-01 9.999999982164499146e-01 9.999999998022690573e-01 9.999999999805890827e-01 9.999999999983131271e-01 9.999999999998703260e-01 9.999999999999911182e-01 9.999999999999994449e-01 1.000000000000000000e+00 1.000000000000000000e+00 1.000000000000000000e+00 1.000000000000000000e+00 1.000000000000000000e+00 1.000000000000000000e+00 1.000000000000000000e+00 1.000000000000000000e+00 1.000000000000000000e+00 1.000000000000000000e+00 1.000000000000000000e+00 1.000000000000000000e+00 1.000000000000000000e+00 1.000000000000000000e+00 1.000000000000000000e+00 1.000000000000000000e+00 1.000000000000000000e+00 1.000000000000000000e+00 1.000000000000000000e+00 1.000000000000000000e+00 1.000000000000000000e+00 1.000000000000000000e+00 1.000000000000000000e+00 1.000000000000000000e+00 1.000000000000000000e+00
4.153517638522304694e-73 2.272652162909250396e-70 1.099263113015617300e-67 4.700335721328551339e-65 1.776731576303056395e-62 5.937287905409910060e-60 1.754025307486655329e-57 4.581141425267584803e-55 1.057817758204686160e-52 2.159519627279089232e-50 3.897832073133576127e-48 6.220424550069389938e-46 8.777279824488384245e-44 1.095105241854144311e-41 1.208152443017230256e-39 1.178616830943034847e-37 1.016774925913111335e-35 7.757037707460076274e-34 5.233653247204363732e-32 3.123005084097792818e-30 1.648244830342933240e-28 7.694434190811377529e-27 3.177346437203043635e-25 1.160686580922251592e-23 3.751115503690011171e-22 1.072597865553731819e-20 2.713839857455185677e-19 6.076401713504836068e-18 1.204128791756022347e-16 2.112120395719224624e-15 3.279785920603892289e-14 4.509445492514705578e-13 5.490736086664542584e-12 5.921853261394472991e-11 5.658575739808800885e-10 4.791783906865199321e-09 3.597200052198285543e-08 2.394794580766909622e-07 1.414472510033318874e-06 7.415885020571062720e-06 3.453302788663781253e-05 1.429295312155117912e-04 5.262620400168115846e-04 1.725575406196569678e-03 5.045233603484988207e-03 1.317473939012232115e-02 3.078844520385520811e-02 6.455277916275255212e-02 1.218179800006243402e-01 2.077494162805314515e-01 3.218386783642286364e-01 4.558590485916955704e-01 5.951526909937148169e-01 7.232460102663601509e-01 8.274671444514385410e-01 9.024941886278250447e-01 9.502812560166400413e-01 9.772108862686497144e-01 9.906377336981981863e-01 9.965606663706291224e-01 9.988722697252063742e-01 9.996704438115111557e-01 9.999142715316358121e-01 9.999801680439344143e-01 9.999959233871021924e-01 9.999992558940642429e-01 9.999998794612223740e-01 9.999999826791574620e-01 9.999999977930834616e-01 9.999999997507545979e-01 9.999999999750561752e-01 9.999999999977885468e-01 9.999999999998263611e-01 9.999999999999878986e-01 9.999999999999993339e-01 1.000000000000000000e+00 1.000000000000000000e+00 1.000000000000000000e+00 1.000000000000000000e+00 1.000000000000000000e+00 1.000000000000000000e+00 1.000000000000000000e+00 1.000000000000000000e+00 1.000000000000000000e+00 1.000000000000000000e+00 1.000000000000000000e+00 1.000000000000000000e+00 1.000000000000000000e+00 1.000000000000000000e+00 1.000000000000000000e+00 1.000000000000000000e+00 1.000000000000000000e+00 1.000000000000000000e+00 1.000000000000000000e+00 1.000000000000000000e+00 1.000000000000000000e+00 1.000000000000000000e+00 1.000000000000000000e+00 1.000000000000000000e+00 1.000000000000000000e+00
1.306687631804679267e-72 6.765070096160427946e-70 3.100226264502319773e-67 1.257597826271621419e-64 4.515694970600428065e-62 1.435322300489081720e-59 4.038539573897540280e-57 1.005907193688731689e-54 2.217988543661006370e-52 4.329505232235745039e-50 7.481785837720141411e-48 1.144646795687852674e-45 1.550418487609863152e-43 1.859304339768381272e-41 1.974194758916158578e-39 1.856018992077121212e-37 1.545054778926496277e-35 1.138916402268139737e-33 7.434388227218790615e-32 4.297586286298088122e-30 2.200150227058486809e-28 9.975917614236244558e-27 4.006386859388907451e-25 1.425219428442132701e-23 4.491295681611236287e-22 1.253886385912347169e-20 3.101563687170607079e-19 6.798026907033180149e-18 1.320423891574449425e-16 2.273142113442999306e-15 3.468834491219494378e-14 4.693028127087236972e-13 5.630062476639128418e-12 5.990351877787803367e-11 5.654207784771393559e-10 4.735739938905660075e-09 3.520748637231993778e-08 2.324179104335218665e-07 1.362932845250503575e-06 7.103380772455505267e-06 3.292283481969077348e-05 1.357927686625881732e-04 4.988523235484572729e-04 1.633922327466467679e-03 4.777539075967421507e-03 1.249021208790686982e-02 2.925330656143654978e-02 6.152949997741151422e-02 1.165840805251484730e-01 1.997779056084887650e-01 3.111503900401281220e-01 4.432360955762705279e-01 5.820157994567674020e-01 7.111938253423260026e-01 8.177168296690086047e-01 8.955364260773668317e-01 9.459007820386782228e-01 9.747772122022093644e-01 9.894443724690917819e-01 9.960441085414053486e-01 9.986748615322811329e-01 9.996038297625324809e-01 9.998944210672935373e-01 9.999749437844840383e-01 9.999947089667263755e-01 9.999990065258343996e-01 9.999998342261308126e-01 9.999999754297255183e-01 9.999999967665900158e-01 9.999999996223265519e-01 9.999999999608577550e-01 9.999999999964013231e-01 9.999999999997065681e-01 9.999999999999787947e-01 9.999999999999986677e-01 1.000000000000000000e+00 1.000000000000000000e+00 1.000000000000000000e+00 1.000000000000000000e+00 1.000000000000000000e+00 1.000000000000000000e+00 1.000000000000000000e+00 1.000000000000000000e+00 1.000000000000000000e+00 1.000000000000000000e+00 1.000000000000000000e+00 1.000000000000000000e+00 1.000000000000000000e+00 1.000000000000000000e+00 1.000000000000000000e+00 1.000000000000000000e+00 1.000000000000000000e+00 1.000000000000000000e+00 1.000000000000000000e+00 1.000000000000000000e+00 1.000000000000000000e+00 1.000000000000000000e+00 1.000000000000000000e+00 1.000000000000000000e+00 1.000000000000000000e+00
1.585886551771706631e-71 7.310831658984236600e-69 2.991196169732654692e-66 1.086208275041614650e-63 3.500890080569565728e-61 1.001494332613030213e-58 2.542910873629950591e-56 5.731059107572636400e-54 1.146486077445619955e-51 2.035834564833705980e-49 3.208974748110504274e-47 4.490051020862247660e-45 5.577110524938582765e-43 6.149685936242001333e-41 6.019993256160400253e-39 5.231824705849190581e-37 4.036829200025823359e-35 2.765507042073123008e-33 1.682189805935906567e-31 9.085760584554294405e-30 4.357683250295468105e-28 1.856017734196181781e-26 7.020482038695184314e-25 2.358516267850213702e-23 7.037681236488411673e-22 1.865408533995325634e-20 4.392487594594146812e-19 9.189293539660889691e-18 1.708190559560255161e-16 2.821800521409538366e-15 4.142969546828907382e-14 5.407042211033770277e-13 6.274025706093645315e-12 6.473774878761929717e-11 5.941445478421749647e-10 4.851352650622095882e-09 3.525333033188577692e-08 2.280632771889952796e-07 1.314029883948195489e-06 6.746175907715943426e-06 3.087868490271719396e-05 1.260963117888389082e-04 4.597711017669891360e-04 1.498321229240999605e-03 4.369339158909718579e-03 1.141877755766350366e-02 2.679283589932864376e-02 5.657405824651492998e-02 1.078153956182906353e-01 1.861269091597822223e-01 2.924335983705256270e-01 4.206156621628161507e-01 5.579018272548449398e-01 6.885067539671922976e-01 7.988702143258687993e-01 8.817069508447841208e-01 9.369338692212348940e-01 9.696382793632708497e-01 9.868405722304824934e-01 9.948774434889273710e-01 9.982125049679329010e-01 9.994417309025892537e-01 9.998441373335107407e-01 9.999611403810801935e-01 9.999913553197663507e-01 9.999982852886450946e-01 9.999996969098716715e-01 9.999999522824825071e-01 9.999999933115126804e-01 9.999999991656141063e-01 9.999999999073891921e-01 9.999999999908568693e-01 9.999999999991973088e-01 9.999999999999373834e-01 9.999999999999956701e-01 9.999999999999997780e-01 1.000000000000000000e+00 1.000000000000000000e+00 1.000000000000000000e+00 1.000000000000000000e+00 1.000000000000000000e+00 1.000000000000000000e+00 1.000000000000000000e+00 1.000000000000000000e+00 1.000000000000000000e+00 1.000000000000000000e+00 1.000000000000000000e+00 1.000000000000000000e+00 1.000000000000000000e+00 1.000000000000000000e+00 1.000000000000000000e+00 1.000000000000000000e+00 1.000000000000000000e+00 1.000000000000000000e+00 1.000000000000000000e+00 1.000000000000000000e+00 1.000000000000000000e+00 1.000000000000000000e+00 1.000000000000000000e+00 1.000000000000000000e+00
1.683518600897918589e-68 5.669050913865594675e-66 1.706311621437708325e-63 4.590588556791016258e-61 1.103944618497650921e-58 2.373025400029259247e-56 4.559754000473165985e-54 7.831998634060491828e-52 1.202554399495941018e-49 1.650620207055012620e-47 2.025395669533511410e-45 2.221792937969045902e-43 2.178912172042063450e-41 1.910427640201439341e-39 1.497577784522416451e-37 1.049615716960008341e-35 6.577619187227806790e-34 3.685709886812919282e-32 1.846738948391830990e-30 8.274490186010849960e-29 3.315503434515171449e-27 1.188100647134335507e-25 3.807830646379148679e-24 1.091566419562575919e-22 2.798988075689913025e-21 6.420420836017541276e-20 1.317571470944218570e-18 2.419210811952557744e-17 3.974726006209311077e-16 5.844197750334765152e-15 7.691004737081653408e-14 9.060348292706249413e-13 9.556119720279899540e-12 9.025553313301585776e-11 7.635078001714401146e-10 5.786360966487056833e-09 3.929802285479943798e-08 2.392481555328475747e-07 1.306175576579112197e-06 6.397636970825990550e-06 2.812720507200835895e-05 1.110677992204517133e-04 3.942047813599805646e-04 1.258665148910267321e-03 3.619240261547646952e-03 9.384509476968465672e-03 2.197824919792647907e-02 4.658345641188225972e-02 8.958062574182289184e-02 1.567847671075079385e-01 2.507349885776489762e-01 3.682103777260934407e-01 4.995949698353270296e-01 6.310239140338407271e-01 7.486183139101963979e-01 8.427272203626998692e-01 9.100903312490208341e-01 9.532183150050217435e-01 9.779150489891934583e-01 9.905641725808962406e-01 9.963587072003962097e-01 9.987328676506502800e-01 9.996028904401883519e-01 9.998880418152347183e-01 9.999716289379989576e-01 9.999935426891854995e-01 9.999986807769976060e-01 9.999997582029164223e-01 9.999999602570568413e-01 9.999999941442487827e-01 9.999999992268227000e-01 9.999999999085404934e-01 9.999999999903099734e-01 9.999999999990806243e-01 9.999999999999218403e-01 9.999999999999940048e-01 9.999999999999995559e-01 1.000000000000000000e+00 1.000000000000000000e+00 1.000000000000000000e+00 1.000000000000000000e+00 1.000000000000000000e+00 1.000000000000000000e+00 1.000000000000000000e+00 1.000000000000000000e+00 1.000000000000000000e+00 1.000000000000000000e+00 1.000000000000000000e+00 1.000000000000000000e+00 1.000000000000000000e+00 1.000000000000000000e+00 1.000000000000000000e+00 1.000000000000000000e+00 1.000000000000000000e+00 1.000000000000000000e+00 1.000000000000000000e+00 1.000000000000000000e+00 1.000000000000000000e+00 1.000000000000000000e+00 1.000000000000000000e+00
7.042212842170960064e-61 1.124281286753068297e-58 1.630261488880057592e-56 2.147148812449035475e-54 2.568597800755742754e-52 2.791039872111890863e-50 2.754731388739197295e-48 2.469696139474343101e-46 2.011254818548584540e-44 1.487848736436214780e-42 9.998341244493557116e-41 6.103580019084528015e-39 3.384851027651805426e-37 1.705313316320900658e-35 7.805322026197649181e-34 3.245732416005277230e-32 1.226264285072337578e-30 4.209400714909642167e-29 1.312918772574295699e-27 3.720958060331157080e-26 9.582756761471398395e-25 2.242673504447679222e-23 4.769848019397728926e-22 9.220002507081012602e-21 1.619843339333016960e-19 2.586786572185761008e-18 3.755146877218347307e-17 4.955740506456538032e-16 5.946287751661344463e-15 6.487597472023440143e-14 6.436836071287024955e-13 5.808545791987846517e-12 4.767947103688695818e-11 3.560696880653537490e-10 2.419679740396436382e-09 1.496548011923188424e-08 8.426294986318117230e-08 4.320305233608156829e-07 2.017718688253436278e-06 8.586844851329160242e-06 3.331333582135613357e-05 1.178774685648638262e-04 3.806514055309969378e-04 1.122566295832099891e-03 3.025855129590508067e-03 7.462319332730461482e-03 1.685854708134136917e-02 3.494097298010907099e-02 6.656000118939468801e-02 1.167978205971553218e-01 1.893256971076982265e-01 2.844676903411011981e-01 3.978730313052818435e-01 5.206987520412843518e-01 6.415747138899646762e-01 7.496646653139580341e-01 8.374910678624056803e-01 9.023333940701514511e-01 9.458329496226977051e-01 9.723486138171610893e-01 9.870348354850990713e-01 9.944258772435843330e-01 9.978056467974967259e-01 9.992099211176996842e-01 9.997400696481081317e-01 9.999219228586415653e-01 9.999786014445353199e-01 9.999946519330220607e-01 9.999987816956971143e-01 9.999997471366207646e-01 9.999999521990379225e-01 9.999999917723150222e-01 9.999999987108726396e-01 9.999999998161801518e-01 9.999999999761504110e-01 9.999999999971849185e-01 9.999999999996977973e-01 9.999999999999704681e-01 9.999999999999973355e-01 9.999999999999997780e-01 1.000000000000000000e+00 1.000000000000000000e+00 1.000000000000000000e+00 1.000000000000000000e+00 1.000000000000000000e+00 1.000000000000000000e+00 1.000000000000000000e+00 1.000000000000000000e+00 1.000000000000000000e+00 1.000000000000000000e+00 1.000000000000000000e+00 1.000000000000000000e+00 1.000000000000000000e+00 1.000000000000000000e+00 1.000000000000000000e+00 1.000000000000000000e+00 1.000000000000000000e+00 1.000000000000000000e+00 1.000000000000000000e+00 1.000000000000000000e+00
6.851869645131876514e-47 2.893366037957069696e-45 1.140953978435212114e-43 4.201542763086488073e-42 1.444877815230354291e-40 4.640248317059291202e-39 1.391699691995784198e-37 3.898081188075141983e-36 1.019681436811491748e-34 2.491116977513470361e-33 5.683919031482671822e-32 1.211251979824561662e-30 2.410811467113983340e-29 4.481712839121925178e-28 7.781931591903527161e-27 1.262131811990991070e-25 1.912088841144362196e-24 2.705892168510340098e-23 3.577057825702690519e-22 4.417428795137323316e-21 5.096329813910247832e-20 5.492972491669491434e-19 5.531440700953168939e-18 5.204399854395749876e-17 4.575378447509475691e-16 3.758649020034470684e-15 2.885436792373400121e-14 2.070120218781237118e-13 1.388084103033245277e-12 8.699762648143394725e-12 5.096936923676703165e-11 2.791671315801079758e-10 1.429618354609576628e-09 6.845887614636258956e-09 3.065860752036169505e-08 1.284264319822376596e-07 5.032807449316206647e-07 1.845458569623347752e-06 6.333324910236186600e-06 2.034704194159434921e-05 6.121204713906462039e-05 1.724968110500393946e-04 4.555101361791967789e-04 1.127659991049516581e-03 2.618442690188389418e-03 5.706266273719481745e-03 1.167911256177491149e-02 2.246862125625137541e-02 4.067041336813522617e-02 6.934646687297187084e-02 1.115372796727632648e-01 1.695081911786530671e-01 2.438950917966566934e-01 3.330360275203101406e-01 4.327951259564803421e-01 5.370562918620240822e-01 6.388187115961854179e-01 7.315757836227009259e-01 8.105347194077574535e-01 8.733044119068820166e-01 9.199051619637803601e-01 9.522146186875288798e-01 9.731345291082249549e-01 9.857843069405647363e-01 9.929275973701932045e-01 9.966946821535391798e-01 9.985499363798149286e-01 9.994032164686886821e-01 9.997697123254714047e-01 9.999167182585582125e-01 9.999717848235332163e-01 9.999910479762725846e-01 9.999973408914195616e-01 9.999992607105541165e-01 9.999998076653539014e-01 9.999999531857726165e-01 9.999999893414457386e-01 9.999999977303951626e-01 9.999999995480686188e-01 9.999999999158584174e-01 9.999999999853541599e-01 9.999999999976169063e-01 9.999999999996376232e-01 9.999999999999484857e-01 9.999999999999931166e-01 9.999999999999991118e-01 9.999999999999998890e-01 1.000000000000000000e+00 1.000000000000000000e+00 1.000000000000000000e+00 1.000000000000000000e+00 1.000000000000000000e+00 1.000000000000000000e+00 1.000000000000000000e+00 1.000000000000000000e+00 1.000000000000000000e+00 1.000000000000000000e+00 1.000000000000000000e+00 1.000000000000000000e+00 1.000000000000000000e+00
3.921978529272594725e-34 5.301218931424688637e-33 6.843307212357550902e-32 8.436862190586577085e-31 9.934033246230762215e-30 1.117134312611043657e-28 1.199847343682888226e-27 1.230816848379630264e-26 1.205907694645210018e-25 1.128481980488890626e-24 1.008654092013000169e-23 8.611216604843058519e-23 7.022139345724286461e-22 5.469726237847406348e-21 4.069696772435322659e-20 2.892467735397536344e-19 1.963791387162097832e-18 1.273660235642436936e-17 7.891418388898391336e-17 4.671027924826866995e-16 2.641431624387982888e-15 1.427086883533268248e-14 7.366502174191787246e-14 3.633197922243476470e-13 1.712189947517486355e-12 7.710273809495929827e-12 3.317906309114419221e-11 1.364451897395219691e-10 5.362626237534233861e-10 2.014418526174699974e-09 7.232776186096058340e-09 2.482427841181756930e-08 8.145184355787205221e-08 2.555159005421532890e-07 7.664288764344592000e-07 2.198424647064885831e-06 6.031027775642338121e-06 1.582600891486115268e-05 3.973004924082041984e-05 9.543544667048782526e-05 2.193955085030562272e-04 4.828011714086055044e-04 1.017276306900653446e-03 2.052869588169476799e-03 3.968935707085443840e-03 7.354191754804864818e-03 1.306545945421075036e-02 2.226643038092818161e-02 3.642094936800870791e-02 5.721394394140392331e-02 8.638146833292496829e-02 1.254514155369632344e-01 1.754257372723231623e-01 2.364653697597216275e-01 3.076584692489888750e-01 3.869496593226992021e-01 4.712779028474047283e-01 5.569190109592438986e-01 6.399714922949559792e-01 7.168817109899533468e-01 7.848923025537817288e-01 8.423211481628414266e-01 8.886279287086327194e-01 9.242828908493798679e-01 9.504982715018093220e-01 9.689040013665699558e-01 9.812438684148387935e-01 9.891438910702075038e-01 9.939734387110435998e-01 9.967927605815251058e-01 9.983643632776431076e-01 9.992009299610212780e-01 9.996261540301391024e-01 9.998325467403759159e-01 9.999282066266301783e-01 9.999705440178435767e-01 9.999884367547779984e-01 9.999956575930408764e-01 9.999984402284683993e-01 9.999994641873932721e-01 9.999998239913725495e-01 9.999999447188827606e-01 9.999999834003576726e-01 9.999999952350218102e-01 9.999999986925409701e-01 9.999999996570995142e-01 9.999999999140488649e-01 9.999999999794102479e-01 9.999999999952864371e-01 9.999999999989688249e-01 9.999999999997843947e-01 9.999999999999569233e-01 9.999999999999917843e-01 9.999999999999984457e-01 9.999999999999997780e-01 1.000000000000000000e+00 1.000000000000000000e+00 1.000000000000000000e+00 1.000000000000000000e+00 1.000000000000000000e+00
2.037646093293734145e-24 1.191187197760721731e-23 6.757538483147327395e-23 3.720133617791473162e-22 1.987442251016978491e-21 1.030388879440573183e-20 5.184219914855394465e-20 2.531316697926740419e-19 1.199487853628717497e-18 5.516165876603536462e-18 2.461937287340231948e-17 1.066402910686653352e-16 4.483086929707709090e-16 1.829160183914336384e-15 7.243571171770284404e-15 2.784122101858352987e-14 1.038644739215071292e-13 3.760955286219580116e-13 1.321878382534233335e-12 4.509801739534970756e-12 1.493506620087984625e-11 4.801229904820771768e-11 1.498325694337772269e-10 4.539227593579514671e-10 1.335040128757532878e-09 3.812053792266605999e-09 1.056800376052925756e-08 2.844555055597379275e-08 7.434346897514555194e-08 1.886686010850183004e-07 4.649516095052812037e-07 1.112735982090295016e-06 2.586305618499361460e-06 5.838487658611668749e-06 1.280223638054728265e-05 2.726913610890689663e-05 5.642809788092071732e-05 1.134488465657466645e-04 2.216316204764469616e-04 4.207666725740902150e-04 7.763994423471940213e-04 1.392597536055633451e-03 2.428463350739268854e-03 4.117936425284799556e-03 6.791335051006682291e-03 1.089565192914378547e-02 1.700905184485810087e-02 2.584370551677109273e-02 3.823056150557839483e-02 5.508046887457103413e-02 7.731862873815260884e-02 1.057937188350632218e-01 1.411687083186517200e-01 1.838062843969528737e-01 2.336664468733921085e-01 2.902356265959589177e-01 3.525045125521095724e-01 4.190053849594871371e-01 4.879100504168856767e-01 5.571784186085003698e-01 6.247379032510617103e-01 6.886676140506202692e-01 7.473603272958799781e-01 7.996397351145210219e-01 8.448193107446733130e-01 8.827000664997759483e-01 9.135149198275163140e-01 9.378350859072224210e-01 9.564575825879031434e-01 9.702924240149661816e-01 9.802642650595572160e-01 9.872376133482411165e-01 9.919688228511793771e-01 9.950831754178764976e-01 9.970721448355246430e-01 9.983045489022860375e-01 9.990454202182208476e-01 9.994775329165543898e-01 9.997220537201827462e-01 9.998562990175431375e-01 9.999278057232169337e-01 9.999647594991096788e-01 9.999832877817704802e-01 9.999923009140296859e-01 9.999965547474626293e-01 9.999985025696296326e-01 9.999993679003860159e-01 9.999997408746890137e-01 9.999998968441372593e-01 9.999999601237675728e-01 9.999999850325222983e-01 9.999999945452200389e-01 9.999999980698934809e-01 9.999999993369543816e-01 9.999999997788701078e-01 9.999999999284057139e-01 9.999999999774979997e-01 9.999999999931346029e-01 9.999999999979667376e-01 9.999999999994154676e-01
1.583357356247320745e-20 6.684428831891483077e-20 2.755011869916578648e-19 1.108563081227065087e-18 4.354910795744368703e-18 1.670261182848907860e-17 6.254323802267924110e-17 2.286504168690579070e-16 8.161394262580762492e-16 2.844217321642333844e-15 9.677716002321900584e-15 3.215145084035229078e-14 1.042922749680715968e-13 3.303194775117086359e-13 1.021536042926787719e-12 3.084736546491343460e-12 9.095680156391196825e-12 2.618866251048463285e-11 7.363110680969719447e-11 2.021569136119005748e-10 5.420072774612144249e-10 1.419127864450098953e-09 3.628684207219682038e-09 9.061501647029107516e-09 2.209975578326223285e-08 5.264109762196489379e-08 1.224693494403094098e-07 2.782984804893900563e-07 6.177209523840092829e-07 1.339338419481915329e-06 2.836773562649524042e-06 5.869711903704445516e-06 1.186560321921934032e-05 2.343520916875088445e-05 4.522525083686147616e-05 8.528168294945581663e-05 1.571539272064052871e-04 2.830247057863663550e-04 4.981856437285671433e-04 8.571710255602727532e-04 1.441779289855561015e-03 2.371019539036973295e-03 3.812689913925158824e-03 5.995816193599031937e-03 9.222576337191963278e-03 1.387768125249091641e-02 2.043259897351654489e-02 2.944167009283825756e-02 4.152725855833425822e-02 5.735178123108806286e-02 7.757584755591831471e-02 1.028037649452220731e-01 1.335200994382939599e-01 1.700234269815941723e-01 2.123653531252185367e-01 2.603037890994897019e-01 3.132789413085669827e-01 3.704183409258855475e-01 4.305736889122533384e-01 4.923878426316036783e-01 5.543857066637423170e-01 6.150789913801256725e-01 6.730725382764461973e-01 7.271596526606546318e-01 7.763956864350436415e-01 8.201425995203168728e-01 8.580816854273984884e-01 8.901962030009982207e-01 9.167294880760242792e-01 9.381266274359025825e-01 9.549686974202724610e-01 9.679079821010714291e-01 9.776108496436433093e-01 9.847125927267172951e-01 9.897860594324728867e-01 9.933237484932511130e-01 9.957314878423473292e-01 9.973309509603489609e-01 9.983680349196588644e-01 9.990243743698912215e-01 9.994298063314092095e-01 9.996742519814802996e-01 9.998181058269004495e-01 9.999007353873813342e-01 9.999470613216150383e-01 9.999724118886130775e-01 9.999859521137473006e-01 9.999930110421857421e-01 9.999966029594598016e-01 9.999983869333409769e-01 9.999992517523794699e-01 9.999996609532419978e-01 9.999998499360727156e-01 9.999999351248987089e-01 9.999999726064320305e-01 9.999999887027468670e-01 9.999999954497347243e-01 9.999999982101070994e-01 9.999999993124069064e-01 9.999999997420482289e-01
2.343080396160325983e-17 7.778703049475644656e-17 2.531442304532212830e-16 8.075577371119488335e-16 2.525386738420165617e-15 7.741680221427870548e-15 2.326483882640706182e-14 6.853730892847548607e-14 1.979343467588077113e-13 5.603863925805337630e-13 1.555363025819410525e-12 4.232134779714561937e-12 1.128955472637153129e-11 2.952501659885509741e-11 7.570181182899362392e-11 1.902971760628624983e-10 4.690033408923411691e-10 1.133300493882599179e-09 2.685024652779401855e-09 6.237270300732993695e-09 1.420671060630008530e-08 3.172892693877389000e-08 6.948498638450515893e-08 1.492147935474377842e-07 3.142175566045012018e-07 6.488732294373122314e-07 1.314057019689671896e-06 2.609808265629425737e-06 5.083457654875864711e-06 9.711434754857000369e-06 1.819700096916776846e-05 3.344479571477665538e-05 6.029637598310965676e-05 1.066377899921938969e-04 1.850178058775082198e-04 3.149384194840714065e-04 5.259894337757797626e-04 8.619849665520096455e-04 1.386208188689992552e-03 2.187767592214910541e-03 3.388902778786305036e-03 5.152846788526171430e-03 7.691564679565747117e-03 1.127237110077417177e-02 1.622212955494467881e-02 2.292751798212249933e-02 3.182978581023922227e-02 4.341260190685858333e-02 5.818205667737623432e-02 7.663865114292850444e-02 9.924214051084775945e-02 1.263712927453589652e-01 1.582818053101673617e-01 1.950665854891007744e-01 2.366231255586105642e-01 2.826326170835117835e-01 3.325546570882486064e-01 3.856399300767567873e-01 4.409612621324588422e-01 4.974612098931861515e-01 5.540122124032051953e-01 6.094836491880497586e-01 6.628092018700577626e-01 7.130478747613934187e-01 7.594328995172722196e-01 8.014043777691699511e-01 8.386236240341449211e-01 8.709694104344950505e-01 8.985183370736919972e-01 9.215130755082607816e-01 9.403230879489058447e-01 9.554025727341312058e-01 9.672499093774946655e-01 9.763719447678746999e-01 9.832552902320323973e-01 9.883455994185206261e-01 9.920347427660785034e-01 9.946549983945849327e-01 9.964788879970292168e-01 9.977230879339489267e-01 9.985548872015295174e-01 9.990998710250957870e-01 9.994498044250136326e-01 9.996700077513134275e-01 9.998058075211215812e-01 9.998878825149306593e-01 9.999364962886092556e-01 9.999647154723246834e-01 9.999807688409836359e-01 9.999897188714799157e-01 9.999946089905931146e-01 9.999972274806525618e-01 9.999986015826546337e-01 9.999993082638705122e-01 9.999996644398572165e-01 9.999998403707952566e-01 9.999999255348388516e-01 9.999999659372031946e-01 9.999999847214471327e-01 9.999999932803296243e-01
3.976137322974587888e-18 1.379391560330209472e-17 4.688494406276415187e-17 1.561358548009263069e-16 5.094472600202806528e-16 1.628648215378781497e-15 5.101420803399094974e-15 1.565652458445644310e-14 4.708089559761818547e-14 1.387216454933757124e-13 4.004969427211787779e-13 1.132961653308940953e-12 3.140495137242632342e-12 8.530100510825165718e-12 2.270334386837061458e-11 5.921232027129018303e-11 1.513311122202005501e-10 3.790059329281128508e-10 9.301942350852140953e-10 2.237277417773733995e-09 5.273437976575358565e-09 1.218163220647666675e-08 2.757815566725781124e-08 6.119052633308301053e-08 1.330681965389663832e-07 2.836273742683095008e-07 5.925423013491221717e-07 1.213395602066609010e-06 2.435638594052385652e-06 4.792557281021839910e-06 9.244505932465404887e-06 1.748160361162793275e-05 3.241012612740804748e-05 5.891208644749717203e-05 1.049968909816180565e-04 1.834944398844315079e-04 3.144648100292769203e-04 5.285115622116709445e-04 8.711711391213600598e-04 1.408494552832527088e-03 2.233823978708724539e-03 3.475583734579346541e-03 5.305648804595068137e-03 7.947535545206477550e-03 1.168330943573383206e-02 1.685777742615664557e-02 2.387830213692287637e-02 3.320852881343173968e-02 4.535453734556657568e-02 6.084248033509766229e-02 8.018765615688112913e-02 1.038561383582935205e-01 1.322214088942973709e-01 1.655197234225154190e-01 2.038089309093339685e-01 2.469359372789029505e-01 2.945177585974353418e-01 3.459400739057804097e-01 4.003754228446430585e-01 4.568209087592040585e-01 5.141527966330023958e-01 5.711931348574171841e-01 6.267818663117723510e-01 6.798471214079905289e-01 7.294666425881460858e-01 7.749145299192670144e-01 8.156894994410781585e-01 8.515232612045802174e-01 8.823700504489820906e-01 9.083804086396785049e-01 9.298637335487098809e-01 9.472447612319431220e-01 9.610190184920068823e-01 9.717115294828084782e-01 9.798418934761490284e-01 9.858975193079151378e-01 9.903155306547872794e-01 9.934728125649809893e-01 9.956829466645720217e-01 9.971984001379419205e-01 9.982162536883785187e-01 9.988859018453570826e-01 9.993174474923623984e-01 9.995898590120508853e-01 9.997582980877525172e-01 9.998603165720467700e-01 9.999208413918305727e-01 9.999560141760348575e-01 9.999760357666684918e-01 9.999871994877412851e-01 9.999932967928559790e-01 9.999965588037835751e-01 9.999982682341248541e-01 9.999991457114394411e-01 9.999995869148481376e-01 9.999998042151210242e-01 9.999999090486276776e-01 9.999999585888967868e-01 9.999999815205302678e-01 9.999999919180555530e-01
1.556318544498591117e-18 5.498699625542060161e-18 1.903245509277370619e-17 6.453667730053239455e-17 2.143873676599458868e-16 6.977126550190801458e-16 2.224554448152966022e-15 6.948689946970013387e-15 2.126478162781923001e-14 6.375612365368295811e-14 1.872798284145948898e-13 5.389812188714222665e-13 1.519761688428872072e-12 4.198581553433348998e-12 1.136478644077977360e-11 3.014104118466130441e-11 7.832503385946244550e-11 1.994324379891863729e-10 4.975672780444154238e-10 1.216401786372316674e-09 2.913938920283376896e-09 6.840242302580318635e-09 1.573476517025092196e-08 3.546970080377169533e-08 7.835644264609012236e-08 1.696383483317712565e-07 3.599304101374243981e-07 7.484661705611013138e-07 1.525456648381605409e-06 3.047316962245846168e-06 5.966815785416786128e-06 1.145231623318358035e-05 2.154713817051585333e-05 3.974228429727233539e-05 7.186312683887478424e-05 1.274014576373378783e-04 2.214545866760343025e-04 3.774558884312495858e-04 6.308857348133350453e-04 1.034124130412179083e-03 1.662530517550768038e-03 2.621696818476665965e-03 4.055606694485226066e-03 6.155148059153738374e-03 9.166085018729569142e-03 1.339523950260623590e-02 1.921332510357960308e-02 2.705269839007118024e-02 3.739833627115644876e-02 5.077069138162202538e-02 6.769976667963026329e-02 8.869077437158741362e-02 1.141830180558386504e-01 1.445049985208638199e-01 1.798299684092944106e-01 2.201369963504300475e-01 2.651828162572691383e-01 3.144891786392272071e-01 3.673490595808579506e-01 4.228530427098757816e-01 4.799347395217415380e-01 5.374316294056895593e-01 5.941555953762849285e-01 6.489660717848444449e-01 7.008383496761024789e-01 7.489202711174106630e-01 7.925721617803653807e-01 8.313871134027526200e-01 8.651912448774408126e-01 8.940259326416233332e-01 9.181158581286157361e-01 9.378278443650358565e-01 9.536257690196980885e-01 9.660264176593644780e-01 9.755601613469072619e-01 9.827390503435247116e-01 9.880335593568982944e-01 9.918580079140211225e-01 9.945637514050056360e-01 9.964386555843942617e-01 9.977111215528092769e-01 9.985569609443013528e-01 9.991076472236064543e-01 9.994587992748947824e-01 9.996781104459071532e-01 9.998122635954194148e-01 9.998926375897120300e-01 9.999398009536183407e-01 9.999669071462975456e-01 9.999821654683506145e-01 9.999905778607705020e-01 9.999951204842443264e-01 9.999975230119791947e-01 9.999987675395163311e-01 9.999993989547012463e-01 9.999997127163965382e-01 9.999998654234829587e-01 9.999999382170170481e-01 9.999999722030707971e-01 9.999999877442145024e-01
1.791787324218110896e-20 7.298605394974455963e-20 2.905724323191208485e-19 1.130664417409345749e-18 4.300131128314884007e-18 1.598462259330396825e-17 5.807644753589747069e-17 2.062429621344186676e-16 7.158868188842330290e-16 2.428849852972734405e-15 8.054771837370326054e-15 2.611004173567159026e-14 8.273121655751987177e-14 2.562387859186854100e-13 7.757831994385907226e-13 2.295951532787726337e-12 6.642309341993846710e-12 1.878525655140193613e-11 5.193556822862616633e-11 1.403689116818348464e-10 3.708893489738636296e-10 9.580647125408235875e-10 2.419539259048524864e-09 5.974049459407386444e-09 1.442165039397987158e-08 3.403953459535811349e-08 7.855758450177378888e-08 1.772730778600189318e-07 3.911676509279405551e-07 8.440438546518556290e-07 1.781011424286592448e-06 3.675251283481164457e-06 7.417311454976005099e-06 1.464088295266174012e-05 2.826657680718228568e-05 5.338143600150212350e-05 9.861578710650637316e-05 1.782264982950044585e-04 3.151380804726991057e-04 5.452157371070480776e-04 9.230264730519415536e-04 1.529259732601684005e-03 2.479800744537440701e-03 3.936156967384427455e-03 6.116526208546087251e-03 9.306287402454595584e-03 1.386615259160140987e-02 2.023574380726589350e-02 2.893008861278256738e-02 4.052661477611357865e-02 5.564079969756438593e-02 7.488976233513733316e-02 9.884473706734958620e-02 1.279753688690385138e-01 1.625908122580310422e-01 2.027843015103731883e-01 2.483887641394370294e-01 2.989508292938041212e-01 3.537290722579531366e-01 4.117196223349046669e-01 4.717087017826161466e-01 5.323478381384807445e-01 5.922440915970261788e-01 6.500553135129305549e-01 7.045796612083066179e-01 7.548294967166411240e-01 8.000822119617929662e-01 8.399039736394300348e-01 8.741462097131060816e-01 9.029181785021518358e-01 9.265416028610653498e-01 9.454947756132323633e-01 9.603536797051455132e-01 9.717366975297365705e-01 9.802577613559078085e-01 9.864907448089390574e-01 9.909459105856592842e-01 9.940576089234645085e-01 9.961813267635913904e-01 9.975976482189011785e-01 9.985206287205072861e-01 9.991083736257927450e-01 9.994740954308574121e-01 9.996964665847493103e-01 9.998285875191325056e-01 9.999052937056484014e-01 9.999488102792719602e-01 9.999729340123159060e-01 9.999860017325874484e-01 9.999929187777719664e-01 9.999964965017865692e-01 9.999983047517752022e-01 9.999991978011855132e-01 9.999996287819197249e-01 9.999998320202159174e-01 9.999999256725320418e-01 9.999999678418671767e-01 9.999999863959805335e-01 9.999999943731504581e-01 9.999999977245224159e-01
6.862770593960192442e-24 3.671024537959411928e-23 1.910040008840654320e-22 9.666492072121690032e-22 4.758506527528652972e-21 2.278515862309659174e-20 1.061249645058850561e-19 4.808082421873735957e-19 2.118946886775761591e-18 9.083794490722297553e-18 3.788079775889991819e-17 1.536672599343472144e-16 6.064013310276055264e-16 2.327887641193989177e-15 8.693483453032690139e-15 3.158369084643733939e-14 1.116289596458908262e-13 3.838345038241002631e-13 1.284023523589190384e-12 4.179006313768209923e-12 1.323286840273785860e-11 4.076865318714073077e-11 1.222084754953968555e-10 3.564436052994157481e-10 1.011597266040878607e-09 2.793608015747436453e-09 7.507216918383151399e-09 1.963197050875177492e-08 4.996169859887603445e-08 1.237419957635491473e-07 2.982794500475211009e-07 6.998050990068682995e-07 1.598090680563184018e-06 3.552394614983957322e-06 7.687117272384997259e-06 1.619413461881108454e-05 3.321513041791782496e-05 6.633353256211797094e-05 1.289993344878313157e-04 2.443097912520925011e-04 4.506499187952205305e-04 8.097170510238267107e-04 1.417354610414138733e-03 2.417332985155956279e-03 4.017678231733633372e-03 6.508334959578684041e-03 1.027789978621070424e-02 1.582601842770483061e-02 2.376706009688625901e-02 3.482021994689834393e-02 4.978163575923712919e-02 6.947573970364909202e-02 9.468598493687464812e-02 1.260690419813709495e-01 1.640609207560573546e-01 2.087872914767403554e-01 2.599924746700064682e-01 3.170012322929251503e-01 3.787241752267752060e-01 4.437115622420061967e-01 5.102525023042515651e-01 5.765086523900765370e-01 6.406651828477957222e-01 7.010785368547421958e-01 7.564011168856219491e-01 8.056673432002029456e-01 8.483325203966851635e-01 8.842640067517395508e-01 9.136915611512612667e-01 9.371290189588111774e-01 9.552818414514467893e-01 9.689545678740391077e-01 9.789693930043606995e-01 9.861029950060464788e-01 9.910444132304557785e-01 9.943730894473075121e-01 9.965536525835223536e-01 9.979427826709776905e-01 9.988033686659243404e-01 9.993218375500375616e-01 9.996255958462045843e-01 9.997986613795230015e-01 9.998945506389860238e-01 9.999462168057577927e-01 9.999732887450782925e-01 9.999870833508803791e-01 9.999939189403118656e-01 9.999972129080392236e-01 9.999987565243171339e-01 9.999994599787030980e-01 9.999997717305655343e-01 9.999999060870505829e-01 9.999999623969315632e-01 9.999999853471549516e-01 9.999999944434699861e-01 9.999999979495375335e-01 9.999999992637063073e-01 9.999999997427313492e-01 9.999999999125326333e-01 9.999999999710654786e-01
1.748295299522201055e-30 1.500906081836594710e-29 1.243896559200457921e-28 9.952011777128655584e-28 7.686655116489141948e-27 5.731496687480581330e-26 4.125791563459187361e-25 2.867211904842203236e-24 1.923669670068037877e-23 1.246018800259683162e-22 7.791975141105780563e-22 4.704410003997149424e-21 2.742227724375616940e-20 1.543295422132482582e-19 8.385880029605500971e-19 4.399562401910086720e-18 2.228636554211350833e-17 1.090049175466851565e-16 5.148001435372520798e-16 2.347611144308862879e-15 1.033756867327417420e-14 4.395677828102593159e-14 1.804927122810634542e-13 7.157012906332239521e-13 2.740659155357876293e-12 1.013545057856603532e-11 3.620017057429570171e-11 1.248744312368159767e-10 4.160531577785724365e-10 1.338920833864607819e-09 4.162091430468946895e-09 1.249799858071597315e-08 3.625473800133232848e-08 1.016037723424081666e-07 2.751079917979124988e-07 7.197388295483747404e-07 1.819524191160714218e-06 4.445164566973649783e-06 1.049553040177342937e-05 2.395249907953743600e-05 5.284147752753727892e-05 1.127014597156443537e-04 2.324197621082479406e-04 4.635220223075591319e-04 8.941156667552616934e-04 1.668489937947669833e-03 3.012659894712521515e-03 5.264707209849256442e-03 8.906548168587078568e-03 1.459094850671219072e-02 2.315479006337895981e-02 3.560776008410412863e-02 5.308599907663413831e-02 7.676388210424660297e-02 1.077244261249270668e-01 1.467990543106968415e-01 1.943984809151347859e-01 2.503651185254108791e-01 3.138802739023153765e-01 3.834541482144693259e-01 4.570131286460709097e-01 5.320795845562042992e-01 6.060191382582174047e-01 6.763147859396827499e-01 7.408208791215634692e-01 7.979547592841915726e-01 8.467983245202905795e-01 8.871017190855520207e-01 9.192010881891411467e-01 9.438769273784675118e-01 9.621860649478036764e-01 9.752985292306870502e-01 9.843625557775916857e-01 9.904100906375117308e-01 9.943046281232199579e-01 9.967253986456705572e-01 9.981777493734207418e-01 9.990187754474428861e-01 9.994888507093389052e-01 9.997424483589423261e-01 9.998744997089417108e-01 9.999408679272006051e-01 9.999730635667125611e-01 9.999881384314954769e-01 9.999949512865449197e-01 9.999979231175166738e-01 9.999991743504436092e-01 9.999996828273076677e-01 9.999998822722671044e-01 9.999999577803818651e-01 9.999999853723535725e-01 9.999999951040878798e-01 9.999999984170464540e-01 9.999999995056250146e-01 9.999999998508655175e-01 9.999999999565474251e-01 9.999999999877722257e-01 9.999999999966766584e-01 9.999999999991278088e-01 9.999999999997788436e-01
7.467002173304819560e-36 9.631826603088548555e-35 1.191199379219477500e-33 1.412464718627769353e-32 1.605802849735697225e-31 1.750381170585900739e-30 1.829377715771622299e-29 1.833197550037637669e-28 1.761389194986617063e-27 1.622732301554490856e-26 1.433473070624004618e-25 1.214197196642810604e-24 9.861709529840924459e-24 7.680422455951920661e-23 5.735812589604986016e-22 4.107609813338693531e-21 2.820822113781462411e-20 1.857645755724784144e-19 1.173166667754743397e-18 7.105189421246377510e-18 4.126870888494357082e-17 2.298826601181770971e-16 1.228126892491136623e-15 6.292806353482739307e-15 3.092593882337352540e-14 1.457783725152063962e-13 6.591288812500459432e-13 2.858717036690729854e-12 1.189360286668100113e-11 4.746969321751018823e-11 1.817611390724325544e-10 6.677131442557128240e-10 2.353464885333620970e-09 7.959416800424043405e-09 2.583091361621617487e-08 8.044800692471038365e-08 2.404600289772347949e-07 6.898602564365969786e-07 1.899819853092478975e-06 5.022773998112002658e-06 1.274989562103915388e-05 3.107842094167783228e-05 7.275529706875401292e-05 1.636044470651564886e-04 3.534519353720816165e-04 7.337703165962452222e-04 1.464149577096871251e-03 2.808796863874968210e-03 5.181958508417865497e-03 9.197142093585235212e-03 1.570956779162321210e-02 2.583560627891200168e-02 4.092931288879504692e-02 6.249741249582103919e-02 9.204265784188639388e-02 1.308418917499026279e-01 1.796867219766015711e-01 2.386353939600387997e-01 3.068361934329555951e-01 3.824785350513640880e-01 4.629052908875406214e-01 5.448830875779693272e-01 6.249866889369712908e-01 7.000223901278654903e-01 7.674043957944993721e-01 8.254113387408014146e-01 8.732827286146134238e-01 9.111559334859007375e-01 9.398801356747441549e-01 9.607646180088498244e-01 9.753211925765221668e-01 9.850476412766030476e-01 9.912779409806109499e-01 9.951037473234339847e-01 9.973558920813843098e-01 9.986268429206306418e-01 9.993144180849264924e-01 9.996710091233251827e-01 9.998482971097636396e-01 9.999327951516567836e-01 9.999714027015795814e-01 9.999883131799103264e-01 9.999954138180575658e-01 9.999982720435198758e-01 9.999993749862566839e-01 9.999997829922862014e-01 9.999999276818070104e-01 9.999999768703768943e-01 9.999999929008986932e-01 9.999999979091624969e-01 9.999999994091323119e-01 9.999999998397910428e-01 9.999999999583240040e-01 9.999999999895992087e-01 9.999999999975099918e-01 9.999999999994282351e-01 9.999999999998741007e-01 9.999999999999733546e-01 9.999999999999946709e-01 9.999999999999988898e-01
9.042827344797699414e-41 1.679746121237712410e-39 2.973641767753684637e-38 5.016989402278404421e-37 8.066987642832517069e-36 1.236225284351525333e-34 1.805537235668749004e-33 2.513290502082311687e-32 3.334351790735122647e-31 4.216168745792855003e-30 5.081220444232660787e-29 5.836702281675577158e-28 6.390322963319900569e-27 6.668689771313553236e-26 6.633270966765504176e-25 6.289150485635637273e-24 5.683831970654667772e-23 4.896479553603419237e-22 4.020954435525593967e-21 3.147650203068947696e-20 2.348908710137818689e-19 1.671010339230147404e-18 1.133279901031570834e-17 7.327449795704247502e-17 4.516891041662742211e-16 2.654678694815367713e-15 1.487597696442542502e-14 7.948350822403093604e-14 4.049530890198405451e-13 1.967379815314487625e-12 9.114835010053670200e-12 4.027259820296230265e-11 1.697054919518368240e-10 6.820795178217354740e-10 2.614911454086189163e-09 9.563012031781238520e-09 3.336447092401384702e-08 1.110619600214836335e-07 3.527620156982381575e-07 1.069257234257980354e-06 3.093287620218131395e-06 8.541930400074146366e-06 2.251936907344622866e-05 5.668859705504604522e-05 1.362882900550381005e-04 3.129964487942729135e-04 6.868238260639455799e-04 1.440448645372501306e-03 2.888250553685205082e-03 5.538783569395073873e-03 1.016288821723145171e-02 1.785052178359769134e-02 3.002999439982508359e-02 4.841802704811531965e-02 7.487335742780071302e-02 1.111445972273943095e-01 1.585341955754278331e-01 2.175373431496860910e-01 2.875439368483923008e-01 3.666982159238493244e-01 4.519849694914340743e-01 5.395560148547922097e-01 6.252422893316519348e-01 7.051398930889593020e-01 7.761349295383228597e-01 8.362514600947414944e-01 8.847614800052368000e-01 9.220642026896621601e-01 9.493993260345079399e-01 9.684878718783977991e-01 9.811905650574607174e-01 9.892460142372916376e-01 9.941140585557066700e-01 9.969174896745625070e-01 9.984559830863403151e-01 9.992605673561081314e-01 9.996615423810851775e-01 9.998519712215918620e-01 9.999381533956388513e-01 9.999753215658562233e-01 9.999905970015057211e-01 9.999965795244674105e-01 9.999988122900583809e-01 9.999996063796441348e-01 9.999998755102532666e-01 9.999999624310118573e-01 9.999999891826463205e-01 9.999999970285524675e-01 9.999999992213645106e-01 9.999999998053805683e-01 9.999999999536025586e-01 9.999999999894505498e-01 9.999999999977124965e-01 9.999999999995270450e-01 9.999999999999067413e-01 9.999999999999824585e-01 9.999999999999968914e-01 9.999999999999994449e-01 9.999999999999998890e-01 1.000000000000000000e+00
2.994831127531175715e-57 2.054474578010147042e-55 1.312741052463882141e-53 7.812885415422969188e-52 4.331141634498386647e-50 2.236436359607906652e-48 1.075669525824658515e-46 4.819195583996007632e-45 2.011171465062635500e-43 7.818227555591897030e-42 2.831120232532433771e-40 9.550049323997146963e-39 3.000938492174128269e-37 8.784560834991709164e-36 2.395533522160124575e-34 6.085719549016528841e-33 1.440316318059616821e-31 3.175772990350481980e-30 6.523739837747847204e-29 1.248561979491142569e-27 2.226390276469753914e-26 3.698984024441227928e-25 5.726202928545785924e-24 8.259776121827985849e-23 1.110202785156291199e-21 1.390545744318580180e-20 1.623061389653035883e-19 1.765511513834659425e-18 1.789834953512570451e-17 1.691160974559819435e-16 1.489399462208974225e-15 1.222696736739961197e-14 9.357012973876881318e-14 6.675735533699904433e-13 4.440585055855393184e-12 2.754228156603801076e-11 1.593022749434396224e-10 8.593199525102734089e-10 4.323671603921597848e-09 2.029437959483184983e-08 8.887750608442147581e-08 3.632262141220897225e-07 1.385536319438441028e-06 4.934144005805584422e-06 1.640855417040977283e-05 5.097073820676579109e-05 1.479484042076367495e-04 4.014281492147804575e-04 1.018615407607505966e-03 2.418505351445584487e-03 5.376348270141140771e-03 1.119820518666843866e-02 2.187286426899853753e-02 4.010566296456588575e-02 6.911649492455865240e-02 1.121171579320019845e-01 1.714914920122319053e-01 2.478630065010951067e-01 3.393740344648853435e-01 4.415209086118718207e-01 5.477360639469568415e-01 6.506224014261218214e-01 7.434631634406523304e-01 8.215053305048640730e-01 8.826177322815771387e-01 9.271975689543985322e-01 9.574915446224223636e-01 9.766686144374956413e-01 9.879773959766436908e-01 9.941897513394439834e-01 9.973688420051072256e-01 9.988843381532750421e-01 9.995573320558068797e-01 9.998357330496316919e-01 9.999430164929943299e-01 9.999815284629733902e-01 9.999944067658665947e-01 9.999984183887511424e-01 9.999995824578331582e-01 9.999998971117625146e-01 9.999999763403319974e-01 9.999999949236458852e-01 9.999999989839221115e-01 9.999999998102976351e-01 9.999999999669679784e-01 9.999999999946362905e-01 9.999999999991878719e-01 9.999999999998854250e-01 9.999999999999849010e-01 9.999999999999982236e-01 9.999999999999997780e-01 1.000000000000000000e+00 1.000000000000000000e+00 1.000000000000000000e+00 1.000000000000000000e+00 1.000000000000000000e+00 1.000000000000000000e+00 1.000000000000000000e+00 1.000000000000000000e+00 1.000000000000000000e+00
1.907504805472794405e-61 1.868701218382209849e-59 1.693861956502768876e-57 1.420641267989722635e-55 1.102462136325353467e-53 7.916270107994114405e-52 5.259691507749766290e-50 3.233613057641075830e-48 1.839541537924975691e-46 9.683467648907185899e-45 4.716917777491520715e-43 2.126172562314138432e-41 8.868672805791390772e-40 3.423310016596459653e-38 1.222839149239553335e-36 4.042373968624044980e-35 1.236678468356696740e-33 3.501385926054545760e-32 9.174795959056062804e-31 2.225036821276060098e-29 4.994295588440490426e-28 1.037576919945066280e-26 1.995212260927188532e-25 3.551365922332817929e-24 5.851338055586403563e-23 8.924535465084673420e-22 1.260100974314227518e-20 1.647155438755987103e-19 1.993403882645391792e-18 2.233630970250736239e-17 2.317443094749711671e-16 2.226470061570435158e-15 1.980916341561002889e-14 1.632267792762799985e-13 1.245749597362089310e-12 8.806965204513759046e-12 5.767992958707662079e-11 3.500081124471344550e-10 1.968088273650420753e-09 1.025626607341018138e-08 4.954337228452609132e-08 2.218790465407189726e-07 9.214578392297841996e-07 3.549524905824784874e-06 1.268595613098885767e-05 4.207997453129436123e-05 1.295955511927127915e-04 3.707290137049414590e-04 9.855899943183518697e-04 2.436515810024933622e-03 5.605088637811698679e-03 1.200882825876407184e-02 2.398605527075631239e-02 4.471764384880291127e-02 7.792723157722876437e-02 1.271594926526004310e-01 1.947043270224001754e-01 2.804655763632231125e-01 3.812392435868835472e-01 4.908265643094699704e-01 6.011152548833853526e-01 7.038362193204285022e-01 7.923772372710264911e-01 8.630068774492062333e-01 9.151486933247297006e-01 9.507725937724376131e-01 9.732969454214555061e-01 9.864770200908459241e-01 9.936143748956398625e-01 9.971912973625968180e-01 9.988502479529233202e-01 9.995622935493213568e-01 9.998451272905204412e-01 9.999490958945305152e-01 9.999844646032531870e-01 9.999955993542111177e-01 9.999988433803204124e-01 9.999997180192998769e-01 9.999999362480713749e-01 9.999999866366180434e-01 9.999999974034063932e-01 9.999999995323927138e-01 9.999999999219664204e-01 9.999999999879345403e-01 9.999999999982716048e-01 9.999999999997706279e-01 9.999999999999718003e-01 9.999999999999967804e-01 9.999999999999996669e-01 1.000000000000000000e+00 1.000000000000000000e+00 1.000000000000000000e+00 1.000000000000000000e+00 1.000000000000000000e+00 1.000000000000000000e+00 1.000000000000000000e+00 1.000000000000000000e+00 1.000000000000000000e+00 1.000000000000000000e+00 1.000000000000000000e+00
5.020685847199668415e-85 3.165411676895471756e-82 1.787397873305637811e-79 9.039421967486698857e-77 4.094427742895214772e-74 1.661054523939180562e-71 6.035565463808882268e-69 1.964269212356607681e-66 5.725836071062274755e-64 1.494988652624729836e-61 3.496266810574388735e-59 7.323959309392321487e-57 1.374261540233087927e-54 2.309845199624914948e-52 3.477721317546859937e-50 4.690445091758865725e-48 5.666961606186933709e-46 6.133574330891530435e-44 5.947234628165434182e-42 5.166141553340900319e-40 4.020498385329398116e-38 2.803298593439595345e-36 1.751254479022912759e-34 9.802464909719930581e-33 4.916368712927982390e-31 2.209505535237261771e-29 8.898303049558781586e-28 3.211459456798958315e-26 1.038734377018089247e-24 3.011197404157873081e-23 7.824109693137574461e-22 1.822311939670917955e-20 3.804844044296832611e-19 7.122216989896314125e-18 1.195362672512221106e-16 1.799024042756974453e-15 2.428169912337529154e-14 2.939573269913995727e-13 3.192406198568795739e-12 3.110674924787148867e-11 2.720054765643833403e-10 2.134925960300862115e-09 1.504456503281400048e-08 9.521254438569410388e-08 5.413428411967199985e-07 2.766204976972448171e-06 1.270952716304722504e-05 5.253427799769101118e-05 1.954807992998686616e-04 6.553121357980568442e-04 1.980975038415900072e-03 5.406143475493154806e-03 1.333753456033806573e-02 2.979789229027974412e-02 6.041435833101719416e-02 1.114530663032364116e-01 1.877093341020314443e-01 2.898231757861582936e-01 4.123774027375730622e-01 5.442053446673207340e-01 6.712985996220353080e-01 7.811165181200541152e-01 8.661634942213257693e-01 9.251942398122749989e-01 9.619165184656688350e-01 9.823908938790775203e-01 9.926219064202446152e-01 9.972038552018430702e-01 9.990429401078906313e-01 9.997044998960444850e-01 9.999177786517817745e-01 9.999794001548757416e-01 9.999953559262158009e-01 9.999990584549454109e-01 9.999998284149340666e-01 9.999999719046064328e-01 9.999999958680547696e-01 9.999999994543609105e-01 9.999999999353195168e-01 9.999999999931188377e-01 9.999999999993431921e-01 9.999999999999438227e-01 9.999999999999956701e-01 9.999999999999997780e-01 1.000000000000000000e+00 1.000000000000000000e+00 1.000000000000000000e+00 1.000000000000000000e+00 1.000000000000000000e+00 1.000000000000000000e+00 1.000000000000000000e+00 1.000000000000000000e+00 1.000000000000000000e+00 1.000000000000000000e+00 1.000000000000000000e+00 1.000000000000000000e+00 1.000000000000000000e+00 1.000000000000000000e+00 1.000000000000000000e+00 1.000000000000000000e+00
3.284100029391119358e-114 2.243297386400232105e-110 1.314626540411619699e-106 6.609486869515998071e-103 2.850938724752650966e-99 1.055037936212902273e-95 3.349761462030039903e-92 9.124964397230652047e-89 2.132682412142024105e-85 4.276667630559944461e-82 7.358276558754297630e-79 1.086289129070131553e-75 1.376009315020039629e-72 1.495589239435257313e-69 1.394849223009341751e-66 1.116286658909273885e-63 7.665984917091474404e-61 4.517673944149648906e-58 2.284695002977009996e-55 9.915636590506496366e-53 3.693223071795666503e-50 1.180586046038822261e-47 3.239012903207926762e-45 7.627244745574710870e-43 1.541633477034068684e-40 2.674687780488075320e-38 3.983505373328172119e-36 5.093096514400066150e-34 5.590474351409482358e-32 5.268588235966775748e-30 4.263341736456203970e-28 2.962449848469324373e-26 1.767808500209757508e-24 9.060358496393938227e-23 3.988677854058843713e-21 1.508478175586690270e-19 4.901569621437641835e-18 1.368625340555561817e-16 3.284455074120692866e-15 6.775760160804348701e-14 1.201898394743408817e-12 1.833608055762744442e-11 2.406612796718596625e-10 2.718445242140165793e-09 2.643807895432131006e-08 2.214864649620200434e-07 1.599286513765933963e-06 9.960292097367546844e-06 5.354936387525791947e-05 2.487858371030692733e-04 1.000105801629549897e-03 3.484295741798758804e-03 1.054185457193349169e-02 2.777031848406628922e-02 6.390896537904741659e-02 1.290477657847280135e-01 2.299399784891705545e-01 3.642261172035154981e-01 5.178165218222574584e-01 6.687752031262694796e-01 7.962760258663316160e-01 8.888154015390106188e-01 9.465311956986240949e-01 9.774634279815761495e-01 9.917086240191426150e-01 9.973457342498686096e-01 9.992624788535319214e-01 9.998224668947384153e-01 9.999630346735448594e-01 9.999933505276696888e-01 9.999989676537153205e-01 9.999998617848482318e-01 9.999999840527520334e-01 9.999999984152090349e-01 9.999999998644156785e-01 9.999999999900177627e-01 9.999999999993678390e-01 9.999999999999655831e-01 9.999999999999984457e-01 1.000000000000000000e+00 1.000000000000000000e+00 1.000000000000000000e+00 1.000000000000000000e+00 1.000000000000000000e+00 1.000000000000000000e+00 1.000000000000000000e+00 1.000000000000000000e+00 1.000000000000000000e+00 1.000000000000000000e+00 1.000000000000000000e+00 1.000000000000000000e+00 1.000000000000000000e+00 1.000000000000000000e+00 1.000000000000000000e+00 1.000000000000000000e+00 1.000000000000000000e+00 1.000000000000000000e+00 1.000000000000000000e+00 1.000000000000000000e+00 1.000000000000000000e+00
4.125482315921538466e-135 1.580094343549453427e-130 5.031345570942898785e-126 1.331934833400212123e-121 2.931464467316552485e-117 5.364071188117010988e-113 8.160530520609789638e-109 1.032196230374535303e-104 1.085506851457121681e-100 9.491527070781370118e-97 6.900491864134170554e-93 4.171306555721927834e-89 2.096623396619394092e-85 8.762614362302620477e-82 3.045237672219456439e-78 8.800205578639208912e-75 2.114750658419102358e-71 4.226020536683177563e-68 7.022994174798783370e-65 9.706091594591007598e-62 1.115608831188496830e-58 1.066449276180670878e-55 8.479019207363776284e-53 5.607199509764682363e-50 3.084329123942209568e-47 1.411272163245835154e-44 5.371791288847722275e-42 1.701025619408667492e-39 4.481397072206173445e-37 9.823291734269539069e-35 1.791739978245629028e-32 2.719593830500629994e-30 3.435461183866432282e-28 3.612130323147109609e-26 3.161476090986907595e-24 2.303676318726641600e-22 1.397726581045833466e-20 7.062602996754853454e-19 2.972567499371214413e-17 1.042359193472660751e-15 3.046003105159789404e-14 7.419866330903880319e-13 1.507164996209035969e-11 2.553853193264613322e-10 3.611636867359176744e-09 4.265075292193494871e-08 4.208760008205233467e-07 3.473274006987544912e-06 2.399462850106993839e-05 1.389364126628548550e-04 6.753355654952736525e-04 2.761101826978840622e-03 9.519400435434345609e-03 2.776790697997369786e-02 6.883145148983223216e-02 1.458405868865753907e-01 2.662051558093377346e-01 4.230014205543626282e-01 5.932405500275357291e-01 7.472940509838037482e-01 8.634843802832345983e-01 9.365222715732269831e-01 9.747867583941698388e-01 9.914937680392204022e-01 9.975728615466368243e-01 9.994161569427877367e-01 9.998818961045252696e-01 9.999799478331807823e-01 9.999971468274146957e-01 9.999996601878972102e-01 9.999999661569314302e-01 9.999999971837263413e-01 9.999999998043098692e-01 9.999999999886521884e-01 9.999999999994511057e-01 9.999999999999777955e-01 9.999999999999993339e-01 1.000000000000000000e+00 1.000000000000000000e+00 1.000000000000000000e+00 1.000000000000000000e+00 1.000000000000000000e+00 1.000000000000000000e+00 1.000000000000000000e+00 1.000000000000000000e+00 1.000000000000000000e+00 1.000000000000000000e+00 1.000000000000000000e+00 1.000000000000000000e+00 1.000000000000000000e+00 1.000000000000000000e+00 1.000000000000000000e+00 1.000000000000000000e+00 1.000000000000000000e+00 1.000000000000000000e+00 1.000000000000000000e+00 1.000000000000000000e+00 1.000000000000000000e+00 1.000000000000000000e+00 1.000000000000000000e+00
3.541130401660173564e-200 2.903243043540163627e-193 1.794355641920301198e-186 8.360310426132979632e-180 2.936502720429303072e-173 7.775677131055890932e-167 1.552214908083044709e-160 2.336025979273785837e-154 2.650467141522054501e-148 2.267218023859657984e-142 1.462169994913730134e-136 7.109585403686663839e-131 2.606400468477299287e-125 7.204397877335195951e-120 1.501494526670434567e-114 2.359553723107763076e-109 2.795936653270901883e-104 2.498205975661912707e-99 1.683238453323422817e-94 8.552509462398104840e-90 3.277080753822547571e-85 9.469842502173617623e-81 2.063850044410287517e-76 3.392442934024738493e-72 4.205977539576532529e-68 3.933364509270645284e-64 2.774784682421403625e-60 1.476691052970747006e-56 5.928917476031195967e-53 1.796055791277024569e-49 4.105439783865556281e-46 7.081672579060118330e-43 9.219212204695065128e-40 9.059088703026523878e-37 6.719936175319377873e-34 3.763572349598357355e-31 1.591706779506048395e-28 5.084367823069772916e-26 1.226923759455933042e-23 2.237253438713237652e-21 3.083598312389077375e-19 3.213624348374461781e-17 2.533398605332873232e-15 1.511446448737288809e-13 6.828329772385277355e-12 2.337619751508463483e-10 6.069392633509845830e-09 1.196447296305182564e-07 1.793100403343288810e-06 2.046574399771756801e-05 1.782940539443452041e-04 1.189113568503732260e-03 6.095787574432372409e-03 2.415218257717811554e-02 7.453675591543042211e-02 1.811628311711672989e-01 3.523167180984378977e-01 5.607203945455359051e-01 7.532223763372329906e-01 8.881092863213079225e-01 9.598029165261254825e-01 9.887042433018405907e-01 9.975393616283745324e-01 9.995871180585620408e-01 9.999468800850759287e-01 9.999947774922832711e-01 9.999996086230165115e-01 9.999999776863888190e-01 9.999999990336071454e-01 9.999999999682434026e-01 9.999999999992089661e-01 9.999999999999851230e-01 9.999999999999997780e-01 1.000000000000000000e+00 1.000000000000000000e+00 1.000000000000000000e+00 1.000000000000000000e+00 1.000000000000000000e+00 1.000000000000000000e+00 1.000000000000000000e+00 1.000000000000000000e+00 1.000000000000000000e+00 1.000000000000000000e+00 1.000000000000000000e+00 1.000000000000000000e+00 1.000000000000000000e+00 1.000000000000000000e+00 1.000000000000000000e+00 1.000000000000000000e+00 1.000000000000000000e+00 1.000000000000000000e+00 1.000000000000000000e+00 1.000000000000000000e+00 1.000000000000000000e+00 1.000000000000000000e+00 1.000000000000000000e+00 1.000000000000000000e+00 1.000000000000000000e+00 1.000000000000000000e+00 1.000000000000000000e+00
1.249054739986149546e-195 7.541682800211568261e-189 3.447728137675515068e-182 1.193385829050429691e-175 3.127643842134539588e-169 6.206517893337037206e-163 9.325650193624780523e-157 1.061004111949588356e-150 9.140473364370691636e-145 5.962676423485882597e-139 2.945387563780903732e-133 1.101743563660435057e-127 3.120787638639259215e-122 6.694264649771032896e-117 1.087442970485915408e-111 1.337783218259616720e-106 1.246384664393859203e-101 8.794635681547458558e-97 4.699982575032497032e-92 1.902398695620275063e-87 5.832424455631253961e-83 1.354427137842827841e-78 2.382534294383723063e-74 3.174821169229088612e-70 3.204920868411194040e-66 2.451074914266079755e-62 1.420242739461995532e-58 6.235384693526028298e-55 2.074385070369965323e-51 5.229677556564063025e-48 9.992115752265622002e-45 1.447034170215666725e-41 1.588493686763618650e-38 1.321994773515400968e-35 8.341999719667973214e-33 3.991839160144278378e-30 1.448816940352187428e-27 3.989122787311474240e-25 8.334185267309572620e-23 1.321552532323263655e-20 1.591011771850484198e-18 1.454737994890802141e-16 1.010651126690389369e-14 5.337530420304563597e-13 2.144191700740514447e-11 6.556752600182940638e-10 1.527589256121847354e-08 2.714585205924192389e-07 3.684629542233013324e-06 3.827063833351479445e-05 3.048927942826527458e-04 1.868977057788155519e-03 8.852901875611681945e-03 3.259459299572003282e-02 9.405290491788369234e-02 2.152173160318036627e-01 3.971646612434965862e-01 6.052893923825671818e-01 7.866401562810654280e-01 9.070112355262838211e-01 9.678668455290457828e-01 9.912985473479878351e-01 9.981686463866257242e-01 9.997021815852265014e-01 9.999627361923812963e-01 9.999964238287739615e-01 9.999997373846409854e-01 9.999999852698534530e-01 9.999999993698172052e-01 9.999999999794593197e-01 9.999999999994904076e-01 9.999999999999904521e-01 9.999999999999998890e-01 1.000000000000000000e+00 1.000000000000000000e+00 1.000000000000000000e+00 1.000000000000000000e+00 1.000000000000000000e+00 1.000000000000000000e+00 1.000000000000000000e+00 1.000000000000000000e+00 1.000000000000000000e+00 1.000000000000000000e+00 1.000000000000000000e+00 1.000000000000000000e+00 1.000000000000000000e+00 1.000000000000000000e+00 1.000000000000000000e+00 1.000000000000000000e+00 1.000000000000000000e+00 1.000000000000000000e+00 1.000000000000000000e+00 1.000000000000000000e+00 1.000000000000000000e+00 1.000000000000000000e+00 1.000000000000000000e+00 1.000000000000000000e+00 1.000000000000000000e+00 1.000000000000000000e+00 1.000000000000000000e+00
7.845110219363418215e-231 9.871888686632564299e-223 8.877060811789780609e-215 5.704416408089449452e-207 2.619581796467840817e-199 8.596811209557948809e-192 2.016200942887694747e-184 3.379309210468121687e-177 4.047872758045075287e-170 3.465278364749237929e-163 2.120165641868210798e-156 9.271081721586436521e-150 2.897537805915301685e-143 6.472553595119859757e-137 1.033428609795635074e-130 1.179382754090913415e-124 9.620785623308620355e-119 5.609971835462354226e-113 2.338401617916110845e-107 6.967882212576538816e-102 1.484301024560330362e-96 2.260477694018752081e-91 2.461243505596001770e-86 1.916045444054332676e-81 1.066538456824564620e-76 4.245134635377768740e-72 1.208308356665038232e-67 2.459604495676357422e-63 3.580856030155347778e-59 3.728884402206440350e-55 2.777677767756188981e-51 1.480269226659857485e-47 5.644244625912151426e-44 1.540046352247604720e-40 3.007380973342727459e-37 4.203801400208428127e-34 4.207048774621667840e-31 3.015012579048893833e-28 1.547697467792679823e-25 5.692396227674238531e-23 1.500598665267692537e-20 2.836411534053271718e-18 3.846070550247132763e-16 3.743333746788089068e-14 2.616957995703122102e-12 1.315239973559634527e-10 4.757163072593178512e-09 1.239976070532407589e-07 2.333219458832017194e-06 3.176600134010516488e-05 3.138721114783504015e-04 2.260087425858327368e-03 1.192867604075780602e-02 4.653115346523586937e-02 1.357744627095904266e-01 3.016905576303896552e-01 5.240868932436564265e-01 7.390345106829624422e-01 8.888300570089588959e-01 9.640924013831736472e-01 9.913494565957438054e-01 9.984628231192982373e-01 9.998000593295379712e-01 9.999810662583392684e-01 9.999986996909415726e-01 9.999999354208655156e-01 9.999999976855863393e-01 9.999999999402445772e-01 9.999999999988899990e-01 9.999999999999851230e-01 9.999999999999997780e-01 1.000000000000000000e+00 1.000000000000000000e+00 1.000000000000000000e+00 1.000000000000000000e+00 1.000000000000000000e+00 1.000000000000000000e+00 1.000000000000000000e+00 1.000000000000000000e+00 1.000000000000000000e+00 1.000000000000000000e+00 1.000000000000000000e+00 1.000000000000000000e+00 1.000000000000000000e+00 1.000000000000000000e+00 1.000000000000000000e+00 1.000000000000000000e+00 1.000000000000000000e+00 1.000000000000000000e+00 1.000000000000000000e+00 1.000000000000000000e+00 1.000000000000000000e+00 1.000000000000000000e+00 1.000000000000000000e+00 1.000000000000000000e+00 1.000000000000000000e+00 1.000000000000000000e+00 1.000000000000000000e+00 1.000000000000000000e+00 1.000000000000000000e+00
8.041080356294824628e-258 1.046284041383386974e-248 9.303856386311666437e-240 5.654055172485467432e-231 2.348261698568604577e-222 6.665434316748445766e-214 1.293041244010485940e-205 1.714372219694571111e-197 1.553509660051612622e-189 9.621585127024060747e-182 4.072971413403870125e-174 1.178465690772305960e-166 2.330626829457925715e-159 3.150567397977595603e-152 2.911224964421377381e-145 1.838845399235625466e-138 7.939798438495277871e-132 2.343591069226641652e-125 4.729079444290866828e-119 6.523929649813570457e-113 6.153136452693092000e-107 3.967862231874543098e-101 1.749480480008315322e-95 5.274430467226804344e-90 1.087375251848555205e-84 1.533014953503161892e-79 1.478102638465562001e-74 9.747316650368340159e-70 4.396652140603216709e-65 1.356605763625706705e-60 2.863663321507683217e-56 4.135939141713154598e-52 4.087549615055355551e-48 2.764700701951393842e-44 1.279960779955309223e-40 4.056814246182187769e-37 8.804423176744832601e-34 1.308713325409209452e-30 1.332699675334560661e-27 9.300360741122820759e-25 4.449449672276286264e-22 1.459958454909953048e-19 3.287214595411082872e-17 5.082082228883161034e-15 5.399018194984383006e-13 3.945120275045047874e-11 1.985165813822964744e-09 6.889484316025427480e-08 1.652308245125246940e-06 2.745693702629288104e-05 3.172629938183953212e-04 2.561814755477828665e-03 1.455835041323169654e-02 5.883258675684244904e-02 1.717186110946472555e-01 3.706463394924274235e-01 6.129865823186645413e-01 8.170991285376904001e-01 9.359477019268578335e-01 9.837770039137788691e-01 9.970754785593500813e-01 9.996287427280436955e-01 9.999670514700786939e-01 9.999979660926610059e-01 9.999999129886389948e-01 9.999999974272089087e-01 9.999999999475266410e-01 9.999999999992629229e-01 9.999999999999928946e-01 1.000000000000000000e+00 1.000000000000000000e+00 1.000000000000000000e+00 1.000000000000000000e+00 1.000000000000000000e+00 1.000000000000000000e+00 1.000000000000000000e+00 1.000000000000000000e+00 1.000000000000000000e+00 1.000000000000000000e+00 1.000000000000000000e+00 1.000000000000000000e+00 1.000000000000000000e+00 1.000000000000000000e+00 1.000000000000000000e+00 1.000000000000000000e+00 1.000000000000000000e+00 1.000000000000000000e+00 1.000000000000000000e+00 1.000000000000000000e+00 1.000000000000000000e+00 1.000000000000000000e+00 1.000000000000000000e+00 1.000000000000000000e+00 1.000000000000000000e+00 1.000000000000000000e+00 1.000000000000000000e+00 1.000000000000000000e+00 1.000000000000000000e+00 1.000000000000000000e+00 1.000000000000000000e+00
7.820653159233398342e-248 5.188399382027755319e-239 2.374850097216110985e-230 7.499926465087029855e-222 1.634186813908591406e-213 2.456838054897261968e-205 2.548520337588480758e-197 1.824078140431332621e-189 9.008448314892009897e-182 3.069839649724485907e-174 7.218533650532947026e-167 1.171275024370566461e-159 1.311459866631706953e-152 1.013322399589382427e-145 5.403159911947457100e-139 1.988233412224494964e-132 5.049158399049172901e-126 8.849452242371114970e-120 1.070469538433993564e-113 8.937349035498232498e-108 5.150351645029236320e-102 2.048696139605454776e-96 5.625370231764608539e-91 1.066300951312442657e-85 1.395365253166974990e-80 1.260671863776157139e-75 7.864145277472929323e-71 3.387416227310076481e-66 1.007601575687773174e-61 2.069912227829390251e-57 2.936986275235281996e-53 2.878644771965335649e-49 1.949241850158735066e-45 9.120050776718631564e-42 2.948854578816548905e-38 6.590442151741857335e-35 1.018293783359686634e-31 1.088016052692014328e-28 8.041268478211556492e-26 4.112302811691033579e-23 1.455750030430247366e-20 3.568878269230523510e-18 6.062648097588998856e-16 7.141228585353922661e-14 5.837472118624300027e-12 3.314879676685539764e-10 1.309392885959364998e-08 3.603805617483879917e-07 6.926235529792791804e-06 9.322971285186980252e-05 8.824260257242768322e-04 5.906307533038726403e-03 2.818298016781068185e-02 9.702385651643924414e-02 2.453487574809235794e-01 4.682371167532469736e-01 7.018732257691706611e-01 8.727096322097498415e-01 9.598364541408695993e-01 9.908203070086971653e-01 9.985002392289914486e-01 9.998264090495985190e-01 9.999858531674861162e-01 9.999991918049254691e-01 9.999999677361873784e-01 9.999999991020973589e-01 9.999999999826110209e-01 9.999999999997659650e-01 9.999999999999977796e-01 1.000000000000000000e+00 1.000000000000000000e+00 1.000000000000000000e+00 1.000000000000000000e+00 1.000000000000000000e+00 1.000000000000000000e+00 1.000000000000000000e+00 1.000000000000000000e+00 1.000000000000000000e+00 1.000000000000000000e+00 1.000000000000000000e+00 1.000000000000000000e+00 1.000000000000000000e+00 1.000000000000000000e+00 1.000000000000000000e+00 1.000000000000000000e+00 1.000000000000000000e+00 1.000000000000000000e+00 1.000000000000000000e+00 1.000000000000000000e+00 1.000000000000000000e+00 1.000000000000000000e+00 1.000000000000000000e+00 1.000000000000000000e+00 1.000000000000000000e+00 1.000000000000000000e+00 1.000000000000000000e+00 1.000000000000000000e+00 1.000000000000000000e+00 1.000000000000000000e+00 1.000000000000000000e+00
7.289662423909637716e-211 2.478007248817360381e-203 6.126802147775660486e-196 1.101810519263780296e-188 1.441211509081740857e-181 1.371205681342155997e-174 9.489389407198937382e-168 4.776852539494844049e-161 1.749125083404915325e-154 4.658900305008543320e-148 9.026888097967324607e-142 1.272312932661692308e-135 1.304550333373121845e-129 9.730814901775812856e-124 5.280441816848622906e-118 2.084663762850853781e-112 5.987691385403489575e-107 1.251279585703918632e-101 1.902549196125028615e-96 2.104845678617173105e-91 1.694435526531912193e-86 9.925887834885399862e-82 4.231301668160135026e-77 1.312688245786584143e-72 2.963855142233119432e-68 4.870654224873095023e-64 5.826160659041343027e-60 5.073123096788167784e-56 3.215900428510025265e-52 1.484241310459858376e-48 4.987997972559411899e-45 1.220726313998705808e-41 2.175891837990550955e-38 2.825187056166774188e-35 2.672517328407985230e-32 1.842213310230972376e-29 9.255504631982387401e-27 3.390083184381480706e-24 9.055189432401333890e-22 1.764452788447467298e-19 2.509127928960740222e-17 2.605216965240710564e-15 1.976164959848068114e-13 1.095882471068615755e-11 4.446709260692645946e-10 1.321633175549525005e-08 2.881148777641131995e-07 4.614807990363033057e-06 5.443209162353156649e-05 4.742147535062328154e-04 3.063998698430914300e-03 1.476599456641375027e-02 5.350600367903167454e-02 1.474970803808705044e-01 3.146589172941254287e-01 5.326186488984092637e-01 7.409883756145805300e-01 8.870402006760799152e-01 9.620905224861742155e-01 9.903586362831680034e-01 9.981611572038221469e-01 9.997388997563315671e-01 9.999725407161231816e-01 9.999978690634023781e-01 9.999998783106585076e-01 9.999999948969509056e-01 9.999999998431063908e-01 9.999999999964679365e-01 9.999999999999418243e-01 9.999999999999993339e-01 1.000000000000000000e+00 1.000000000000000000e+00 1.000000000000000000e+00 1.000000000000000000e+00 1.000000000000000000e+00 1.000000000000000000e+00 1.000000000000000000e+00 1.000000000000000000e+00 1.000000000000000000e+00 1.000000000000000000e+00 1.000000000000000000e+00 1.000000000000000000e+00 1.000000000000000000e+00 1.000000000000000000e+00 1.000000000000000000e+00 1.000000000000000000e+00 1.000000000000000000e+00 1.000000000000000000e+00 1.000000000000000000e+00 1.000000000000000000e+00 1.000000000000000000e+00 1.000000000000000000e+00 1.000000000000000000e+00 1.000000000000000000e+00 1.000000000000000000e+00 1.000000000000000000e+00 1.000000000000000000e+00 1.000000000000000000e+00 1.000000000000000000e+00 1.000000000000000000e+00
1.582276199293373557e-170 1.961011347837137506e-164 1.877362657078038356e-158 1.388328309665313107e-152 7.930820656576299783e-147 3.499712649454098481e-141 1.193003453827066949e-135 3.141616954017940025e-130 6.391084964133609076e-125 1.004416589232440972e-119 1.219494140584232168e-114 1.143882245767369828e-109 8.289503437973413256e-105 4.641216532948525923e-100 2.007717198123073568e-95 6.710466988916264423e-91 1.732987608940023892e-86 3.458156888677525238e-82 5.332312205492385607e-78 6.353666787315712122e-74 5.850446293438202229e-70 4.163211545262484365e-66 2.289622048581489073e-62 9.732351098811975211e-59 3.197535176579607303e-55 8.120519880694722687e-52 1.594238679716838307e-48 2.419674833796943044e-45 2.839432216171378363e-42 2.576425231001437106e-39 1.807841992232593967e-36 9.810948533847912139e-34 4.118376752178723255e-31 1.337426519685912271e-28 3.360588701658927813e-26 6.534995530515281704e-24 9.836819759694535347e-22 1.146444620660481455e-19 1.034826065414799600e-17 7.236788158078557625e-16 3.922501973635065784e-14 1.648642738131482216e-12 5.376310444605347358e-11 1.361247455860184462e-09 2.678259246851609949e-08 4.099082079155885151e-07 4.886649526696609445e-06 4.545222970919225790e-05 3.305688936205875721e-04 1.885269844534006060e-03 8.463582352542031034e-03 3.006595475316427638e-02 8.513070052862525827e-02 1.940952468800371533e-01 3.615035486239844831e-01 5.612022473451424576e-01 7.461678078438653827e-01 8.791884828694309650e-01 9.534629879378170303e-01 9.856601450733573078e-01 9.964945078231564057e-01 9.993241779808966774e-01 9.998976901494371905e-01 9.999878769066768980e-01 9.999988783143849425e-01 9.999999191117816544e-01 9.999999954602959429e-01 9.999999998019384329e-01 9.999999999932887018e-01 9.999999999998234745e-01 9.999999999999964473e-01 1.000000000000000000e+00 1.000000000000000000e+00 1.000000000000000000e+00 1.000000000000000000e+00 1.000000000000000000e+00 1.000000000000000000e+00 1.000000000000000000e+00 1.000000000000000000e+00 1.000000000000000000e+00 1.000000000000000000e+00 1.000000000000000000e+00 1.000000000000000000e+00 1.000000000000000000e+00 1.000000000000000000e+00 1.000000000000000000e+00 1.000000000000000000e+00 1.000000000000000000e+00 1.000000000000000000e+00 1.000000000000000000e+00 1.000000000000000000e+00 1.000000000000000000e+00 1.000000000000000000e+00 1.000000000000000000e+00 1.000000000000000000e+00 1.000000000000000000e+00 1.000000000000000000e+00 1.000000000000000000e+00 1.000000000000000000e+00 1.000000000000000000e+00
3.881622606256510453e-106 2.244617160549791087e-102 1.107102453376717841e-98 4.657528549710721840e-95 1.671288225979942772e-91 5.115423357174985250e-88 1.335527613817785369e-84 2.974214524990892961e-81 5.649985626525465771e-78 9.155583191902374536e-75 1.265600976379481745e-71 1.492412130219960920e-68 1.501314216734177105e-65 1.288414572544393603e-62 9.433045784740531964e-60 5.892131369775815115e-57 3.140001302182912284e-54 1.427703081809876011e-51 5.538745776019434865e-49 1.833438811838180413e-46 5.178692965998435271e-44 1.248220808497191487e-41 2.567441569253910488e-39 4.506815859615729440e-37 6.751859400147184258e-35 8.633518462766731438e-33 9.423065695902902299e-31 8.779476381147083122e-29 6.983166043980523063e-27 4.742230216069878137e-25 2.749811402277896799e-23 1.361638103788219860e-21 5.758551866218206483e-20 2.080265067678950641e-18 6.420173079089122076e-17 1.693072459564500925e-15 3.815874532605819016e-14 7.351979813895281466e-13 1.211221780029934710e-11 1.706822548260275950e-10 2.058056742178942398e-09 2.124307611868410071e-08 1.877975067744461477e-07 1.422783552720233815e-06 9.244486767406547150e-06 5.155952709999778286e-05 2.471114470141460217e-04 1.019119658651382754e-03 3.622823339755603268e-03 1.112499149839501524e-02 2.959307266951614890e-02 6.843572101112524453e-02 1.382361932872537835e-01 2.454075403470128425e-01 3.860045199859385434e-01 5.436037926762535832e-01 6.945474988653996817e-01 8.180733234369098605e-01 9.044466301957239107e-01 9.560496587105309363e-01 9.823909660903942243e-01 9.938792848979284278e-01 9.981600478084817762e-01 9.995228037054213477e-01 9.998934264713257303e-01 9.999795350866322874e-01 9.999966251459808664e-01 9.999995225144380218e-01 9.999999420866996225e-01 9.999999939824167905e-01 9.999999994646322499e-01 9.999999999592369404e-01 9.999999999973447906e-01 9.999999999998521183e-01 9.999999999999928946e-01 9.999999999999997780e-01 1.000000000000000000e+00 1.000000000000000000e+00 1.000000000000000000e+00 1.000000000000000000e+00 1.000000000000000000e+00 1.000000000000000000e+00 1.000000000000000000e+00 1.000000000000000000e+00 1.000000000000000000e+00 1.000000000000000000e+00 1.000000000000000000e+00 1.000000000000000000e+00 1.000000000000000000e+00 1.000000000000000000e+00 1.000000000000000000e+00 1.000000000000000000e+00 1.000000000000000000e+00 1.000000000000000000e+00 1.000000000000000000e+00 1.000000000000000000e+00 1.000000000000000000e+00 1.000000000000000000e+00 1.000000000000000000e+00 1.000000000000000000e+00
