9.120090367488709330e-55 6.856842666720007634e-53 4.769884969769188064e-51 3.070121117419662088e-49 1.828405363234608866e-47 1.007545440245554687e-45 5.137337674645066963e-44 2.423814596260192288e-42 1.058169842193522810e-40 4.274776071291970630e-39 1.598016011929615338e-37 5.527985613972080347e-36 1.769617850820089332e-34 5.242377065795597963e-33 1.437219826721803669e-31 3.646489919732297882e-30 8.562392951839597363e-29 1.860783668536304897e-27 3.742746297213800981e-26 6.967754519800561885e-25 1.200655780467331682e-23 1.915066669400712713e-22 2.827527337579575964e-21 3.864618014135407055e-20 4.889946967122431670e-19 5.728255084740497886e-18 6.212781029449566548e-17 6.239106891818787541e-16 5.801780168496820168e-15 4.996147937525086602e-14 3.984561345768710865e-13 2.943315041694703554e-12 2.013947171235933829e-11 1.276625414396376954e-10 7.497864969062425320e-10 4.080671038982558554e-09 2.058325439296837397e-08 9.624149618868339896e-08 4.172190701337983710e-07 1.677331743532657590e-06 6.255189987117735935e-06 2.164508000614971580e-05 6.952250242439347394e-05 2.073544317478831392e-04 5.745474374152684076e-04 1.479792186850464311e-03 3.545011275274375165e-03 7.905107653873940862e-03 1.642348977492219878e-02 3.182453958881204664e-02 5.759230159863253096e-02 9.748901383466949955e-02 1.546542875634026870e-01 2.304531781051317174e-01 3.234630988328522916e-01 4.290796333220701642e-01 5.400663448972227165e-01 6.479974369456706906e-01 7.451286086087509641e-01 8.260208691164026007e-01 8.883643850160807265e-01 9.328286523175777223e-01 9.621758032007479144e-01 9.801006313854110363e-01 9.902322184317837728e-01 9.955316882900987485e-01 9.980968737211313169e-01 9.992459141263869693e-01 9.997222142833189773e-01 9.999049206221888308e-01 9.999697769631143984e-01 9.999910816705485095e-01 9.999975578858335545e-01 9.999993796314060601e-01 9.999998538438999995e-01 9.999999680725595308e-01 9.999999935345236235e-01 9.999999987864822693e-01 9.999999997889282843e-01 9.999999999659835437e-01 9.999999999949211738e-01 9.999999999992975619e-01 9.999999999999100719e-01 9.999999999999893419e-01 9.999999999999988898e-01 9.999999999999998890e-01 1.000000000000000000e+00 1.000000000000000000e+00 1.000000000000000000e+00 1.000000000000000000e+00 1.000000000000000000e+00 1.000000000000000000e+00 1.000000000000000000e+00 1.000000000000000000e+00 1.000000000000000000e+00 1.000000000000000000e+00 1.000000000000000000e+00 1.000000000000000000e+00 1.000000000000000000e+00 1.000000000000000000e+00
9.120090367488709330e-55 6.856842666720007634e-53 4.769884969769188064e-51 3.070121117419662088e-49 1.828405363234608866e-47 1.007545440245554687e-45 5.137337674645066963e-44 2.423814596260192288e-42 1.058169842193522810e-40 4.274776071291970630e-39 1.598016011929615338e-37 5.527985613972080347e-36 1.769617850820089332e-34 5.242377065795597963e-33 1.437219826721803669e-31 3.646489919732297882e-30 8.562392951839597363e-29 1.860783668536304897e-27 3.742746297213800981e-26 6.967754519800561885e-25 1.200655780467331682e-23 1.915066669400712713e-22 2.827527337579575964e-21 3.864618014135407055e-20 4.889946967122431670e-19 5.728255084740497886e-18 6.212781029449566548e-17 6.239106891818787541e-16 5.801780168496820168e-15 4.996147937525086602e-14 3.984561345768710865e-13 2.943315041694703554e-12 2.013947171235933829e-11 1.276625414396376954e-10 7.497864969062425320e-10 4.080671038982558554e-09 2.058325439296837397e-08 9.624149618868339896e-08 4.172190701337983710e-07 1.677331743532657590e-06 6.255189987117735935e-06 2.164508000614971580e-05 6.952250242439347394e-05 2.073544317478831392e-04 5.745474374152684076e-04 1.479792186850464311e-03 3.545011275274375165e-03 7.905107653873940862e-03 1.642348977492219878e-02 3.182453958881204664e-02 5.759230159863253096e-02 9.748901383466949955e-02 1.546542875634026870e-01 2.304531781051317174e-01 3.234630988328522916e-01 4.290796333220701642e-01 5.400663448972227165e-01 6.479974369456706906e-01 7.451286086087509641e-01 8.260208691164026007e-01 8.883643850160807265e-01 9.328286523175777223e-01 9.621758032007479144e-01 9.801006313854110363e-01 9.902322184317837728e-01 9.955316882900987485e-01 9.980968737211313169e-01 9.992459141263869693e-01 9.997222142833189773e-01 9.999049206221888308e-01 9.999697769631143984e-01 9.999910816705485095e-01 9.999975578858335545e-01 9.999993796314060601e-01 9.999998538438999995e-01 9.999999680725595308e-01 9.999999935345236235e-01 9.999999987864822693e-01 9.999999997889282843e-01 9.999999999659835437e-01 9.999999999949211738e-01 9.999999999992975619e-01 9.999999999999100719e-01 9.999999999999893419e-01 9.999999999999988898e-01 9.999999999999998890e-01 1.000000000000000000e+00 1.000000000000000000e+00 1.000000000000000000e+00 1.000000000000000000e+00 1.000000000000000000e+00 1.000000000000000000e+00 1.000000000000000000e+00 1.000000000000000000e+00 1.000000000000000000e+00 1.000000000000000000e+00 1.000000000000000000e+00 1.000000000000000000e+00 1.000000000000000000e+00 1.000000000000000000e+00
9.120090367488709330e-55 6.856842666720007634e-53 4.769884969769188064e-51 3.070121117419662088e-49 1.828405363234608866e-47 1.007545440245554687e-45 5.137337674645066963e-44 2.423814596260192288e-42 1.058169842193522810e-40 4.274776071291970630e-39 1.598016011929615338e-37 5.527985613972080347e-36 1.769617850820089332e-34 5.242377065795597963e-33 1.437219826721803669e-31 3.646489919732297882e-30 8.562392951839597363e-29 1.860783668536304897e-27 3.742746297213800981e-26 6.967754519800561885e-25 1.200655780467331682e-23 1.915066669400712713e-22 2.827527337579575964e-21 3.864618014135407055e-20 4.889946967122431670e-19 5.728255084740497886e-18 6.212781029449566548e-17 6.239106891818787541e-16 5.801780168496820168e-15 4.996147937525086602e-14 3.984561345768710865e-13 2.943315041694703554e-12 2.013947171235933829e-11 1.276625414396376954e-10 7.497864969062425320e-10 4.080671038982558554e-09 2.058325439296837397e-08 9.624149618868339896e-08 4.172190701337983710e-07 1.677331743532657590e-06 6.255189987117735935e-06 2.164508000614971580e-05 6.952250242439347394e-05 2.073544317478831392e-04 5.745474374152684076e-04 1.479792186850464311e-03 3.545011275274375165e-03 7.905107653873940862e-03 1.642348977492219878e-02 3.182453958881204664e-02 5.759230159863253096e-02 9.748901383466949955e-02 1.546542875634026870e-01 2.304531781051317174e-01 3.234630988328522916e-01 4.290796333220701642e-01 5.400663448972227165e-01 6.479974369456706906e-01 7.451286086087509641e-01 8.260208691164026007e-01 8.883643850160807265e-01 9.328286523175777223e-01 9.621758032007479144e-01 9.801006313854110363e-01 9.902322184317837728e-01 9.955316882900987485e-01 9.980968737211313169e-01 9.992459141263869693e-01 9.997222142833189773e-01 9.999049206221888308e-01 9.999697769631143984e-01 9.999910816705485095e-01 9.999975578858335545e-01 9.999993796314060601e-01 9.999998538438999995e-01 9.999999680725595308e-01 9.999999935345236235e-01 9.999999987864822693e-01 9.999999997889282843e-01 9.999999999659835437e-01 9.999999999949211738e-01 9.999999999992975619e-01 9.999999999999100719e-01 9.999999999999893419e-01 9.999999999999988898e-01 9.999999999999998890e-01 1.000000000000000000e+00 1.000000000000000000e+00 1.000000000000000000e+00 1.000000000000000000e+00 1.000000000000000000e+00 1.000000000000000000e+00 1.000000000000000000e+00 1.000000000000000000e+00 1.000000000000000000e+00 1.000000000000000000e+00 1.000000000000000000e+00 1.000000000000000000e+00 1.000000000000000000e+00 1.000000000000000000e+00
9.120090367488709330e-55 6.856842666720007634e-53 4.769884969769188064e-51 3.070121117419662088e-49 1.828405363234608866e-47 1.007545440245554687e-45 5.137337674645066963e-44 2.423814596260192288e-42 1.058169842193522810e-40 4.274776071291970630e-39 1.598016011929615338e-37 5.527985613972080347e-36 1.769617850820089332e-34 5.242377065795597963e-33 1.437219826721803669e-31 3.646489919732297882e-30 8.562392951839597363e-29 1.860783668536304897e-27 3.742746297213800981e-26 6.967754519800561885e-25 1.200655780467331682e-23 1.915066669400712713e-22 2.827527337579575964e-21 3.864618014135407055e-20 4.889946967122431670e-19 5.728255084740497886e-18 6.212781029449566548e-17 6.239106891818787541e-16 5.801780168496820168e-15 4.996147937525086602e-14 3.984561345768710865e-13 2.943315041694703554e-12 2.013947171235933829e-11 1.276625414396376954e-10 7.497864969062425320e-10 4.080671038982558554e-09 2.058325439296837397e-08 9.624149618868339896e-08 4.172190701337983710e-07 1.677331743532657590e-06 6.255189987117735935e-06 2.164508000614971580e-05 6.952250242439347394e-05 2.073544317478831392e-04 5.745474374152684076e-04 1.479792186850464311e-03 3.545011275274375165e-03 7.905107653873940862e-03 1.642348977492219878e-02 3.182453958881204664e-02 5.759230159863253096e-02 9.748901383466949955e-02 1.546542875634026870e-01 2.304531781051317174e-01 3.234630988328522916e-01 4.290796333220701642e-01 5.400663448972227165e-01 6.479974369456706906e-01 7.451286086087509641e-01 8.260208691164026007e-01 8.883643850160807265e-01 9.328286523175777223e-01 9.621758032007479144e-01 9.801006313854110363e-01 9.902322184317837728e-01 9.955316882900987485e-01 9.980968737211313169e-01 9.992459141263869693e-01 9.997222142833189773e-01 9.999049206221888308e-01 9.999697769631143984e-01 9.999910816705485095e-01 9.999975578858335545e-01 9.999993796314060601e-01 9.999998538438999995e-01 9.999999680725595308e-01 9.999999935345236235e-01 9.999999987864822693e-01 9.999999997889282843e-01 9.999999999659835437e-01 9.999999999949211738e-01 9.999999999992975619e-01 9.999999999999100719e-01 9.999999999999893419e-01 9.999999999999988898e-01 9.999999999999998890e-01 1.000000000000000000e+00 1.000000000000000000e+00 1.000000000000000000e+00 1.000000000000000000e+00 1.000000000000000000e+00 1.000000000000000000e+00 1.000000000000000000e+00 1.000000000000000000e+00 1.000000000000000000e+00 1.000000000000000000e+00 1.000000000000000000e+00 1.000000000000000000e+00 1.000000000000000000e+00 1.000000000000000000e+00
9.120090367488709330e-55 6.856842666720007634e-53 4.769884969769188064e-51 3.070121117419662088e-49 1.828405363234608866e-47 1.007545440245554687e-45 5.137337674645066963e-44 2.423814596260192288e-42 1.058169842193522810e-40 4.274776071291970630e-39 1.598016011929615338e-37 5.527985613972080347e-36 1.769617850820089332e-34 5.242377065795597963e-33 1.437219826721803669e-31 3.646489919732297882e-30 8.562392951839597363e-29 1.860783668536304897e-27 3.742746297213800981e-26 6.967754519800561885e-25 1.200655780467331682e-23 1.915066669400712713e-22 2.827527337579575964e-21 3.864618014135407055e-20 4.889946967122431670e-19 5.728255084740497886e-18 6.212781029449566548e-17 6.239106891818787541e-16 5.801780168496820168e-15 4.996147937525086602e-14 3.984561345768710865e-13 2.943315041694703554e-12 2.013947171235933829e-11 1.276625414396376954e-10 7.497864969062425320e-10 4.080671038982558554e-09 2.058325439296837397e-08 9.624149618868339896e-08 4.172190701337983710e-07 1.677331743532657590e-06 6.255189987117735935e-06 2.164508000614971580e-05 6.952250242439347394e-05 2.073544317478831392e-04 5.745474374152684076e-04 1.479792186850464311e-03 3.545011275274375165e-03 7.905107653873940862e-03 1.642348977492219878e-02 3.182453958881204664e-02 5.759230159863253096e-02 9.748901383466949955e-02 1.546542875634026870e-01 2.304531781051317174e-01 3.234630988328522916e-01 4.290796333220701642e-01 5.400663448972227165e-01 6.479974369456706906e-01 7.451286086087509641e-01 8.260208691164026007e-01 8.883643850160807265e-01 9.328286523175777223e-01 9.621758032007479144e-01 9.801006313854110363e-01 9.902322184317837728e-01 9.955316882900987485e-01 9.980968737211313169e-01 9.992459141263869693e-01 9.997222142833189773e-01 9.999049206221888308e-01 9.999697769631143984e-01 9.999910816705485095e-01 9.999975578858335545e-01 9.999993796314060601e-01 9.999998538438999995e-01 9.999999680725595308e-01 9.999999935345236235e-01 9.999999987864822693e-01 9.999999997889282843e-01 9.999999999659835437e-01 9.999999999949211738e-01 9.999999999992975619e-01 9.999999999999100719e-01 9.999999999999893419e-01 9.999999999999988898e-01 9.999999999999998890e-01 1.000000000000000000e+00 1.000000000000000000e+00 1.000000000000000000e+00 1.000000000000000000e+00 1.000000000000000000e+00 1.000000000000000000e+00 1.000000000000000000e+00 1.000000000000000000e+00 1.000000000000000000e+00 1.000000000000000000e+00 1.000000000000000000e+00 1.000000000000000000e+00 1.000000000000000000e+00 1.000000000000000000e+00
9.120090367488709330e-55 6.856842666720007634e-53 4.769884969769188064e-51 3.070121117419662088e-49 1.828405363234608866e-47 1.007545440245554687e-45 5.137337674645066963e-44 2.423814596260192288e-42 1.058169842193522810e-40 4.274776071291970630e-39 1.598016011929615338e-37 5.527985613972080347e-36 1.769617850820089332e-34 5.242377065795597963e-33 1.437219826721803669e-31 3.646489919732297882e-30 8.562392951839597363e-29 1.860783668536304897e-27 3.742746297213800981e-26 6.967754519800561885e-25 1.200655780467331682e-23 1.915066669400712713e-22 2.827527337579575964e-21 3.864618014135407055e-20 4.889946967122431670e-19 5.728255084740497886e-18 6.212781029449566548e-17 6.239106891818787541e-16 5.801780168496820168e-15 4.996147937525086602e-14 3.984561345768710865e-13 2.943315041694703554e-12 2.013947171235933829e-11 1.276625414396376954e-10 7.497864969062425320e-10 4.080671038982558554e-09 2.058325439296837397e-08 9.624149618868339896e-08 4.172190701337983710e-07 1.677331743532657590e-06 6.255189987117735935e-06 2.164508000614971580e-05 6.952250242439347394e-05 2.073544317478831392e-04 5.745474374152684076e-04 1.479792186850464311e-03 3.545011275274375165e-03 7.905107653873940862e-03 1.642348977492219878e-02 3.182453958881204664e-02 5.759230159863253096e-02 9.748901383466949955e-02 1.546542875634026870e-01 2.304531781051317174e-01 3.234630988328522916e-01 4.290796333220701642e-01 5.400663448972227165e-01 6.479974369456706906e-01 7.451286086087509641e-01 8.260208691164026007e-01 8.883643850160807265e-01 9.328286523175777223e-01 9.621758032007479144e-01 9.801006313854110363e-01 9.902322184317837728e-01 9.955316882900987485e-01 9.980968737211313169e-01 9.992459141263869693e-01 9.997222142833189773e-01 9.999049206221888308e-01 9.999697769631143984e-01 9.999910816705485095e-01 9.999975578858335545e-01 9.999993796314060601e-01 9.999998538438999995e-01 9.999999680725595308e-01 9.999999935345236235e-01 9.999999987864822693e-01 9.999999997889282843e-01 9.999999999659835437e-01 9.999999999949211738e-01 9.999999999992975619e-01 9.999999999999100719e-01 9.999999999999893419e-01 9.999999999999988898e-01 9.999999999999998890e-01 1.000000000000000000e+00 1.000000000000000000e+00 1.000000000000000000e+00 1.000000000000000000e+00 1.000000000000000000e+00 1.000000000000000000e+00 1.000000000000000000e+00 1.000000000000000000e+00 1.000000000000000000e+00 1.000000000000000000e+00 1.000000000000000000e+00 1.000000000000000000e+00 1.000000000000000000e+00 1.000000000000000000e+00
9.120090367488709330e-55 6.856842666720007634e-53 4.769884969769188064e-51 3.070121117419662088e-49 1.828405363234608866e-47 1.007545440245554687e-45 5.137337674645066963e-44 2.423814596260192288e-42 1.058169842193522810e-40 4.274776071291970630e-39 1.598016011929615338e-37 5.527985613972080347e-36 1.769617850820089332e-34 5.242377065795597963e-33 1.437219826721803669e-31 3.646489919732297882e-30 8.562392951839597363e-29 1.860783668536304897e-27 3.742746297213800981e-26 6.967754519800561885e-25 1.200655780467331682e-23 1.915066669400712713e-22 2.827527337579575964e-21 3.864618014135407055e-20 4.889946967122431670e-19 5.728255084740497886e-18 6.212781029449566548e-17 6.239106891818787541e-16 5.801780168496820168e-15 4.996147937525086602e-14 3.984561345768710865e-13 2.943315041694703554e-12 2.013947171235933829e-11 1.276625414396376954e-10 7.497864969062425320e-10 4.080671038982558554e-09 2.058325439296837397e-08 9.624149618868339896e-08 4.172190701337983710e-07 1.677331743532657590e-06 6.255189987117735935e-06 2.164508000614971580e-05 6.952250242439347394e-05 2.073544317478831392e-04 5.745474374152684076e-04 1.479792186850464311e-03 3.545011275274375165e-03 7.905107653873940862e-03 1.642348977492219878e-02 3.182453958881204664e-02 5.759230159863253096e-02 9.748901383466949955e-02 1.546542875634026870e-01 2.304531781051317174e-01 3.234630988328522916e-01 4.290796333220701642e-01 5.400663448972227165e-01 6.479974369456706906e-01 7.451286086087509641e-01 8.260208691164026007e-01 8.883643850160807265e-01 9.328286523175777223e-01 9.621758032007479144e-01 9.801006313854110363e-01 9.902322184317837728e-01 9.955316882900987485e-01 9.980968737211313169e-01 9.992459141263869693e-01 9.997222142833189773e-01 9.999049206221888308e-01 9.999697769631143984e-01 9.999910816705485095e-01 9.999975578858335545e-01 9.999993796314060601e-01 9.999998538438999995e-01 9.999999680725595308e-01 9.999999935345236235e-01 9.999999987864822693e-01 9.999999997889282843e-01 9.999999999659835437e-01 9.999999999949211738e-01 9.999999999992975619e-01 9.999999999999100719e-01 9.999999999999893419e-01 9.999999999999988898e-01 9.999999999999998890e-01 1.000000000000000000e+00 1.000000000000000000e+00 1.000000000000000000e+00 1.000000000000000000e+00 1.000000000000000000e+00 1.000000000000000000e+00 1.000000000000000000e+00 1.000000000000000000e+00 1.000000000000000000e+00 1.000000000000000000e+00 1.000000000000000000e+00 1.000000000000000000e+00 1.000000000000000000e+00 1.000000000000000000e+00
9.120090367488709330e-55 6.856842666720007634e-53 4.769884969769188064e-51 3.070121117419662088e-49 1.828405363234608866e-47 1.007545440245554687e-45 5.137337674645066963e-44 2.423814596260192288e-42 1.058169842193522810e-40 4.274776071291970630e-39 1.598016011929615338e-37 5.527985613972080347e-36 1.769617850820089332e-34 5.242377065795597963e-33 1.437219826721803669e-31 3.646489919732297882e-30 8.562392951839597363e-29 1.860783668536304897e-27 3.742746297213800981e-26 6.967754519800561885e-25 1.200655780467331682e-23 1.915066669400712713e-22 2.827527337579575964e-21 3.864618014135407055e-20 4.889946967122431670e-19 5.728255084740497886e-18 6.212781029449566548e-17 6.239106891818787541e-16 5.801780168496820168e-15 4.996147937525086602e-14 3.984561345768710865e-13 2.943315041694703554e-12 2.013947171235933829e-11 1.276625414396376954e-10 7.497864969062425320e-10 4.080671038982558554e-09 2.058325439296837397e-08 9.624149618868339896e-08 4.172190701337983710e-07 1.677331743532657590e-06 6.255189987117735935e-06 2.164508000614971580e-05 6.952250242439347394e-05 2.073544317478831392e-04 5.745474374152684076e-04 1.479792186850464311e-03 3.545011275274375165e-03 7.905107653873940862e-03 1.642348977492219878e-02 3.182453958881204664e-02 5.759230159863253096e-02 9.748901383466949955e-02 1.546542875634026870e-01 2.304531781051317174e-01 3.234630988328522916e-01 4.290796333220701642e-01 5.400663448972227165e-01 6.479974369456706906e-01 7.451286086087509641e-01 8.260208691164026007e-01 8.883643850160807265e-01 9.328286523175777223e-01 9.621758032007479144e-01 9.801006313854110363e-01 9.902322184317837728e-01 9.955316882900987485e-01 9.980968737211313169e-01 9.992459141263869693e-01 9.997222142833189773e-01 9.999049206221888308e-01 9.999697769631143984e-01 9.999910816705485095e-01 9.999975578858335545e-01 9.999993796314060601e-01 9.999998538438999995e-01 9.999999680725595308e-01 9.999999935345236235e-01 9.999999987864822693e-01 9.999999997889282843e-01 9.999999999659835437e-01 9.999999999949211738e-01 9.999999999992975619e-01 9.999999999999100719e-01 9.999999999999893419e-01 9.999999999999988898e-01 9.999999999999998890e-01 1.000000000000000000e+00 1.000000000000000000e+00 1.000000000000000000e+00 1.000000000000000000e+00 1.000000000000000000e+00 1.000000000000000000e+00 1.000000000000000000e+00 1.000000000000000000e+00 1.000000000000000000e+00 1.000000000000000000e+00 1.000000000000000000e+00 1.000000000000000000e+00 1.000000000000000000e+00 1.000000000000000000e+00
9.120103517750067777e-55 6.856852208148320748e-53 4.769891371133441884e-51 3.070125088484229519e-49 1.828407641011980751e-47 1.007546648281934768e-45 5.137343598539412242e-44 2.423817282141848619e-42 1.058170968125491036e-40 4.274780435205484023e-39 1.598017575694251055e-37 5.527990794690558305e-36 1.769619437624937519e-34 5.242381559070111150e-33 1.437221002969343438e-31 3.646492766293434231e-30 8.562399320048624044e-29 1.860784985510545647e-27 3.742748814819471113e-26 6.967758968518710133e-25 1.200656507081804354e-23 1.915067766331374438e-22 2.827528868113541884e-21 3.864619987814749590e-20 4.889949319242963824e-19 5.728257675156729171e-18 6.212783665672165088e-17 6.239109370783354500e-16 5.801782322293722492e-15 4.996149666357000069e-14 3.984562627739999063e-13 2.943315919789012248e-12 2.013947726751987092e-11 1.276625738955973227e-10 7.497866720030404004e-10 4.080671911117994735e-09 2.058325840291863009e-08 9.624151320479200235e-08 4.172191367610749476e-07 1.677331984192458375e-06 6.255190788768563699e-06 2.164508246790347129e-05 6.952250939066346915e-05 2.073544499044774499e-04 5.745474809746534562e-04 1.479792282970832052e-03 3.545011470180647276e-03 7.905108016609471711e-03 1.642349039354564291e-02 3.182454055357726574e-02 5.759230297050580566e-02 9.748901560595490956e-02 1.546542896268722767e-01 2.304531802519230177e-01 3.234631007913160161e-01 4.290796348305019325e-01 5.400663457830920944e-01 6.479974371764146701e-01 7.451286082914300168e-01 8.260208684490331077e-01 8.883643842162758375e-01 9.328286515607564500e-01 9.621758025890678745e-01 9.801006309496217428e-01 9.902322181537215329e-01 9.955316881297443521e-01 9.980968736370732231e-01 9.992459140861799094e-01 9.997222142657228305e-01 9.999049206151293667e-01 9.999697769605141451e-01 9.999910816696682136e-01 9.999975578855593294e-01 9.999993796313274563e-01 9.999998538438792384e-01 9.999999680725544238e-01 9.999999935345225133e-01 9.999999987864820472e-01 9.999999997889282843e-01 9.999999999659835437e-01 9.999999999949211738e-01 9.999999999992975619e-01 9.999999999999100719e-01 9.999999999999893419e-01 9.999999999999988898e-01 9.999999999999998890e-01 1.000000000000000000e+00 1.000000000000000000e+00 1.000000000000000000e+00 1.000000000000000000e+00 1.000000000000000000e+00 1.000000000000000000e+00 1.000000000000000000e+00 1.000000000000000000e+00 1.000000000000000000e+00 1.000000000000000000e+00 1.000000000000000000e+00 1.000000000000000000e+00 1.000000000000000000e+00 1.000000000000000000e+00
9.120242542085312463e-55 6.856953079927715385e-53 4.769959046206241011e-51 3.070167070471318687e-49 1.828431721606739910e-47 1.007559419603262040e-45 5.137406225737029191e-44 2.423845677178454318e-42 1.058182871431503883e-40 4.274826570306319653e-39 1.598034107740775331e-37 5.528045564990563546e-36 1.769636213243454419e-34 5.242429061725823387e-33 1.437233438191579488e-31 3.646522859969586944e-30 8.562466644363543077e-29 1.860798908478453126e-27 3.742775430780970692e-26 6.967806000064721099e-25 1.200664188799145610e-23 1.915079363003318233e-22 2.827545048804960664e-21 3.864640853402397119e-20 4.889974185677623231e-19 5.728285060830170833e-18 6.212811535602237313e-17 6.239135578190062444e-16 5.801805092051366912e-15 4.996167943418116302e-14 3.984576180626908016e-13 2.943325202923205188e-12 2.013953599617000002e-11 1.276629170169939852e-10 7.497885231098483544e-10 4.080681131250246153e-09 2.058330079572324431e-08 9.624169309741763700e-08 4.172198411380016042e-07 1.677334528423588590e-06 6.255199263739100861e-06 2.164510849330942270e-05 6.952258303734095714e-05 2.073546418540661606e-04 5.745479414797982154e-04 1.479793299144931563e-03 3.545013530708338457e-03 7.905111851409208149e-03 1.642349693356291718e-02 3.182455075296460739e-02 5.759231747379003896e-02 9.748903433177323608e-02 1.546543114416201736e-01 2.304532029475282184e-01 3.234631214959321488e-01 4.290796507774212176e-01 5.400663551483465552e-01 6.479974396157546224e-01 7.451286049366936393e-01 8.260208613936288469e-01 8.883643757607890823e-01 9.328286435596977455e-01 9.621757961224355338e-01 9.801006263424942855e-01 9.902322152140716760e-01 9.955316864344918582e-01 9.980968727484182956e-01 9.992459136611144821e-01 9.997222140796979684e-01 9.999049205404964002e-01 9.999697769330241348e-01 9.999910816603614361e-01 9.999975578826607592e-01 9.999993796304963434e-01 9.999998538436596363e-01 9.999999680725010220e-01 9.999999935345105229e-01 9.999999987864794937e-01 9.999999997889277292e-01 9.999999999659834327e-01 9.999999999949211738e-01 9.999999999992975619e-01 9.999999999999100719e-01 9.999999999999893419e-01 9.999999999999988898e-01 9.999999999999998890e-01 1.000000000000000000e+00 1.000000000000000000e+00 1.000000000000000000e+00 1.000000000000000000e+00 1.000000000000000000e+00 1.000000000000000000e+00 1.000000000000000000e+00 1.000000000000000000e+00 1.000000000000000000e+00 1.000000000000000000e+00 1.000000000000000000e+00 1.000000000000000000e+00 1.000000000000000000e+00 1.000000000000000000e+00
9.120756818980336364e-55 6.857326222953044790e-53 4.770209388279808374e-51 3.070322369087052476e-49 1.828520799777599930e-47 1.007606662814394058e-45 5.137637893745735070e-44 2.423950714838522668e-42 1.058226903565197726e-40 4.274997230857081991e-39 1.598095262158454620e-37 5.528248168000116924e-36 1.769698268543779600e-34 5.242604780354875360e-33 1.437279437685572295e-31 3.646634180262859075e-30 8.562715685246769524e-29 1.860850411195672983e-27 3.742873886309127978e-26 6.967979975061771136e-25 1.200692604315385088e-23 1.915122260332675858e-22 2.827604902866557162e-21 3.864718037324975741e-20 4.890066169072097285e-19 5.728386363066548054e-18 6.212914629080410564e-17 6.239232521775537909e-16 5.801889319406682940e-15 4.996235551849130786e-14 3.984626313899449897e-13 2.943359542000842615e-12 2.013975323816577168e-11 1.276641862499598169e-10 7.497953704958633324e-10 4.080715237210724475e-09 2.058345760981745269e-08 9.624235853316344351e-08 4.172224466778604618e-07 1.677343939710353863e-06 6.255230613230475795e-06 2.164520476302409587e-05 6.952285546124527434e-05 2.073553518880519775e-04 5.745496449178655752e-04 1.479797058037458013e-03 3.545021152730146001e-03 7.905126036573933285e-03 1.642352112549619325e-02 3.182458848113794286e-02 5.759237112235358891e-02 9.748910359977176754e-02 1.546543921357959872e-01 2.304532869001034712e-01 3.234631980837840426e-01 4.290797097663304749e-01 5.400663897913308142e-01 6.479974486393869082e-01 7.451285925276771582e-01 8.260208352955771272e-01 8.883643444836870628e-01 9.328286139634847096e-01 9.621757722020960468e-01 9.801006093005266706e-01 9.902322043401710072e-01 9.955316801636711066e-01 9.980968694612394332e-01 9.992459120887754453e-01 9.997222133915821818e-01 9.999049202644250123e-01 9.999697768313369206e-01 9.999910816259351964e-01 9.999975578719386693e-01 9.999993796274220248e-01 9.999998538428477302e-01 9.999999680723032913e-01 9.999999935344661139e-01 9.999999987864702788e-01 9.999999997889260639e-01 9.999999999659832106e-01 9.999999999949210627e-01 9.999999999992975619e-01 9.999999999999100719e-01 9.999999999999893419e-01 9.999999999999988898e-01 9.999999999999998890e-01 1.000000000000000000e+00 1.000000000000000000e+00 1.000000000000000000e+00 1.000000000000000000e+00 1.000000000000000000e+00 1.000000000000000000e+00 1.000000000000000000e+00 1.000000000000000000e+00 1.000000000000000000e+00 1.000000000000000000e+00 1.000000000000000000e+00 1.000000000000000000e+00 1.000000000000000000e+00 1.000000000000000000e+00
9.122667350413810694e-55 6.858712437633521561e-53 4.771139397036314639e-51 3.070899293398718368e-49 1.828851717972464891e-47 1.007782166767014273e-45 5.138498514333651344e-44 2.424340916318850455e-42 1.058390476652531100e-40 4.275631207919019833e-39 1.598322440306979873e-37 5.529000800500310129e-36 1.769928791589398181e-34 5.243257537600974155e-33 1.437450315395287960e-31 3.647047708531805868e-30 8.563640809459334374e-29 1.861041730202218518e-27 3.743239621451485024e-26 6.968626242198696703e-25 1.200798159475924880e-23 1.915281610637335866e-22 2.827827241549380708e-21 3.865004750100775016e-20 4.890407856080050954e-19 5.728762665422993704e-18 6.213297584311472044e-17 6.239592631491388682e-16 5.802202192279613062e-15 4.996486691118087297e-14 3.984812539286018260e-13 2.943487097901813113e-12 2.014056020345021363e-11 1.276689009231009112e-10 7.498208056441930305e-10 4.080841926238968427e-09 2.058404010603935031e-08 9.624483033406044194e-08 4.172321250978020408e-07 1.677378898402199118e-06 6.255347062330095406e-06 2.164556236082226036e-05 6.952386738998011834e-05 2.073579893333844489e-04 5.745559723915331018e-04 1.479811020551835771e-03 3.545049464935629262e-03 7.905178727733986471e-03 1.642361098704477745e-02 3.182472862340780806e-02 5.759257040140165068e-02 9.748936089783818981e-02 1.546546918771460888e-01 2.304535987455895163e-01 3.234634825737763286e-01 4.290799288856438354e-01 5.400665184779874783e-01 6.479974821628461390e-01 7.451285464390579039e-01 8.260207383582405249e-01 8.883642283078367896e-01 9.328285040303961884e-01 9.621756833512877805e-01 9.801005459988798574e-01 9.902321639494502392e-01 9.955316568708851843e-01 9.980968572510866554e-01 9.992459062483478593e-01 9.997222108355837689e-01 9.999049192389595220e-01 9.999697764536199518e-01 9.999910814980587093e-01 9.999975578321111946e-01 9.999993796160023818e-01 9.999998538398315873e-01 9.999999680715692119e-01 9.999999935343013568e-01 9.999999987864361950e-01 9.999999997889195136e-01 9.999999999659819894e-01 9.999999999949209517e-01 9.999999999992974509e-01 9.999999999999100719e-01 9.999999999999893419e-01 9.999999999999988898e-01 9.999999999999998890e-01 1.000000000000000000e+00 1.000000000000000000e+00 1.000000000000000000e+00 1.000000000000000000e+00 1.000000000000000000e+00 1.000000000000000000e+00 1.000000000000000000e+00 1.000000000000000000e+00 1.000000000000000000e+00 1.000000000000000000e+00 1.000000000000000000e+00 1.000000000000000000e+00 1.000000000000000000e+00 1.000000000000000000e+00
9.207298935885636919e-55 6.920067380747760753e-53 4.812267404926468100e-51 3.096390550589671671e-49 1.843460176961348307e-47 1.015522700100246831e-45 5.176419889301798612e-44 2.441517506476240367e-42 1.065583675283683757e-40 4.303481607582112914e-39 1.608291555789372634e-37 5.561991278551234963e-36 1.780021732482976293e-34 5.271802775517425628e-33 1.444913520143362727e-31 3.665085398621881778e-30 8.603939189590727405e-29 1.869363804767519962e-27 3.759125019868711908e-26 6.996652883587293153e-25 1.205368336607490957e-23 1.922169166534853826e-22 2.837420072402758450e-21 3.877351581617070290e-20 4.905092613005244499e-19 5.744900807534317662e-18 6.229684082586122898e-17 6.254964683662815411e-16 5.815523728347761994e-15 5.007150519584522292e-14 3.992696842608624986e-13 2.948870468960400541e-12 2.017450156445870251e-11 1.278664721913409370e-10 7.508824149611629405e-10 4.086106561726340875e-09 2.060813017913910395e-08 9.634651661232432658e-08 4.176279566232801003e-07 1.678799355957699298e-06 6.260044195230556977e-06 2.165986788894733807e-05 6.956397006186037266e-05 2.074613868710496929e-04 5.748009348782715704e-04 1.480343632932228180e-03 3.546110556163742118e-03 7.907111565310405779e-03 1.642682060347539635e-02 3.182956668986713922e-02 5.759914751829289109e-02 9.749734010777491577e-02 1.546631682099022520e-01 2.304611767068114880e-01 3.234685955409146718e-01 4.290813182767068690e-01 5.400636779710951130e-01 6.479908564044081221e-01 7.451193823247387327e-01 8.260106603002428383e-01 8.883547384284640192e-01 9.328206177864768467e-01 9.621698102137978825e-01 9.800965913090188275e-01 9.902297427790591744e-01 9.955303040543170834e-01 9.980961655788109788e-01 9.992455820223312690e-01 9.997220712911967233e-01 9.999048640336527516e-01 9.999697563609863948e-01 9.999910747653764087e-01 9.999975557539220183e-01 9.999993790248024039e-01 9.999998536847684028e-01 9.999999680340586616e-01 9.999999935259300532e-01 9.999999987847122407e-01 9.999999997885917757e-01 9.999999999659244798e-01 9.999999999949116258e-01 9.999999999992961186e-01 9.999999999999098499e-01 9.999999999999893419e-01 9.999999999999988898e-01 9.999999999999998890e-01 1.000000000000000000e+00 1.000000000000000000e+00 1.000000000000000000e+00 1.000000000000000000e+00 1.000000000000000000e+00 1.000000000000000000e+00 1.000000000000000000e+00 1.000000000000000000e+00 1.000000000000000000e+00 1.000000000000000000e+00 1.000000000000000000e+00 1.000000000000000000e+00 1.000000000000000000e+00 1.000000000000000000e+00
1.013609532403169111e-54 7.592108333387781748e-53 5.261899027618273464e-51 3.374552817270621737e-49 2.002576191823716005e-47 1.099681120238761385e-45 5.587988815716890475e-44 2.627615552571793328e-42 1.143385134914287369e-40 4.604208561155844607e-39 1.715761519250434476e-37 5.917068547329461570e-36 1.888481813894946295e-34 5.578082218284676691e-33 1.524870332267065971e-31 3.858046960086682436e-30 9.034417187965499626e-29 1.958137039712615220e-27 3.928343999554421355e-26 7.294803576131285050e-25 1.253922303902419734e-23 1.995248853135855141e-22 2.939075576115597782e-21 4.008030246208631681e-20 5.060328886667463015e-19 5.915300652863705309e-18 6.402507517451409110e-17 6.416907007586404845e-16 5.955710057119934198e-15 5.119248465770987200e-14 4.075489289453070995e-13 3.005342535684539743e-12 2.053018931450749282e-11 1.299348560678744821e-10 7.619855627148602717e-10 4.141114935650575219e-09 2.085959731633582301e-08 9.740696547242121661e-08 4.217519821117007406e-07 1.693584285310462385e-06 6.308886561048868422e-06 2.180847129608109549e-05 6.998011186475754650e-05 2.085331418933558472e-04 5.773370297561180664e-04 1.485850517636710770e-03 3.557065317949017254e-03 7.927031860475644912e-03 1.645983086064608039e-02 3.187919471855962805e-02 5.766637883647929286e-02 9.757849641080984515e-02 1.547487002769324660e-01 2.305365249528744387e-01 3.235175548893679531e-01 4.290910311299936941e-01 5.400292188948566663e-01 6.479172265454141710e-01 7.450198787339410433e-01 8.259023931479099190e-01 8.882534065167921877e-01 9.327367340189691713e-01 9.621075032827395290e-01 9.800547147654944391e-01 9.902041392388043484e-01 9.955160121743253931e-01 9.980888635147371346e-01 9.992421608075574557e-01 9.997205992967774790e-01 9.999042818002853439e-01 9.999695444627563212e-01 9.999910037589768708e-01 9.999975338333080277e-01 9.999993727875183813e-01 9.999998520483469600e-01 9.999999676380593172e-01 9.999999934375172206e-01 9.999999987664958123e-01 9.999999997851274358e-01 9.999999999653161886e-01 9.999999999948130380e-01 9.999999999992813526e-01 9.999999999999078515e-01 9.999999999999891198e-01 9.999999999999987788e-01 9.999999999999998890e-01 1.000000000000000000e+00 1.000000000000000000e+00 1.000000000000000000e+00 1.000000000000000000e+00 1.000000000000000000e+00 1.000000000000000000e+00 1.000000000000000000e+00 1.000000000000000000e+00 1.000000000000000000e+00 1.000000000000000000e+00 1.000000000000000000e+00 1.000000000000000000e+00 1.000000000000000000e+00 1.000000000000000000e+00
1.820314138487943434e-54 1.335315784524317112e-52 9.067233606045078672e-51 5.699332710560730247e-49 3.316172322523361698e-47 1.786157884991619800e-45 8.905912221728174692e-44 4.110733110711603686e-42 1.756504801089134328e-40 6.948257324604491441e-39 2.544524851505427886e-37 8.626805363770223540e-36 2.707787545476120941e-34 7.868823815857067861e-33 2.117121107816573761e-31 5.273912438841761604e-30 1.216418176542164910e-28 2.597813241613186211e-27 5.137137166612557076e-26 9.406688772934654496e-25 1.595034310258605505e-23 2.504594358724854522e-22 3.642140490649388646e-21 4.905092663482959303e-20 6.118287977887229565e-19 7.068505195123464208e-18 7.564235950144647917e-17 7.498415990205680301e-16 6.886058740895327888e-15 5.858700881482292522e-14 4.618461502047815207e-13 3.373638000732624143e-12 2.283751336399986991e-11 1.432838564558872545e-10 8.332942305080533480e-10 4.492759651922335065e-09 2.246002456617461128e-08 1.041278132269340507e-07 4.477856564150208190e-07 1.786569388246143638e-06 6.614992058418081034e-06 2.273676216819470379e-05 7.257177469240615186e-05 2.151891848704295821e-04 5.930468803674134775e-04 1.519883690875156648e-03 3.624626203966693078e-03 8.049660909560748048e-03 1.666272338604762523e-02 3.218383445292698208e-02 5.807867703993867259e-02 9.807590092981094410e-02 1.552729009118955783e-01 2.309987369212653519e-01 3.238190006927871289e-01 4.291532871119037584e-01 5.398220786164794616e-01 6.474708584503596764e-01 7.444149941526705394e-01 8.252430783917077406e-01 8.876353837253291301e-01 9.322243444976410220e-01 9.617262913975695993e-01 9.797980461799193908e-01 9.900469043510446987e-01 9.954280558478860730e-01 9.980438193808246483e-01 9.992210027044765575e-01 9.997114708418632922e-01 9.999006604097876449e-01 9.999682222956628452e-01 9.999905591975493113e-01 9.999973960941030970e-01 9.999993334445689275e-01 9.999998416842934557e-01 9.999999651192853500e-01 9.999999928726222009e-01 9.999999986495538007e-01 9.999999997627768700e-01 9.999999999613716772e-01 9.999999999941699969e-01 9.999999999991845412e-01 9.999999999998943068e-01 9.999999999999873435e-01 9.999999999999986677e-01 9.999999999999997780e-01 1.000000000000000000e+00 1.000000000000000000e+00 1.000000000000000000e+00 1.000000000000000000e+00 1.000000000000000000e+00 1.000000000000000000e+00 1.000000000000000000e+00 1.000000000000000000e+00 1.000000000000000000e+00 1.000000000000000000e+00 1.000000000000000000e+00 1.000000000000000000e+00 1.000000000000000000e+00 1.000000000000000000e+00
3.576005207994977070e-53 2.359508969805031553e-51 1.443893445252050593e-49 8.194904052103218395e-48 4.313733384899307606e-46 2.106052610678747272e-44 9.536691795811755269e-43 4.005395246730750319e-41 1.560339056580325053e-39 5.638009992688603821e-38 1.889616648019470077e-36 5.874498653269547708e-35 1.694048786256392550e-33 4.531566579573191265e-32 1.124470688596080285e-30 2.588426857892015063e-29 5.527427476732972763e-28 1.095019470190978240e-26 2.012544069753128863e-25 3.431688462260264760e-24 5.429057321759606820e-23 7.969141549469610031e-22 1.085392841487219001e-20 1.371733983349993635e-19 1.608722936126044881e-18 1.750828989913444483e-17 1.768406402606229175e-16 1.657766468042888515e-15 1.442438053524253786e-14 1.165027216075583458e-13 8.735260648312967414e-13 6.080735468067677582e-12 3.930253768090740863e-11 2.358945807220313065e-10 1.314929419360420258e-09 6.808236924787021988e-09 3.274784090861085792e-08 1.463602511293619478e-07 6.079149277015682479e-07 2.347146337328651110e-06 8.426119475355861534e-06 2.813416015990729757e-05 8.739921598588033900e-05 2.527086096207836296e-04 6.804107583430133843e-04 1.706846532719674073e-03 3.991760569825157992e-03 8.709749079249798701e-03 1.774611704614996455e-02 3.380006809553787878e-02 6.025592517478726984e-02 1.006962259926371950e-01 1.580365594171078414e-01 2.334519329192223658e-01 3.254574394187661479e-01 4.295746026317224797e-01 5.388659042559732493e-01 6.452811153748807538e-01 7.413928959424036513e-01 8.219129718042481603e-01 8.844858442075415050e-01 9.295905629915870438e-01 9.597491736668399831e-01 9.784539932846045840e-01 9.892148742175865817e-01 9.949572735663820833e-01 9.977997002356451262e-01 9.991047720219392581e-01 9.996605836472278739e-01 9.998801509588950420e-01 9.999606059921744006e-01 9.999879512976150853e-01 9.999965722416159775e-01 9.999990932119130482e-01 9.999997769972513995e-01 9.999999490292381665e-01 9.999999891744846270e-01 9.999999978639415588e-01 9.999999996084886211e-01 9.999999999333530898e-01 9.999999999894643166e-01 9.999999999984534593e-01 9.999999999997892797e-01 9.999999999999733546e-01 9.999999999999968914e-01 9.999999999999996669e-01 1.000000000000000000e+00 1.000000000000000000e+00 1.000000000000000000e+00 1.000000000000000000e+00 1.000000000000000000e+00 1.000000000000000000e+00 1.000000000000000000e+00 1.000000000000000000e+00 1.000000000000000000e+00 1.000000000000000000e+00 1.000000000000000000e+00 1.000000000000000000e+00 1.000000000000000000e+00 1.000000000000000000e+00
2.147604382321833033e-49 1.040094029230812220e-47 4.698091746558549132e-46 1.979274924034874516e-44 7.777355409584773325e-43 2.850392894356135953e-41 9.743849311043472560e-40 3.106818569861262249e-38 9.239906159687554252e-37 2.563260895884284311e-35 6.632837295898584603e-34 1.601014773729201057e-32 3.604869174340303986e-31 7.571660504989771215e-30 1.483577096227531170e-28 2.711796242860924425e-27 4.624270865763347128e-26 7.356663478814172565e-25 1.091900238098251828e-23 1.512040708547879184e-22 1.953608532084819771e-21 2.355165387050797184e-20 2.649309318404871561e-19 2.780931883868191343e-18 2.724050254320251476e-17 2.490172367637598701e-16 2.124504684229695523e-15 1.691712943461583631e-14 1.257377190783576323e-13 8.723815718319176057e-13 5.650471268045312780e-12 3.416953458062077983e-11 1.929357549989565829e-10 1.017310241412016237e-09 5.009730250713787287e-09 2.304384231757120096e-08 9.902426975511169789e-08 3.976028493371720774e-07 1.491979900054586196e-06 5.233328141094698129e-06 1.716341133956862298e-05 5.264591758258399263e-05 1.510791647635373487e-04 4.057781482673181585e-04 1.020489998158637199e-03 2.404298392726385292e-03 5.309934974359142509e-03 1.100067135648250503e-02 2.139648020340812265e-02 3.911026946736451126e-02 6.726352872219644452e-02 1.089994945789610759e-01 1.667103248898203494e-01 2.411440306691041702e-01 3.306903498460319613e-01 4.311731764855843974e-01 5.363456525428154098e-01 6.390239267414407065e-01 7.325259911294172976e-01 8.119459942180157208e-01 8.748682753076901797e-01 9.213673797318218117e-01 9.534189946817985817e-01 9.740262421578003149e-01 9.863844148123441791e-01 9.932971848607927701e-01 9.969039082881032687e-01 9.986591448985131514e-01 9.994558906136441490e-01 9.997932277167955739e-01 9.999264472128719383e-01 9.999755187526597755e-01 9.999923784068646126e-01 9.999977812642792951e-01 9.999993961914459550e-01 9.999998464226885764e-01 9.999999634993084197e-01 9.999999918951752997e-01 9.999999983189306052e-01 9.999999996743391684e-01 9.999999999410846829e-01 9.999999999900477388e-01 9.999999999984303667e-01 9.999999999997688516e-01 9.999999999999682476e-01 9.999999999999960032e-01 9.999999999999995559e-01 1.000000000000000000e+00 1.000000000000000000e+00 1.000000000000000000e+00 1.000000000000000000e+00 1.000000000000000000e+00 1.000000000000000000e+00 1.000000000000000000e+00 1.000000000000000000e+00 1.000000000000000000e+00 1.000000000000000000e+00 1.000000000000000000e+00 1.000000000000000000e+00 1.000000000000000000e+00
1.335339972573892355e-41 3.419959211118431981e-40 8.264282458786730235e-39 1.884298210925802533e-37 4.053776179371296021e-36 8.228889572133445284e-35 1.576159099807160431e-33 2.848672918206294023e-32 4.858202035865158028e-31 7.818188750147327896e-30 1.187249256259921152e-28 1.701339133055931618e-27 2.300708914147456868e-26 2.936049565321076044e-25 3.535946995441287155e-24 4.018825567685435562e-23 4.310768742711887391e-22 4.363996058274841875e-21 4.169661395720487956e-20 3.760258880814186522e-19 3.200736783702505620e-18 2.571658627992787911e-17 1.950405719616097839e-16 1.396379393347637880e-15 9.437757437747800749e-15 6.022029858778199395e-14 3.627850875071386773e-13 2.063546359787360083e-12 1.108320991302174572e-11 5.621268656827021656e-11 2.692492693511058959e-10 1.218045471484856439e-09 5.204781266966585967e-09 2.100956741623916870e-08 8.012315269810323803e-08 2.887231586970625625e-07 9.832203221663110967e-07 3.164727040921683443e-06 9.629798031045878543e-06 2.770659251859719057e-05 7.539376864411492449e-05 1.940838708163535476e-04 4.727991202591863822e-04 1.090304676573716595e-03 2.381094301611655622e-03 4.926781448881182961e-03 9.663635831283542282e-03 1.797956752743197148e-02 3.175382080742530228e-02 5.327974686120452719e-02 8.501869790927857329e-02 1.291717284711208502e-01 1.871233944651237158e-01 2.588877828202709175e-01 3.427352326218086054e-01 4.351643166285795727e-01 5.312957528452454392e-01 6.256280111610915684e-01 7.129639589890405249e-01 7.892532877981655037e-01 8.521274777048789550e-01 9.010173298776891215e-01 9.368849513720682864e-01 9.617119226862628212e-01 9.779256160162700384e-01 9.879158787687666310e-01 9.937236335111343521e-01 9.969091190952823478e-01 9.985575798681173287e-01 9.993624331652773973e-01 9.997331902669751580e-01 9.998943276611937936e-01 9.999604025941897234e-01 9.999859654905498552e-01 9.999952962218116026e-01 9.999985095340330199e-01 9.999995535835310978e-01 9.999998736347130990e-01 9.999999661997973632e-01 9.999999914580668392e-01 9.999999979606779554e-01 9.999999995401025465e-01 9.999999999020422470e-01 9.999999999802948736e-01 9.999999999962567721e-01 9.999999999993285371e-01 9.999999999998863132e-01 9.999999999999817923e-01 9.999999999999973355e-01 9.999999999999995559e-01 1.000000000000000000e+00 1.000000000000000000e+00 1.000000000000000000e+00 1.000000000000000000e+00 1.000000000000000000e+00 1.000000000000000000e+00 1.000000000000000000e+00 1.000000000000000000e+00 1.000000000000000000e+00 1.000000000000000000e+00
5.719199524992830328e-35 8.525828632350071686e-34 1.211036763067503838e-32 1.639088752599713461e-31 2.113865451984534579e-30 2.597691335445023045e-29 3.041858494966398992e-28 3.394204359082082214e-27 3.609035156594949981e-26 3.656835348232865135e-25 3.530923557088066781e-24 3.248985307087001574e-23 2.848997760219318742e-22 2.380840723555269256e-21 1.896146911506272174e-20 1.439220044850598488e-19 1.041134539847709047e-18 7.178315973373773209e-18 4.717227249051080611e-17 2.954696607898127242e-16 1.764067534437744456e-15 1.003943296887169242e-14 5.446424314843931473e-14 2.816696471751094450e-13 1.388718946834021098e-12 6.527629253326766636e-12 2.925406959066595113e-11 1.250062386508032456e-10 5.093529398446192611e-10 1.979143744128498519e-09 7.333980176791380792e-09 2.592039735148264177e-08 8.738207322596323873e-08 2.810121448024109289e-07 8.621796654969457706e-07 2.524024231310370885e-06 7.051336022731396173e-06 1.880171114243761607e-05 4.785697003371493078e-05 1.163048202519230005e-04 2.699281792279315494e-04 5.984145850936047712e-04 1.267590880599852882e-03 2.566345131727552735e-03 4.967814043854556355e-03 9.198304862841871765e-03 1.629847205762154083e-02 2.765147200712822148e-02 4.494633514745489944e-02 7.004717364693589798e-02 1.047547340766534218e-01 1.504766941931285074e-01 2.078606653265751003e-01 2.764760431742832036e-01 3.546419722521789164e-01 4.394776939193056897e-01 5.271990397848305143e-01 6.136156230308902337e-01 6.947218440858621280e-01 7.672449654220254711e-01 8.290272560644513788e-01 8.791709883911993373e-01 9.179444300278210012e-01 9.465082959599717682e-01 9.665559903222563642e-01 9.799612905835639598e-01 9.885011979717487351e-01 9.936843517355420374e-01 9.966814372735915972e-01 9.983325171119170616e-01 9.991990811459975363e-01 9.996323890752220054e-01 9.998388109535392143e-01 9.999324975867966980e-01 9.999730075682157215e-01 9.999896957349667659e-01 9.999962453691753073e-01 9.999986943586918198e-01 9.999995667631829122e-01 9.999998628435090575e-01 9.999999585764696164e-01 9.999999880663688057e-01 9.999999967209188823e-01 9.999999991406921529e-01 9.999999997852522249e-01 9.999999999488244917e-01 9.999999999883716351e-01 9.999999999974806819e-01 9.999999999994796385e-01 9.999999999998975264e-01 9.999999999999806821e-01 9.999999999999965583e-01 9.999999999999993339e-01 9.999999999999998890e-01 1.000000000000000000e+00 1.000000000000000000e+00 1.000000000000000000e+00 1.000000000000000000e+00 1.000000000000000000e+00 1.000000000000000000e+00
8.183727363985593612e-28 6.812930771770226710e-27 5.461625577512015726e-26 4.216187592156730698e-25 3.134246695211620706e-24 2.243712221361944493e-23 1.546776758683521169e-22 1.026882463577883345e-21 6.565274820342620442e-21 4.042322814175066678e-20 2.396967954257657510e-19 1.368845076278630569e-18 7.528619716521204761e-18 3.987990237712876285e-17 2.034603105873055636e-16 9.997744695368053872e-16 4.731856793497890630e-15 2.157146083962011173e-14 9.472353955208594487e-14 4.006632499214184368e-13 1.632518440253627412e-12 6.407792816874911115e-12 2.422961487302791880e-11 8.826517399207726602e-11 3.097815629568962834e-10 1.047526596547802816e-09 3.413025300368972082e-09 1.071525233869022306e-08 3.241748175790948009e-08 9.451438860250540098e-08 2.655759283076700262e-07 7.192581527869952153e-07 1.877684187003296398e-06 4.725436332930388377e-06 1.146533811636365235e-05 2.682291193670230845e-05 6.051356850156951813e-05 1.316700239707548970e-04 2.763596018133187442e-04 5.596151597443894433e-04 1.093488221466122883e-03 2.062247944930012400e-03 3.754685900071948190e-03 6.601297152801082445e-03 1.121088814580444015e-02 1.839735691279056201e-02 2.918403453533217895e-02 4.477162342137538248e-02 6.645811740712193050e-02 9.550630054921163681e-02 1.329663101776631662e-01 1.794752166599801746e-01 2.350686823241578682e-01 2.990467001109564649e-01 3.699321747757954859e-01 4.455463437562127149e-01 5.232011943077821137e-01 5.999821425452882551e-01 6.730721204330887275e-01 7.400577519271518412e-01 7.991628483669044325e-01 8.493725486061617369e-01 8.904373492014373559e-01 9.227722221983586381e-01 9.472849647871837142e-01 9.651758528667353509e-01 9.777474680796038875e-01 9.862523713339887976e-01 9.917918222130501782e-01 9.952654478317138897e-01 9.973625431308186240e-01 9.985814543929527609e-01 9.992635490888268635e-01 9.996310308608049588e-01 9.998216407190827493e-01 9.999168267494829010e-01 9.999625902503083141e-01 9.999837730466665242e-01 9.999932128994806213e-01 9.999972629914177791e-01 9.999989359381327159e-01 9.999996012369277709e-01 9.999998559601823711e-01 9.999999498541096710e-01 9.999999831755128632e-01 9.999999945603215146e-01 9.999999983052598740e-01 9.999999994912467383e-01 9.999999998528490419e-01 9.999999999589936905e-01 9.999999999889910285e-01 9.999999999971526110e-01 9.999999999992905675e-01 9.999999999998296918e-01 9.999999999999606981e-01 9.999999999999912292e-01 9.999999999999981126e-01 9.999999999999995559e-01 1.000000000000000000e+00 1.000000000000000000e+00
4.003222890475662442e-25 2.678606918690121706e-24 1.732731232911371202e-23 1.083630696706428599e-22 6.551856956119163348e-22 3.829886823938315443e-21 2.164470193399419178e-20 1.182680523102443208e-19 6.247982715367104733e-19 3.191357643841516613e-18 1.576091974178517061e-17 7.526024568438560361e-17 3.474847363747266629e-16 1.551316436112189335e-15 6.696821016409919695e-15 2.795440741910972813e-14 1.128380290563147197e-13 4.404486584222394359e-13 1.662575748096233259e-12 6.069131063326364153e-12 2.142614265792842453e-11 7.315572684457327142e-11 2.415767135846984226e-10 7.715799530482216877e-10 2.383658081600187663e-09 7.123010866802638541e-09 2.059021741094338202e-08 5.757828760020122344e-08 1.557692752025421362e-07 4.077153033221168450e-07 1.032556223436517781e-06 2.530369209392935152e-06 6.000709155710366996e-06 1.377235247952786134e-05 3.059445306328201919e-05 6.578890604279203605e-05 1.369585747546284789e-04 2.760634967339528558e-04 5.388584196544438142e-04 1.018722733049927517e-03 1.865651783116030644e-03 3.310435301034908833e-03 5.692676741962573658e-03 9.489287640538414739e-03 1.533764347608079261e-02 2.404525273731972917e-02 3.657642147033961927e-02 5.400699897385303344e-02 7.744170849956914793e-02 1.078950544207668422e-01 1.461456442451611326e-01 1.925831590314305841e-01 2.470745058988535747e-01 3.088781209335937916e-01 3.766310376421819206e-01 4.484220218919010570e-01 5.219477987140048736e-01 5.947320035643295366e-01 6.643725975215936108e-01 7.287770050554887025e-01 7.863470408363517627e-01 8.360869720369999980e-01 8.776245922371337382e-01 9.111524469582348296e-01 9.373100301042123217e-01 9.570350350592081723e-01 9.714119017331668271e-01 9.815402573688982724e-01 9.884369546248694682e-01 9.929760661198097083e-01 9.958636057138410269e-01 9.976390718394458901e-01 9.986942459093780533e-01 9.993003720764259690e-01 9.996369061809227130e-01 9.998175080227895695e-01 9.999111870182437745e-01 9.999581536202970522e-01 9.999809131260869455e-01 9.999915732728674733e-01 9.999963993038811783e-01 9.999985110586855352e-01 9.999994042062521071e-01 9.999997693208331206e-01 9.999999135859207744e-01 9.999999686818226152e-01 9.999999890195865326e-01 9.999999962758464589e-01 9.999999987781964528e-01 9.999999996122783674e-01 9.999999998809950830e-01 9.999999999646720372e-01 9.999999999898570024e-01 9.999999999971835862e-01 9.999999999992437161e-01 9.999999999998036015e-01 9.999999999999507061e-01 9.999999999999880096e-01 9.999999999999971134e-01 9.999999999999993339e-01
1.795629530418142500e-22 9.685960035593808137e-22 5.070928685825897448e-21 2.576653598104408034e-20 1.270730148633865371e-19 6.082536542463003452e-19 2.825893804846347234e-18 1.274302688366923206e-17 5.577521857257406605e-17 2.369564362062986929e-16 9.771501417802213070e-16 3.911353616169773521e-15 1.519755539746515564e-14 5.732045461030314422e-14 2.098667533635044455e-13 7.459079682659620552e-13 2.573620500933028610e-12 8.620494295522338274e-12 2.803236247086751888e-11 8.849920360806984202e-11 2.712590776219141466e-10 8.072508709918215324e-10 2.332529726072376306e-09 6.544199132769203673e-09 1.782846491667128943e-08 4.716483925836002165e-08 1.211685945888230804e-07 3.023090071962050803e-07 7.325297092144171382e-07 1.724004544320391799e-06 3.941111297636095543e-06 8.751787297876096111e-06 1.888017411191293538e-05 3.957154136373455279e-05 8.058750375716362097e-05 1.594792367782772377e-04 3.067189701862403054e-04 5.733640318415632754e-04 1.041915303693036242e-03 1.840821530216156651e-03 3.162572542026549291e-03 5.284442221222894476e-03 8.589682362469697879e-03 1.358545459489600774e-02 2.091230933337191039e-02 3.133903413109610792e-02 4.573675181260504485e-02 6.502775623783385583e-02 9.010798547030664241e-02 1.217470520443384996e-01 1.604756117248208047e-01 2.064752664878700406e-01 2.594896064364711208e-01 3.187750016233591444e-01 3.831056109448010560e-01 4.508390620644736613e-01 5.200387828039197968e-01 5.886383033277106103e-01 6.546245488154368575e-01 7.162132935310928650e-01 7.719915424004428761e-01 8.210082320820066837e-01 8.628046099377466582e-01 8.973865111520171745e-01 9.251500368619892667e-01 9.467780127767748688e-01 9.631263136913399414e-01 9.751170216600710816e-01 9.836506250702907739e-01 9.895436120073241026e-01 9.934923094432211998e-01 9.960596740761502588e-01 9.976793813241346953e-01 9.986708996070816635e-01 9.992598518900313032e-01 9.995993009601777946e-01 9.997891394255418174e-01 9.998921564084517488e-01 9.999463999953865923e-01 9.999741142290181628e-01 9.999878537686974767e-01 9.999944630807859891e-01 9.999975480798350969e-01 9.999989453115505356e-01 9.999995593511588066e-01 9.999998211928573522e-01 9.999999295345523009e-01 9.999999730322981506e-01 9.999999899777090029e-01 9.999999963831875949e-01 9.999999987326317896e-01 9.999999995687980370e-01 9.999999998575559434e-01 9.999999999543144336e-01 9.999999999857743793e-01 9.999999999956996621e-01 9.999999999987378985e-01 9.999999999996405098e-01 9.999999999999005240e-01 9.999999999999733546e-01
3.286815211112291519e-23 1.882087123872394069e-22 1.044850776460310175e-21 5.623720823746547153e-21 2.934629334699190754e-20 1.484732203470663772e-19 7.283062244765117606e-19 3.463832598303569997e-18 1.597287328048148091e-17 7.141659417810124914e-17 3.096080266246113345e-16 1.301456763529552664e-15 5.304685713647077321e-15 2.096574816437901725e-14 8.035091122762721496e-14 2.986142292792976213e-13 1.076166773939203674e-12 3.761047882620243872e-12 1.274705609570256708e-11 4.189816786370734499e-11 1.335603327461714158e-10 4.129252643283867181e-10 1.238203837770645543e-09 3.601272076555220892e-09 1.015968980976535355e-08 2.780255479481508426e-08 7.380558829788274062e-08 1.900711927834141456e-07 4.748866508991449124e-07 1.151161866734843472e-06 2.707597229382547322e-06 6.179651441378379600e-06 1.368705531608820822e-05 2.942112317504750176e-05 6.138359014177704445e-05 1.243179291922107870e-04 2.444290559808385633e-04 4.666203603742587560e-04 8.650202354856359639e-04 1.557424460720239264e-03 2.723827561808888752e-03 4.628350110310334477e-03 7.642550504553966874e-03 1.226643232932840034e-02 1.914170579072782541e-02 2.905052530169339314e-02 4.289264464505472552e-02 6.163533921090091905e-02 8.623393221553324328e-02 1.175262214930241772e-01 1.561107557797999923e-01 2.022253157675160118e-01 2.556462864620485109e-01 3.156301447791803882e-01 3.809140233280862153e-01 4.497834451948599099e-01 5.202034208270848170e-01 5.899968038936372894e-01 6.570441474442819674e-01 7.194747953470019830e-01 7.758207889680428515e-01 8.251128710917816633e-01 8.669093976726904849e-01 9.012614042025718364e-01 9.286275032457671497e-01 9.497586234899144664e-01 9.655740519454649728e-01 9.770473475776964012e-01 9.851149437825638122e-01 9.906135020262915036e-01 9.942459731645743037e-01 9.965719433068612743e-01 9.980155692257088873e-01 9.988840370363469834e-01 9.993904458393781942e-01 9.996766639915007913e-01 9.998334623260681786e-01 9.999167218642772692e-01 9.999595742260197762e-01 9.999809520584386213e-01 9.999912892042286394e-01 9.999961341130076953e-01 9.999983351050750757e-01 9.999993042733218429e-01 9.999997179181671081e-01 9.999998890393240192e-01 9.999999576556339864e-01 9.999999843241269559e-01 9.999999943706771033e-01 9.999999980391279797e-01 9.999999993374893981e-01 9.999999997828949994e-01 9.999999999309974186e-01 9.999999999787302363e-01 9.999999999936415307e-01 9.999999999981565857e-01 9.999999999994817479e-01 9.999999999998587796e-01 9.999999999999626965e-01 9.999999999999904521e-01
5.858492984412093287e-24 3.564387862433777479e-23 2.100189462197966332e-22 1.198426254859620573e-21 6.622905774458430762e-21 3.544668572602612220e-20 1.837376512495337574e-19 9.224060424471548510e-19 4.484911697196590702e-18 2.112030196083756330e-17 9.633140656205626336e-17 4.255638593461872026e-16 1.820952419767015548e-15 7.547062333909129598e-15 3.029784552404506167e-14 1.178174445139846856e-13 4.437942698306772508e-13 1.619343206986063596e-12 5.723910872340470233e-12 1.959999681326742476e-11 6.501920205538517382e-11 2.089604285033323035e-10 6.506367460620942357e-10 1.962825764188716546e-09 5.737349642706127467e-09 1.624974213224321451e-08 4.459723697643303376e-08 1.186091522478013373e-07 3.057043114259221652e-07 7.636326445026285289e-07 1.848824783087276786e-06 4.338771320034972307e-06 9.870333027083978046e-06 2.176849700665671521e-05 4.654766258003725684e-05 9.651290865174423346e-05 1.940621939323314022e-04 3.784596564577300697e-04 7.159494570768063209e-04 1.314004696815175999e-03 2.340121857634227219e-03 4.044742214408545214e-03 6.786527995866995303e-03 1.105639704737456340e-02 1.749469147206056743e-02 2.689414057207274028e-02 4.018060116971453044e-02 5.836469173752101974e-02 8.246093196383301460e-02 1.133768703867672756e-01 1.517821617647527876e-01 1.979750591016117278e-01 2.517691871572361739e-01 3.124246737368603921e-01 3.786434077416717114e-01 4.486384420433894293e-01 5.202740860317364158e-01 5.912591033434271282e-01 6.593642290656827054e-01 7.226299532352149502e-01 7.795326353289211418e-01 8.290859313863619962e-01 8.708678035566584930e-01 9.049775713791273768e-01 9.319391380221626608e-01 9.525733054097382801e-01 9.678631899760622437e-01 9.788329432426268184e-01 9.864531168766353941e-01 9.915782858216812823e-01 9.949158280340875127e-01 9.970201905597309011e-01 9.983048544186580164e-01 9.990641896474912187e-01 9.994987525252991833e-01 9.997395470819043783e-01 9.998687331263768074e-01 9.999358388181177615e-01 9.999695891352002874e-01 9.999860241847979836e-01 9.999937730616277332e-01 9.999973104356745246e-01 9.999988739346808986e-01 9.999995430308383781e-01 9.999998202694182492e-01 9.999999314919808535e-01 9.999999746942068723e-01 9.999999909419573507e-01 9.999999968583110910e-01 9.999999989441881176e-01 9.999999996562156657e-01 9.999999998915461985e-01 9.999999999668527373e-01 9.999999999901852954e-01 9.999999999971846965e-01 9.999999999992177369e-01 9.999999999997895017e-01 9.999999999999451550e-01 9.999999999999861222e-01 9.999999999999966693e-01
7.633309856748018642e-24 4.600723726184317059e-23 2.685891581074670012e-22 1.518814386396484397e-21 8.319168566560306716e-21 4.413869772200359619e-20 2.268449635642448077e-19 1.129314185096628112e-18 5.446064254154852556e-18 2.544132693962832189e-17 1.151311530354152287e-16 5.047188744358450888e-16 2.143471878295978163e-15 8.818729783509369679e-15 3.514983287336326799e-14 1.357309963316636208e-13 5.077892945179250128e-13 1.840550101072079717e-12 6.463726271490695374e-12 2.199388231268756291e-11 7.251331587709456256e-11 2.316566784667565772e-10 7.171308367886451895e-10 2.151270201648730418e-09 6.253919243707093641e-09 1.761933338396648113e-08 4.810910455873468012e-08 1.273174928168291412e-07 3.265849627815797504e-07 8.120410605415689291e-07 1.957321752041818449e-06 4.573831997582261532e-06 1.036253885654843246e-05 2.276447193130915034e-05 4.849484041072229645e-05 1.001901938365507071e-04 2.007688836279117664e-04 3.902689989560795161e-04 7.360189259863045199e-04 1.346910169552244848e-03 2.392147602008639837e-03 4.124017739500257691e-03 6.902867504382835875e-03 1.122068461195689995e-02 1.771768512292692249e-02 2.718465709130799338e-02 4.054319288492815726e-02 5.879711713738819401e-02 8.295190820383430141e-02 1.139047135032993374e-01 1.523149044093226601e-01 1.984724450405999652e-01 2.521865845667556894e-01 3.127184936113485692e-01 3.787771777922475103e-01 4.485884057643733658e-01 5.200331775059738870e-01 5.908384256061169904e-01 6.587916804764923917e-01 7.219462664728865109e-01 7.787856457473290028e-01 8.283242256686371707e-01 8.701349368864009781e-01 9.043077957401898237e-01 9.313551507584763023e-01 9.520860429532204128e-01 9.674732874957745477e-01 9.785332423386090550e-01 9.862315532563448173e-01 9.914205941483669182e-01 9.948076959059921620e-01 9.969487066648243800e-01 9.982592725385805998e-01 9.990361422724700624e-01 9.994820929508978491e-01 9.997299918911579653e-01 9.998634397643869631e-01 9.999330058738953309e-01 9.999681241162758916e-01 9.999852919992711087e-01 9.999934193602879606e-01 9.999971452595248778e-01 9.999987993578329792e-01 9.999995104732489759e-01 9.999998065247980295e-01 9.999999258804392888e-01 9.999999724783910082e-01 9.999999900956714205e-01 9.999999965456600748e-01 9.999999988324537181e-01 9.999999996175860106e-01 9.999999998786256450e-01 9.999999999626716374e-01 9.999999999888762314e-01 9.999999999967881248e-01 9.999999999991013855e-01 9.999999999997564171e-01 9.999999999999360512e-01 9.999999999999837907e-01 9.999999999999960032e-01
1.156301256542027247e-24 7.448438755964697145e-24 4.641795019270603130e-23 2.798581626720837767e-22 1.632399414984311655e-21 9.212058949536601287e-21 5.029612229576970297e-20 2.656842586795915084e-19 1.357866333644356235e-18 6.714517518106804385e-18 3.212523465916536641e-17 1.487164646419702018e-16 6.661331443280287219e-16 2.887093025067809290e-15 1.210785724770413786e-14 4.913491466851193210e-14 1.929477743757454404e-13 7.332075624159970112e-13 2.696270031829868148e-12 9.595367871493114602e-12 3.304723069569507980e-11 1.101534467384421638e-10 3.553580305032245423e-10 1.109572858960892661e-09 3.353397819820719178e-09 9.810095365738363126e-09 2.778057222990186284e-08 7.615730991507618340e-08 2.021198749929281046e-07 5.193500387219293381e-07 1.292094023090441844e-06 3.112738220436764506e-06 7.261733395754466205e-06 1.640685076656540710e-05 3.590369152061515553e-05 7.610756612630179756e-05 1.562939028263218974e-04 3.109837194530298398e-04 5.996207510970279252e-04 1.120541228260400453e-03 2.029867926769082787e-03 3.565183521673196809e-03 6.072474022007450130e-03 1.003289168943257044e-02 1.608360706093274126e-02 2.502493278031851093e-02 3.780480810196300973e-02 5.547254303142595822e-02 7.909715766717737018e-02 1.096518721868065677e-01 1.478745756696507041e-01 1.941227162109971094e-01 2.482475879640743399e-01 3.095149575631519490e-01 3.765946954889088927e-01 4.476314741073550985e-01 5.203935276702758017e-01 5.924804405054451273e-01 6.615581129322856135e-01 7.255829891711516044e-01 7.829800393199469744e-01 8.327491816626457766e-01 8.744899539225934326e-01 9.083502318528733355e-01 9.349177046602771268e-01 9.550799839271586489e-01 9.698798786074509515e-01 9.803875673668612789e-01 9.876033809787552187e-01 9.923962205631160494e-01 9.954753639015908595e-01 9.973887221222854649e-01 9.985387065809880891e-01 9.992072304111224712e-01 9.995831292460755080e-01 9.997875637310460473e-01 9.998951028176168432e-01 9.999498179502388506e-01 9.999767442953237939e-01 9.999895609919546846e-01 9.999954616908331984e-01 9.999980892914239750e-01 9.999992210236852141e-01 9.999996924962009093e-01 9.999998824715685686e-01 9.999999565115533784e-01 9.999999844217785094e-01 9.999999945980394545e-01 9.999999981867702115e-01 9.999999994108821344e-01 9.999999998147404145e-01 9.999999999436139930e-01 9.999999999833903974e-01 9.999999999952648988e-01 9.999999999986937116e-01 9.999999999996511679e-01 9.999999999999098499e-01 9.999999999999774625e-01 9.999999999999945599e-01 9.999999999999986677e-01
1.047912611385450476e-25 7.347268410749847435e-25 4.976067169994603383e-24 3.255449298782909970e-23 2.057335668421270266e-22 1.255955685466680941e-21 7.406689518741264422e-21 4.219496871270578025e-20 2.322150118658920476e-19 1.234581504267544077e-18 6.340978060186737062e-18 3.146352183145560343e-17 1.508276861530688148e-16 6.985315299163173922e-16 3.125584690644690798e-15 1.351221456604672404e-14 5.643936696683910618e-14 2.277766000620874387e-13 8.882173275171446288e-13 3.346764550863196866e-12 1.218541683702458257e-11 4.287256317590156250e-11 1.457665726821891795e-10 4.789527494426943345e-10 1.520903807228382470e-09 4.667719333298466445e-09 1.384595116486004876e-08 3.969893579377063487e-08 1.100266375544468991e-07 2.947859673375222903e-07 7.635461178712086186e-07 1.912121438136055435e-06 4.630017808342635779e-06 1.084115397887932119e-05 2.454915323543879803e-05 5.376658743332003867e-05 1.139082139839325505e-04 2.334647886901481154e-04 4.629935221055438881e-04 8.885586716180598988e-04 1.650568446102035998e-03 2.968280771177807600e-03 5.168907257219685150e-03 8.718167158413257095e-03 1.424651143884903860e-02 2.256258340093601072e-02 3.464370728528749083e-02 5.159342364739569198e-02 7.455932962756839366e-02 1.046111529351579778e-01 1.425884637402052291e-01 1.889378262229426397e-01 2.435676155516057206e-01 3.057520253094619944e-01 3.741116637596504368e-01 4.466861988257888050e-01 5.210968390626905533e-01 5.947772599241838432e-01 6.652360904678726872e-01 7.303067236203185653e-01 7.883431805633837053e-01 8.383331636216786453e-01 8.799176463854854191e-01 9.133252871025921982e-01 9.392447777620138716e-01 9.586658513985002461e-01 9.727194025202972050e-01 9.825406112725048047e-01 9.891690275207976057e-01 9.934893932359478708e-01 9.962089435020362593e-01 9.978621969651213508e-01 9.988328130582386777e-01 9.993831404757125281e-01 9.996844829448383596e-01 9.998438376806603189e-01 9.999252209160953697e-01 9.999653602510567563e-01 9.999844794870346165e-01 9.999932744886621538e-01 9.999971816939535740e-01 9.999988580309632225e-01 9.999995526091007836e-01 9.999998305455026770e-01 9.999999379528929921e-01 9.999999780383810322e-01 9.999999924862674749e-01 9.999999975153117671e-01 9.999999992058712373e-01 9.999999997547027730e-01 9.999999999267752404e-01 9.999999999788762306e-01 9.999999999941113771e-01 9.999999999984137133e-01 9.999999999995871081e-01 9.999999999998960831e-01 9.999999999999746869e-01 9.999999999999940048e-01 9.999999999999986677e-01 9.999999999999997780e-01
9.679125651902699433e-27 7.380197798208662294e-26 5.427513428709151975e-25 3.849813999036123168e-24 2.633841827734827594e-23 1.738025655645232358e-22 1.106228832512180260e-21 6.791444160957694604e-21 4.021740866959657253e-20 2.297246596965316760e-19 1.265755806811086383e-18 6.727421674186585774e-18 3.449148416876201521e-17 1.705879044931781278e-16 8.138921594420901584e-16 3.746084157029776545e-15 1.663376776547868406e-14 7.125531870904980383e-14 2.944891973538682873e-13 1.174247370367567304e-12 4.517535839098445527e-12 1.676911102805601919e-11 6.006211762923665187e-11 2.075823200973278969e-10 6.923050409400780397e-10 2.228136527352414652e-09 6.920614589462158196e-09 2.074575678799614803e-08 6.002343500692831648e-08 1.676280806926383984e-07 4.518944037168070207e-07 1.176045406593671427e-06 2.954907777753396437e-06 7.168623142295215282e-06 1.679355849282291476e-05 3.799377819621853157e-05 8.302284528154437718e-05 1.752493416579948800e-04 3.573991697088432762e-04 7.043055041349685933e-04 1.341403461975278037e-03 2.469667687717109431e-03 4.396421126794555073e-03 7.569291132234238009e-03 1.260765249320480036e-02 2.032267723760708758e-02 3.171458302400839008e-02 4.793516992818492445e-02 7.020659070493356912e-02 9.969426473435383240e-02 1.373424801252276783e-01 1.836935324253665680e-01 2.387218411049440991e-01 3.017194584170035943e-01 3.712656735201551039e-01 4.453002009717116350e-01 5.212989708173902947e-01 5.965288329306491777e-01 6.683389139109539023e-01 7.344374751701293613e-01 7.931066555752037672e-01 8.433223461963241796e-01 8.847681183671000094e-01 9.177543248966426592e-01 9.430703673628589856e-01 9.618060928377956120e-01 9.751768628204882106e-01 9.843782534248404215e-01 9.904843208805409471e-01 9.943916566998753925e-01 9.968027322145628366e-01 9.982374012886794379e-01 9.990605976112755249e-01 9.995160738991131222e-01 9.997590920366369316e-01 9.998841242910601057e-01 9.999461562907078216e-01 9.999758332723323040e-01 9.999895242284297936e-01 9.999956147965065600e-01 9.999982275092589301e-01 9.999993082841016623e-01 9.999997393943451662e-01 9.999999052196713034e-01 9.999999667263993475e-01 9.999999887254263919e-01 9.999999963128309854e-01 9.999999988362638925e-01 9.999999996455439799e-01 9.999999998958171155e-01 9.999999999704514142e-01 9.999999999919133575e-01 9.999999999978645970e-01 9.999999999994559907e-01 9.999999999998663291e-01 9.999999999999682476e-01 9.999999999999926725e-01 9.999999999999984457e-01 9.999999999999996669e-01 1.000000000000000000e+00
1.659438072578112766e-28 1.460358779368833352e-27 1.236325234707100805e-26 1.006898027845094010e-25 7.889019638074975949e-25 5.946355371248854609e-24 4.311960266663774571e-23 3.008159257802235557e-22 2.018996443479268689e-21 1.303724376877714980e-20 8.099510602734772499e-20 4.841302602861160911e-19 2.784224894187798690e-18 1.540613570192834090e-17 8.202376466545196605e-17 4.201961865317069631e-16 2.071292629913574468e-15 9.824693080456294643e-15 4.484321285613619744e-14 1.969643008093912151e-13 8.325401661736507648e-13 3.386605318164940736e-12 1.325811107197187974e-11 4.995438292910707646e-11 1.811586149516289138e-10 6.323505643573820219e-10 2.124673026887834191e-09 6.872032044814156307e-09 2.139748778837318863e-08 6.414353567050632046e-08 1.851339293736360029e-07 5.145120441726908232e-07 1.376949711375672362e-06 3.548900659310615852e-06 8.809822084593488861e-06 2.106623273063500698e-05 4.852965464795031935e-05 1.077179752191726678e-04 2.304075232110989492e-04 4.750148418568800541e-04 9.440677167096283174e-04 1.809164640270029744e-03 3.343776221845430174e-03 5.962098096841670844e-03 1.025883308265042315e-02 1.704063620776994151e-02 2.733602995726531343e-02 4.236855740016121086e-02 6.347973172660036079e-02 9.199544198719249166e-02 1.290419667141539384e-01 1.753335771222111483e-01 2.309686534362476729e-01 2.952798676596292138e-01 3.667815704135318766e-01 4.432421764220141336e-01 5.218834934877363274e-01 5.996791800607911282e-01 6.736996694790271523e-01 7.414388706235627291e-01 8.010626984246039806e-01 8.515394356461961634e-01 8.926406162652429366e-01 9.248297194375234564e-01 9.490765491161263778e-01 9.666433424102837124e-01 9.788844691872389259e-01 9.870887704429560650e-01 9.923775201633071585e-01 9.956566268881938964e-01 9.976120876561751505e-01 9.987336762198912865e-01 9.993524171279926094e-01 9.996807200564270524e-01 9.998482649587892013e-01 9.999305040072803408e-01 9.999693293397753369e-01 9.999869589367593736e-01 9.999946583834611324e-01 9.999978925800327989e-01 9.999991992409291708e-01 9.999997069895822932e-01 9.999998967579750708e-01 9.999999649742492558e-01 9.999999885595232119e-01 9.999999964025276800e-01 9.999999989110176513e-01 9.999999996826856030e-01 9.999999999110017468e-01 9.999999999759743297e-01 9.999999999937576600e-01 9.999999999984390264e-01 9.999999999996243005e-01 9.999999999999129585e-01 9.999999999999806821e-01 9.999999999999957812e-01 9.999999999999991118e-01 9.999999999999997780e-01 1.000000000000000000e+00 1.000000000000000000e+00
8.536268845491059637e-32 9.817163908584321000e-31 1.080868797896479059e-29 1.139288958585923614e-28 1.149672193788612666e-27 1.110705562197805957e-26 1.027340728798937591e-25 9.097601282088559444e-25 7.713343626220396542e-24 6.261361619137386776e-23 4.866453511375626267e-22 3.621444757729103145e-21 2.580387568550846267e-20 1.760478124219486828e-19 1.150080763713323695e-18 7.194292363953632344e-18 4.309437268430505189e-17 2.471935985695517877e-16 1.357845319357723868e-15 7.142873050058570050e-15 3.598480985775575098e-14 1.736218182661262877e-13 8.023142782301730938e-13 3.551055730532722708e-12 1.505435785147386062e-11 6.113351520397854474e-11 2.378106162916449340e-10 8.862211958104869856e-10 3.164014751123046554e-09 1.082303835017835190e-08 3.547364244322782589e-08 1.114147904917204943e-07 3.353500573724838935e-07 9.674181651249998058e-07 2.675078926487534818e-06 7.091148847408216960e-06 1.802233207437846396e-05 4.392208123781402620e-05 1.026603770795713534e-04 2.301705294260023601e-04 4.951218273287981940e-04 1.022091251116600966e-03 2.025327150673030419e-03 3.853508122949281245e-03 7.042357129260419166e-03 1.236647355843948672e-02 2.087511267045291316e-02 3.389093990792090699e-02 5.294917533978926727e-02 7.966034806184020545e-02 1.154949580342032878e-01 1.615112855993673380e-01 2.180727771788091574e-01 2.846199237371725976e-01 3.595640773852272765e-01 4.403518907296655738e-01 5.237111301030861199e-01 6.060417600450572762e-01 6.838756856956051955e-01 7.543086904684491723e-01 8.153161936853745573e-01 8.658974947872057903e-01 9.060392533239971513e-01 9.365324092233490161e-01 9.587045614993313647e-01 9.741362245819169541e-01 9.844167877285588952e-01 9.909725054661169263e-01 9.949740036241747632e-01 9.973118925922779265e-01 9.986193389106892138e-01 9.993192170082354497e-01 9.996778244556114856e-01 9.998537036122981947e-01 9.999362707830359298e-01 9.999733728554905943e-01 9.999893311486744985e-01 9.999959012485311050e-01 9.999984903824001847e-01 9.999994670207640324e-01 9.999998196428545594e-01 9.999999415085373267e-01 9.999999818219172942e-01 9.999999945866747675e-01 9.999999984554293064e-01 9.999999995777699713e-01 9.999999998894240072e-01 9.999999999722593014e-01 9.999999999933335548e-01 9.999999999984654497e-01 9.999999999996616040e-01 9.999999999999285016e-01 9.999999999999855671e-01 9.999999999999972244e-01 9.999999999999995559e-01 9.999999999999998890e-01 1.000000000000000000e+00 1.000000000000000000e+00 1.000000000000000000e+00 1.000000000000000000e+00
8.441155251872842818e-33 1.053276032504854326e-31 1.256352738138457169e-30 1.432567377962282740e-29 1.561557123774117015e-28 1.627217518110508871e-27 1.621004197768258563e-26 1.543759607102811133e-25 1.405525682458622908e-24 1.223399894721950654e-23 1.018066189992053151e-22 8.099707751600662812e-22 6.161078874964161733e-21 4.480713044902050840e-20 3.115658670153571401e-19 2.071452870418252918e-18 1.316841265025367798e-17 8.004541769296906003e-17 4.652608434408842004e-16 2.585989192785143425e-15 1.374488938135141665e-14 6.986430978211443310e-14 3.396139290123903639e-13 1.578880747645842626e-12 7.020467426240000689e-12 2.985769878835861267e-11 1.214626474775511387e-10 4.726609496729105474e-10 1.759559353314713586e-09 6.266635379869277214e-09 2.135369643257493137e-08 6.962332068092423781e-08 2.172289933926090026e-07 6.486411525200891485e-07 1.853794324061137667e-06 5.071549282037434942e-06 1.328309375693588643e-05 3.331204398712266914e-05 8.000520387039389151e-05 1.840476017711347757e-04 4.056271683132420714e-04 8.566635513403367957e-04 1.734181859023298895e-03 3.365969937747056127e-03 6.266213620232050259e-03 1.119305494716658217e-02 1.919261660003893089e-02 3.160706686246565755e-02 5.002125732883826864e-02 7.612734161160510105e-02 1.115022174527853377e-01 1.573177035027937265e-01 2.140321822478660485e-01 2.811348730986741318e-01 3.570188928072700607e-01 4.390399122945682908e-01 5.237752309485538271e-01 6.074449384774543992e-01 6.864102786329578931e-01 7.576413089579827620e-01 8.190551645361290323e-01 8.696641780207963190e-01 9.095256825074207185e-01 9.395341437406398155e-01 9.611263935872467190e-01 9.759760391336067542e-01 9.857371258897549282e-01 9.918697170571959543e-01 9.955523077745007665e-01 9.976659249366752746e-01 9.988254027631626730e-01 9.994333440242266775e-01 9.997380097728375548e-01 9.998839410084985335e-01 9.999507500535463889e-01 9.999799837944451930e-01 9.999922101038813960e-01 9.999970973921477047e-01 9.999989646393656617e-01 9.999996465016618430e-01 9.999998844880995108e-01 9.999999638785177503e-01 9.999999891915389849e-01 9.999999969055373139e-01 9.999999991523889076e-01 9.999999997778902250e-01 9.999999999443236476e-01 9.999999999866500122e-01 9.999999999969382269e-01 9.999999999993283151e-01 9.999999999998591127e-01 9.999999999999718003e-01 9.999999999999945599e-01 9.999999999999990008e-01 9.999999999999997780e-01 1.000000000000000000e+00 1.000000000000000000e+00 1.000000000000000000e+00 1.000000000000000000e+00 1.000000000000000000e+00
