0.000000000000000000e+00 0.000000000000000000e+00 0.000000000000000000e+00 0.000000000000000000e+00 0.000000000000000000e+00 0.000000000000000000e+00 0.000000000000000000e+00 0.000000000000000000e+00 0.000000000000000000e+00 0.000000000000000000e+00 0.000000000000000000e+00 0.000000000000000000e+00 0.000000000000000000e+00 0.000000000000000000e+00 0.000000000000000000e+00 0.000000000000000000e+00 0.000000000000000000e+00 0.000000000000000000e+00 0.000000000000000000e+00 0.000000000000000000e+00 0.000000000000000000e+00 0.000000000000000000e+00 0.000000000000000000e+00 0.000000000000000000e+00 0.000000000000000000e+00 0.000000000000000000e+00 0.000000000000000000e+00 0.000000000000000000e+00 0.000000000000000000e+00 0.000000000000000000e+00 0.000000000000000000e+00 0.000000000000000000e+00 0.000000000000000000e+00 0.000000000000000000e+00 0.000000000000000000e+00 0.000000000000000000e+00 0.000000000000000000e+00 0.000000000000000000e+00 0.000000000000000000e+00 0.000000000000000000e+00 0.000000000000000000e+00 0.000000000000000000e+00 0.000000000000000000e+00 0.000000000000000000e+00 0.000000000000000000e+00 0.000000000000000000e+00 0.000000000000000000e+00 5.125217987814653743e-227 6.864638544603261754e-98 6.570564076040910141e-23 9.186625067367958364e-01 1.000000000000000000e+00 1.000000000000000000e+00 1.000000000000000000e+00 1.000000000000000000e+00 1.000000000000000000e+00 1.000000000000000000e+00 1.000000000000000000e+00 1.000000000000000000e+00 1.000000000000000000e+00 1.000000000000000000e+00 1.000000000000000000e+00 1.000000000000000000e+00 1.000000000000000000e+00 1.000000000000000000e+00 1.000000000000000000e+00 1.000000000000000000e+00 1.000000000000000000e+00 1.000000000000000000e+00 1.000000000000000000e+00 1.000000000000000000e+00 1.000000000000000000e+00 1.000000000000000000e+00 1.000000000000000000e+00 1.000000000000000000e+00 1.000000000000000000e+00 1.000000000000000000e+00 1.000000000000000000e+00 1.000000000000000000e+00 1.000000000000000000e+00 1.000000000000000000e+00 1.000000000000000000e+00 1.000000000000000000e+00 1.000000000000000000e+00 1.000000000000000000e+00 1.000000000000000000e+00 1.000000000000000000e+00 1.000000000000000000e+00 1.000000000000000000e+00 1.000000000000000000e+00 1.000000000000000000e+00 1.000000000000000000e+00 1.000000000000000000e+00 1.000000000000000000e+00 1.000000000000000000e+00 1.000000000000000000e+00 1.000000000000000000e+00 1.000000000000000000e+00 1.000000000000000000e+00 1.000000000000000000e+00
0.000000000000000000e+00 0.000000000000000000e+00 0.000000000000000000e+00 0.000000000000000000e+00 0.000000000000000000e+00 0.000000000000000000e+00 0.000000000000000000e+00 0.000000000000000000e+00 0.000000000000000000e+00 0.000000000000000000e+00 0.000000000000000000e+00 0.000000000000000000e+00 0.000000000000000000e+00 0.000000000000000000e+00 0.000000000000000000e+00 0.000000000000000000e+00 0.000000000000000000e+00 0.000000000000000000e+00 0.000000000000000000e+00 0.000000000000000000e+00 0.000000000000000000e+00 0.000000000000000000e+00 0.000000000000000000e+00 0.000000000000000000e+00 0.000000000000000000e+00 0.000000000000000000e+00 0.000000000000000000e+00 0.000000000000000000e+00 0.000000000000000000e+00 0.000000000000000000e+00 0.000000000000000000e+00 0.000000000000000000e+00 0.000000000000000000e+00 0.000000000000000000e+00 0.000000000000000000e+00 0.000000000000000000e+00 0.000000000000000000e+00 0.000000000000000000e+00 0.000000000000000000e+00 0.000000000000000000e+00 0.000000000000000000e+00 0.000000000000000000e+00 0.000000000000000000e+00 0.000000000000000000e+00 0.000000000000000000e+00 0.000000000000000000e+00 0.000000000000000000e+00 5.125217987814653743e-227 6.864638544603261754e-98 6.570564076040910141e-23 9.186625067367958364e-01 1.000000000000000000e+00 1.000000000000000000e+00 1.000000000000000000e+00 1.000000000000000000e+00 1.000000000000000000e+00 1.000000000000000000e+00 1.000000000000000000e+00 1.000000000000000000e+00 1.000000000000000000e+00 1.000000000000000000e+00 1.000000000000000000e+00 1.000000000000000000e+00 1.000000000000000000e+00 1.000000000000000000e+00 1.000000000000000000e+00 1.000000000000000000e+00 1.000000000000000000e+00 1.000000000000000000e+00 1.000000000000000000e+00 1.000000000000000000e+00 1.000000000000000000e+00 1.000000000000000000e+00 1.000000000000000000e+00 1.000000000000000000e+00 1.000000000000000000e+00 1.000000000000000000e+00 1.000000000000000000e+00 1.000000000000000000e+00 1.000000000000000000e+00 1.000000000000000000e+00 1.000000000000000000e+00 1.000000000000000000e+00 1.000000000000000000e+00 1.000000000000000000e+00 1.000000000000000000e+00 1.000000000000000000e+00 1.000000000000000000e+00 1.000000000000000000e+00 1.000000000000000000e+00 1.000000000000000000e+00 1.000000000000000000e+00 1.000000000000000000e+00 1.000000000000000000e+00 1.000000000000000000e+00 1.000000000000000000e+00 1.000000000000000000e+00 1.000000000000000000e+00 1.000000000000000000e+00 1.000000000000000000e+00
0.000000000000000000e+00 0.000000000000000000e+00 0.000000000000000000e+00 0.000000000000000000e+00 0.000000000000000000e+00 0.000000000000000000e+00 0.000000000000000000e+00 0.000000000000000000e+00 0.000000000000000000e+00 0.000000000000000000e+00 0.000000000000000000e+00 0.000000000000000000e+00 0.000000000000000000e+00 0.000000000000000000e+00 0.000000000000000000e+00 0.000000000000000000e+00 0.000000000000000000e+00 0.000000000000000000e+00 0.000000000000000000e+00 0.000000000000000000e+00 0.000000000000000000e+00 0.000000000000000000e+00 0.000000000000000000e+00 0.000000000000000000e+00 0.000000000000000000e+00 0.000000000000000000e+00 0.000000000000000000e+00 0.000000000000000000e+00 0.000000000000000000e+00 0.000000000000000000e+00 0.000000000000000000e+00 0.000000000000000000e+00 0.000000000000000000e+00 0.000000000000000000e+00 0.000000000000000000e+00 0.000000000000000000e+00 0.000000000000000000e+00 0.000000000000000000e+00 0.000000000000000000e+00 0.000000000000000000e+00 0.000000000000000000e+00 0.000000000000000000e+00 0.000000000000000000e+00 0.000000000000000000e+00 0.000000000000000000e+00 0.000000000000000000e+00 0.000000000000000000e+00 5.125217987814653743e-227 6.864638544603261754e-98 6.570564076040910141e-23 9.186625067367958364e-01 1.000000000000000000e+00 1.000000000000000000e+00 1.000000000000000000e+00 1.000000000000000000e+00 1.000000000000000000e+00 1.000000000000000000e+00 1.000000000000000000e+00 1.000000000000000000e+00 1.000000000000000000e+00 1.000000000000000000e+00 1.000000000000000000e+00 1.000000000000000000e+00 1.000000000000000000e+00 1.000000000000000000e+00 1.000000000000000000e+00 1.000000000000000000e+00 1.000000000000000000e+00 1.000000000000000000e+00 1.000000000000000000e+00 1.000000000000000000e+00 1.000000000000000000e+00 1.000000000000000000e+00 1.000000000000000000e+00 1.000000000000000000e+00 1.000000000000000000e+00 1.000000000000000000e+00 1.000000000000000000e+00 1.000000000000000000e+00 1.000000000000000000e+00 1.000000000000000000e+00 1.000000000000000000e+00 1.000000000000000000e+00 1.000000000000000000e+00 1.000000000000000000e+00 1.000000000000000000e+00 1.000000000000000000e+00 1.000000000000000000e+00 1.000000000000000000e+00 1.000000000000000000e+00 1.000000000000000000e+00 1.000000000000000000e+00 1.000000000000000000e+00 1.000000000000000000e+00 1.000000000000000000e+00 1.000000000000000000e+00 1.000000000000000000e+00 1.000000000000000000e+00 1.000000000000000000e+00 1.000000000000000000e+00
0.000000000000000000e+00 0.000000000000000000e+00 0.000000000000000000e+00 0.000000000000000000e+00 0.000000000000000000e+00 0.000000000000000000e+00 0.000000000000000000e+00 0.000000000000000000e+00 0.000000000000000000e+00 0.000000000000000000e+00 0.000000000000000000e+00 0.000000000000000000e+00 0.000000000000000000e+00 0.000000000000000000e+00 0.000000000000000000e+00 0.000000000000000000e+00 0.000000000000000000e+00 0.000000000000000000e+00 0.000000000000000000e+00 0.000000000000000000e+00 0.000000000000000000e+00 0.000000000000000000e+00 0.000000000000000000e+00 0.000000000000000000e+00 0.000000000000000000e+00 0.000000000000000000e+00 0.000000000000000000e+00 0.000000000000000000e+00 0.000000000000000000e+00 0.000000000000000000e+00 0.000000000000000000e+00 0.000000000000000000e+00 0.000000000000000000e+00 0.000000000000000000e+00 0.000000000000000000e+00 0.000000000000000000e+00 0.000000000000000000e+00 0.000000000000000000e+00 0.000000000000000000e+00 0.000000000000000000e+00 0.000000000000000000e+00 0.000000000000000000e+00 0.000000000000000000e+00 0.000000000000000000e+00 0.000000000000000000e+00 0.000000000000000000e+00 0.000000000000000000e+00 5.125217987814653743e-227 6.864638544603261754e-98 6.570564076040910141e-23 9.186625067367958364e-01 1.000000000000000000e+00 1.000000000000000000e+00 1.000000000000000000e+00 1.000000000000000000e+00 1.000000000000000000e+00 1.000000000000000000e+00 1.000000000000000000e+00 1.000000000000000000e+00 1.000000000000000000e+00 1.000000000000000000e+00 1.000000000000000000e+00 1.000000000000000000e+00 1.000000000000000000e+00 1.000000000000000000e+00 1.000000000000000000e+00 1.000000000000000000e+00 1.000000000000000000e+00 1.000000000000000000e+00 1.000000000000000000e+00 1.000000000000000000e+00 1.000000000000000000e+00 1.000000000000000000e+00 1.000000000000000000e+00 1.000000000000000000e+00 1.000000000000000000e+00 1.000000000000000000e+00 1.000000000000000000e+00 1.000000000000000000e+00 1.000000000000000000e+00 1.000000000000000000e+00 1.000000000000000000e+00 1.000000000000000000e+00 1.000000000000000000e+00 1.000000000000000000e+00 1.000000000000000000e+00 1.000000000000000000e+00 1.000000000000000000e+00 1.000000000000000000e+00 1.000000000000000000e+00 1.000000000000000000e+00 1.000000000000000000e+00 1.000000000000000000e+00 1.000000000000000000e+00 1.000000000000000000e+00 1.000000000000000000e+00 1.000000000000000000e+00 1.000000000000000000e+00 1.000000000000000000e+00 1.000000000000000000e+00
0.000000000000000000e+00 0.000000000000000000e+00 0.000000000000000000e+00 0.000000000000000000e+00 0.000000000000000000e+00 0.000000000000000000e+00 0.000000000000000000e+00 0.000000000000000000e+00 0.000000000000000000e+00 0.000000000000000000e+00 0.000000000000000000e+00 0.000000000000000000e+00 0.000000000000000000e+00 0.000000000000000000e+00 0.000000000000000000e+00 0.000000000000000000e+00 0.000000000000000000e+00 0.000000000000000000e+00 0.000000000000000000e+00 0.000000000000000000e+00 0.000000000000000000e+00 0.000000000000000000e+00 0.000000000000000000e+00 0.000000000000000000e+00 0.000000000000000000e+00 0.000000000000000000e+00 0.000000000000000000e+00 0.000000000000000000e+00 0.000000000000000000e+00 0.000000000000000000e+00 0.000000000000000000e+00 0.000000000000000000e+00 0.000000000000000000e+00 0.000000000000000000e+00 0.000000000000000000e+00 0.000000000000000000e+00 0.000000000000000000e+00 0.000000000000000000e+00 0.000000000000000000e+00 0.000000000000000000e+00 0.000000000000000000e+00 0.000000000000000000e+00 0.000000000000000000e+00 0.000000000000000000e+00 0.000000000000000000e+00 0.000000000000000000e+00 0.000000000000000000e+00 5.125217987814653743e-227 6.864638544603261754e-98 6.570564076040910141e-23 9.186625067367958364e-01 1.000000000000000000e+00 1.000000000000000000e+00 1.000000000000000000e+00 1.000000000000000000e+00 1.000000000000000000e+00 1.000000000000000000e+00 1.000000000000000000e+00 1.000000000000000000e+00 1.000000000000000000e+00 1.000000000000000000e+00 1.000000000000000000e+00 1.000000000000000000e+00 1.000000000000000000e+00 1.000000000000000000e+00 1.000000000000000000e+00 1.000000000000000000e+00 1.000000000000000000e+00 1.000000000000000000e+00 1.000000000000000000e+00 1.000000000000000000e+00 1.000000000000000000e+00 1.000000000000000000e+00 1.000000000000000000e+00 1.000000000000000000e+00 1.000000000000000000e+00 1.000000000000000000e+00 1.000000000000000000e+00 1.000000000000000000e+00 1.000000000000000000e+00 1.000000000000000000e+00 1.000000000000000000e+00 1.000000000000000000e+00 1.000000000000000000e+00 1.000000000000000000e+00 1.000000000000000000e+00 1.000000000000000000e+00 1.000000000000000000e+00 1.000000000000000000e+00 1.000000000000000000e+00 1.000000000000000000e+00 1.000000000000000000e+00 1.000000000000000000e+00 1.000000000000000000e+00 1.000000000000000000e+00 1.000000000000000000e+00 1.000000000000000000e+00 1.000000000000000000e+00 1.000000000000000000e+00 1.000000000000000000e+00
0.000000000000000000e+00 0.000000000000000000e+00 0.000000000000000000e+00 0.000000000000000000e+00 0.000000000000000000e+00 0.000000000000000000e+00 0.000000000000000000e+00 0.000000000000000000e+00 0.000000000000000000e+00 0.000000000000000000e+00 0.000000000000000000e+00 0.000000000000000000e+00 0.000000000000000000e+00 0.000000000000000000e+00 0.000000000000000000e+00 0.000000000000000000e+00 0.000000000000000000e+00 0.000000000000000000e+00 0.000000000000000000e+00 0.000000000000000000e+00 0.000000000000000000e+00 0.000000000000000000e+00 0.000000000000000000e+00 0.000000000000000000e+00 0.000000000000000000e+00 0.000000000000000000e+00 0.000000000000000000e+00 0.000000000000000000e+00 0.000000000000000000e+00 0.000000000000000000e+00 0.000000000000000000e+00 0.000000000000000000e+00 0.000000000000000000e+00 0.000000000000000000e+00 0.000000000000000000e+00 0.000000000000000000e+00 0.000000000000000000e+00 0.000000000000000000e+00 0.000000000000000000e+00 0.000000000000000000e+00 0.000000000000000000e+00 0.000000000000000000e+00 0.000000000000000000e+00 0.000000000000000000e+00 0.000000000000000000e+00 0.000000000000000000e+00 0.000000000000000000e+00 5.125217987814653743e-227 6.864638544603261754e-98 6.570564076040910141e-23 9.186625067367958364e-01 1.000000000000000000e+00 1.000000000000000000e+00 1.000000000000000000e+00 1.000000000000000000e+00 1.000000000000000000e+00 1.000000000000000000e+00 1.000000000000000000e+00 1.000000000000000000e+00 1.000000000000000000e+00 1.000000000000000000e+00 1.000000000000000000e+00 1.000000000000000000e+00 1.000000000000000000e+00 1.000000000000000000e+00 1.000000000000000000e+00 1.000000000000000000e+00 1.000000000000000000e+00 1.000000000000000000e+00 1.000000000000000000e+00 1.000000000000000000e+00 1.000000000000000000e+00 1.000000000000000000e+00 1.000000000000000000e+00 1.000000000000000000e+00 1.000000000000000000e+00 1.000000000000000000e+00 1.000000000000000000e+00 1.000000000000000000e+00 1.000000000000000000e+00 1.000000000000000000e+00 1.000000000000000000e+00 1.000000000000000000e+00 1.000000000000000000e+00 1.000000000000000000e+00 1.000000000000000000e+00 1.000000000000000000e+00 1.000000000000000000e+00 1.000000000000000000e+00 1.000000000000000000e+00 1.000000000000000000e+00 1.000000000000000000e+00 1.000000000000000000e+00 1.000000000000000000e+00 1.000000000000000000e+00 1.000000000000000000e+00 1.000000000000000000e+00 1.000000000000000000e+00 1.000000000000000000e+00 1.000000000000000000e+00
0.000000000000000000e+00 0.000000000000000000e+00 0.000000000000000000e+00 0.000000000000000000e+00 0.000000000000000000e+00 0.000000000000000000e+00 0.000000000000000000e+00 0.000000000000000000e+00 0.000000000000000000e+00 0.000000000000000000e+00 0.000000000000000000e+00 0.000000000000000000e+00 0.000000000000000000e+00 0.000000000000000000e+00 0.000000000000000000e+00 0.000000000000000000e+00 0.000000000000000000e+00 0.000000000000000000e+00 0.000000000000000000e+00 0.000000000000000000e+00 0.000000000000000000e+00 0.000000000000000000e+00 0.000000000000000000e+00 0.000000000000000000e+00 0.000000000000000000e+00 0.000000000000000000e+00 0.000000000000000000e+00 0.000000000000000000e+00 0.000000000000000000e+00 0.000000000000000000e+00 0.000000000000000000e+00 0.000000000000000000e+00 0.000000000000000000e+00 0.000000000000000000e+00 0.000000000000000000e+00 0.000000000000000000e+00 0.000000000000000000e+00 0.000000000000000000e+00 0.000000000000000000e+00 0.000000000000000000e+00 0.000000000000000000e+00 0.000000000000000000e+00 0.000000000000000000e+00 0.000000000000000000e+00 0.000000000000000000e+00 0.000000000000000000e+00 0.000000000000000000e+00 5.125217987814653743e-227 6.864638544603261754e-98 6.570564076040910141e-23 9.186625067367958364e-01 1.000000000000000000e+00 1.000000000000000000e+00 1.000000000000000000e+00 1.000000000000000000e+00 1.000000000000000000e+00 1.000000000000000000e+00 1.000000000000000000e+00 1.000000000000000000e+00 1.000000000000000000e+00 1.000000000000000000e+00 1.000000000000000000e+00 1.000000000000000000e+00 1.000000000000000000e+00 1.000000000000000000e+00 1.000000000000000000e+00 1.000000000000000000e+00 1.000000000000000000e+00 1.000000000000000000e+00 1.000000000000000000e+00 1.000000000000000000e+00 1.000000000000000000e+00 1.000000000000000000e+00 1.000000000000000000e+00 1.000000000000000000e+00 1.000000000000000000e+00 1.000000000000000000e+00 1.000000000000000000e+00 1.000000000000000000e+00 1.000000000000000000e+00 1.000000000000000000e+00 1.000000000000000000e+00 1.000000000000000000e+00 1.000000000000000000e+00 1.000000000000000000e+00 1.000000000000000000e+00 1.000000000000000000e+00 1.000000000000000000e+00 1.000000000000000000e+00 1.000000000000000000e+00 1.000000000000000000e+00 1.000000000000000000e+00 1.000000000000000000e+00 1.000000000000000000e+00 1.000000000000000000e+00 1.000000000000000000e+00 1.000000000000000000e+00 1.000000000000000000e+00 1.000000000000000000e+00 1.000000000000000000e+00
0.000000000000000000e+00 0.000000000000000000e+00 0.000000000000000000e+00 0.000000000000000000e+00 0.000000000000000000e+00 0.000000000000000000e+00 0.000000000000000000e+00 0.000000000000000000e+00 0.000000000000000000e+00 0.000000000000000000e+00 0.000000000000000000e+00 0.000000000000000000e+00 0.000000000000000000e+00 0.000000000000000000e+00 0.000000000000000000e+00 0.000000000000000000e+00 0.000000000000000000e+00 0.000000000000000000e+00 0.000000000000000000e+00 0.000000000000000000e+00 0.000000000000000000e+00 0.000000000000000000e+00 0.000000000000000000e+00 0.000000000000000000e+00 0.000000000000000000e+00 0.000000000000000000e+00 0.000000000000000000e+00 0.000000000000000000e+00 0.000000000000000000e+00 0.000000000000000000e+00 0.000000000000000000e+00 0.000000000000000000e+00 0.000000000000000000e+00 0.000000000000000000e+00 0.000000000000000000e+00 0.000000000000000000e+00 0.000000000000000000e+00 0.000000000000000000e+00 0.000000000000000000e+00 0.000000000000000000e+00 0.000000000000000000e+00 0.000000000000000000e+00 0.000000000000000000e+00 0.000000000000000000e+00 0.000000000000000000e+00 0.000000000000000000e+00 0.000000000000000000e+00 5.125217987814653743e-227 6.864638544603261754e-98 6.570564076040910141e-23 9.186625067367958364e-01 1.000000000000000000e+00 1.000000000000000000e+00 1.000000000000000000e+00 1.000000000000000000e+00 1.000000000000000000e+00 1.000000000000000000e+00 1.000000000000000000e+00 1.000000000000000000e+00 1.000000000000000000e+00 1.000000000000000000e+00 1.000000000000000000e+00 1.000000000000000000e+00 1.000000000000000000e+00 1.000000000000000000e+00 1.000000000000000000e+00 1.000000000000000000e+00 1.000000000000000000e+00 1.000000000000000000e+00 1.000000000000000000e+00 1.000000000000000000e+00 1.000000000000000000e+00 1.000000000000000000e+00 1.000000000000000000e+00 1.000000000000000000e+00 1.000000000000000000e+00 1.000000000000000000e+00 1.000000000000000000e+00 1.000000000000000000e+00 1.000000000000000000e+00 1.000000000000000000e+00 1.000000000000000000e+00 1.000000000000000000e+00 1.000000000000000000e+00 1.000000000000000000e+00 1.000000000000000000e+00 1.000000000000000000e+00 1.000000000000000000e+00 1.000000000000000000e+00 1.000000000000000000e+00 1.000000000000000000e+00 1.000000000000000000e+00 1.000000000000000000e+00 1.000000000000000000e+00 1.000000000000000000e+00 1.000000000000000000e+00 1.000000000000000000e+00 1.000000000000000000e+00 1.000000000000000000e+00 1.000000000000000000e+00
0.000000000000000000e+00 0.000000000000000000e+00 0.000000000000000000e+00 0.000000000000000000e+00 0.000000000000000000e+00 0.000000000000000000e+00 0.000000000000000000e+00 0.000000000000000000e+00 0.000000000000000000e+00 0.000000000000000000e+00 0.000000000000000000e+00 0.000000000000000000e+00 0.000000000000000000e+00 0.000000000000000000e+00 0.000000000000000000e+00 0.000000000000000000e+00 0.000000000000000000e+00 0.000000000000000000e+00 0.000000000000000000e+00 0.000000000000000000e+00 0.000000000000000000e+00 0.000000000000000000e+00 0.000000000000000000e+00 0.000000000000000000e+00 0.000000000000000000e+00 0.000000000000000000e+00 0.000000000000000000e+00 0.000000000000000000e+00 0.000000000000000000e+00 0.000000000000000000e+00 0.000000000000000000e+00 0.000000000000000000e+00 0.000000000000000000e+00 0.000000000000000000e+00 0.000000000000000000e+00 0.000000000000000000e+00 0.000000000000000000e+00 0.000000000000000000e+00 0.000000000000000000e+00 0.000000000000000000e+00 0.000000000000000000e+00 0.000000000000000000e+00 0.000000000000000000e+00 0.000000000000000000e+00 0.000000000000000000e+00 0.000000000000000000e+00 0.000000000000000000e+00 5.125217987814653743e-227 6.864638544603261754e-98 6.570564076040910141e-23 9.186625067367958364e-01 1.000000000000000000e+00 1.000000000000000000e+00 1.000000000000000000e+00 1.000000000000000000e+00 1.000000000000000000e+00 1.000000000000000000e+00 1.000000000000000000e+00 1.000000000000000000e+00 1.000000000000000000e+00 1.000000000000000000e+00 1.000000000000000000e+00 1.000000000000000000e+00 1.000000000000000000e+00 1.000000000000000000e+00 1.000000000000000000e+00 1.000000000000000000e+00 1.000000000000000000e+00 1.000000000000000000e+00 1.000000000000000000e+00 1.000000000000000000e+00 1.000000000000000000e+00 1.000000000000000000e+00 1.000000000000000000e+00 1.000000000000000000e+00 1.000000000000000000e+00 1.000000000000000000e+00 1.000000000000000000e+00 1.000000000000000000e+00 1.000000000000000000e+00 1.000000000000000000e+00 1.000000000000000000e+00 1.000000000000000000e+00 1.000000000000000000e+00 1.000000000000000000e+00 1.000000000000000000e+00 1.000000000000000000e+00 1.000000000000000000e+00 1.000000000000000000e+00 1.000000000000000000e+00 1.000000000000000000e+00 1.000000000000000000e+00 1.000000000000000000e+00 1.000000000000000000e+00 1.000000000000000000e+00 1.000000000000000000e+00 1.000000000000000000e+00 1.000000000000000000e+00 1.000000000000000000e+00 1.000000000000000000e+00
0.000000000000000000e+00 0.000000000000000000e+00 0.000000000000000000e+00 0.000000000000000000e+00 0.000000000000000000e+00 0.000000000000000000e+00 0.000000000000000000e+00 0.000000000000000000e+00 0.000000000000000000e+00 0.000000000000000000e+00 0.000000000000000000e+00 0.000000000000000000e+00 0.000000000000000000e+00 0.000000000000000000e+00 0.000000000000000000e+00 0.000000000000000000e+00 0.000000000000000000e+00 0.000000000000000000e+00 0.000000000000000000e+00 0.000000000000000000e+00 0.000000000000000000e+00 0.000000000000000000e+00 0.000000000000000000e+00 0.000000000000000000e+00 0.000000000000000000e+00 0.000000000000000000e+00 0.000000000000000000e+00 0.000000000000000000e+00 0.000000000000000000e+00 0.000000000000000000e+00 0.000000000000000000e+00 0.000000000000000000e+00 0.000000000000000000e+00 0.000000000000000000e+00 0.000000000000000000e+00 0.000000000000000000e+00 0.000000000000000000e+00 0.000000000000000000e+00 0.000000000000000000e+00 0.000000000000000000e+00 0.000000000000000000e+00 0.000000000000000000e+00 0.000000000000000000e+00 0.000000000000000000e+00 0.000000000000000000e+00 0.000000000000000000e+00 0.000000000000000000e+00 8.120048628846545665e-227 8.355952489406299896e-98 6.863360632075961307e-23 9.185819777876311765e-01 1.000000000000000000e+00 1.000000000000000000e+00 1.000000000000000000e+00 1.000000000000000000e+00 1.000000000000000000e+00 1.000000000000000000e+00 1.000000000000000000e+00 1.000000000000000000e+00 1.000000000000000000e+00 1.000000000000000000e+00 1.000000000000000000e+00 1.000000000000000000e+00 1.000000000000000000e+00 1.000000000000000000e+00 1.000000000000000000e+00 1.000000000000000000e+00 1.000000000000000000e+00 1.000000000000000000e+00 1.000000000000000000e+00 1.000000000000000000e+00 1.000000000000000000e+00 1.000000000000000000e+00 1.000000000000000000e+00 1.000000000000000000e+00 1.000000000000000000e+00 1.000000000000000000e+00 1.000000000000000000e+00 1.000000000000000000e+00 1.000000000000000000e+00 1.000000000000000000e+00 1.000000000000000000e+00 1.000000000000000000e+00 1.000000000000000000e+00 1.000000000000000000e+00 1.000000000000000000e+00 1.000000000000000000e+00 1.000000000000000000e+00 1.000000000000000000e+00 1.000000000000000000e+00 1.000000000000000000e+00 1.000000000000000000e+00 1.000000000000000000e+00 1.000000000000000000e+00 1.000000000000000000e+00 1.000000000000000000e+00 1.000000000000000000e+00 1.000000000000000000e+00 1.000000000000000000e+00 1.000000000000000000e+00
0.000000000000000000e+00 0.000000000000000000e+00 0.000000000000000000e+00 0.000000000000000000e+00 0.000000000000000000e+00 0.000000000000000000e+00 0.000000000000000000e+00 0.000000000000000000e+00 0.000000000000000000e+00 0.000000000000000000e+00 0.000000000000000000e+00 0.000000000000000000e+00 0.000000000000000000e+00 0.000000000000000000e+00 0.000000000000000000e+00 0.000000000000000000e+00 0.000000000000000000e+00 0.000000000000000000e+00 0.000000000000000000e+00 0.000000000000000000e+00 0.000000000000000000e+00 0.000000000000000000e+00 0.000000000000000000e+00 0.000000000000000000e+00 0.000000000000000000e+00 0.000000000000000000e+00 0.000000000000000000e+00 0.000000000000000000e+00 0.000000000000000000e+00 0.000000000000000000e+00 0.000000000000000000e+00 0.000000000000000000e+00 0.000000000000000000e+00 0.000000000000000000e+00 0.000000000000000000e+00 0.000000000000000000e+00 0.000000000000000000e+00 0.000000000000000000e+00 0.000000000000000000e+00 0.000000000000000000e+00 0.000000000000000000e+00 0.000000000000000000e+00 0.000000000000000000e+00 0.000000000000000000e+00 0.000000000000000000e+00 0.000000000000000000e+00 0.000000000000000000e+00 1.099896408664914006e-225 2.543247159203361569e-97 8.783025327592161359e-23 9.181175440144569988e-01 1.000000000000000000e+00 1.000000000000000000e+00 1.000000000000000000e+00 1.000000000000000000e+00 1.000000000000000000e+00 1.000000000000000000e+00 1.000000000000000000e+00 1.000000000000000000e+00 1.000000000000000000e+00 1.000000000000000000e+00 1.000000000000000000e+00 1.000000000000000000e+00 1.000000000000000000e+00 1.000000000000000000e+00 1.000000000000000000e+00 1.000000000000000000e+00 1.000000000000000000e+00 1.000000000000000000e+00 1.000000000000000000e+00 1.000000000000000000e+00 1.000000000000000000e+00 1.000000000000000000e+00 1.000000000000000000e+00 1.000000000000000000e+00 1.000000000000000000e+00 1.000000000000000000e+00 1.000000000000000000e+00 1.000000000000000000e+00 1.000000000000000000e+00 1.000000000000000000e+00 1.000000000000000000e+00 1.000000000000000000e+00 1.000000000000000000e+00 1.000000000000000000e+00 1.000000000000000000e+00 1.000000000000000000e+00 1.000000000000000000e+00 1.000000000000000000e+00 1.000000000000000000e+00 1.000000000000000000e+00 1.000000000000000000e+00 1.000000000000000000e+00 1.000000000000000000e+00 1.000000000000000000e+00 1.000000000000000000e+00 1.000000000000000000e+00 1.000000000000000000e+00 1.000000000000000000e+00 1.000000000000000000e+00
0.000000000000000000e+00 0.000000000000000000e+00 0.000000000000000000e+00 0.000000000000000000e+00 0.000000000000000000e+00 0.000000000000000000e+00 0.000000000000000000e+00 0.000000000000000000e+00 0.000000000000000000e+00 0.000000000000000000e+00 0.000000000000000000e+00 0.000000000000000000e+00 0.000000000000000000e+00 0.000000000000000000e+00 0.000000000000000000e+00 0.000000000000000000e+00 0.000000000000000000e+00 0.000000000000000000e+00 0.000000000000000000e+00 0.000000000000000000e+00 0.000000000000000000e+00 0.000000000000000000e+00 0.000000000000000000e+00 0.000000000000000000e+00 0.000000000000000000e+00 0.000000000000000000e+00 0.000000000000000000e+00 0.000000000000000000e+00 0.000000000000000000e+00 0.000000000000000000e+00 0.000000000000000000e+00 0.000000000000000000e+00 0.000000000000000000e+00 0.000000000000000000e+00 0.000000000000000000e+00 0.000000000000000000e+00 0.000000000000000000e+00 0.000000000000000000e+00 0.000000000000000000e+00 0.000000000000000000e+00 0.000000000000000000e+00 0.000000000000000000e+00 0.000000000000000000e+00 0.000000000000000000e+00 0.000000000000000000e+00 0.000000000000000000e+00 0.000000000000000000e+00 6.946155380938654618e-224 1.494063685822403706e-96 1.300330280455411167e-22 9.173735722134598314e-01 1.000000000000000000e+00 1.000000000000000000e+00 1.000000000000000000e+00 1.000000000000000000e+00 1.000000000000000000e+00 1.000000000000000000e+00 1.000000000000000000e+00 1.000000000000000000e+00 1.000000000000000000e+00 1.000000000000000000e+00 1.000000000000000000e+00 1.000000000000000000e+00 1.000000000000000000e+00 1.000000000000000000e+00 1.000000000000000000e+00 1.000000000000000000e+00 1.000000000000000000e+00 1.000000000000000000e+00 1.000000000000000000e+00 1.000000000000000000e+00 1.000000000000000000e+00 1.000000000000000000e+00 1.000000000000000000e+00 1.000000000000000000e+00 1.000000000000000000e+00 1.000000000000000000e+00 1.000000000000000000e+00 1.000000000000000000e+00 1.000000000000000000e+00 1.000000000000000000e+00 1.000000000000000000e+00 1.000000000000000000e+00 1.000000000000000000e+00 1.000000000000000000e+00 1.000000000000000000e+00 1.000000000000000000e+00 1.000000000000000000e+00 1.000000000000000000e+00 1.000000000000000000e+00 1.000000000000000000e+00 1.000000000000000000e+00 1.000000000000000000e+00 1.000000000000000000e+00 1.000000000000000000e+00 1.000000000000000000e+00 1.000000000000000000e+00 1.000000000000000000e+00 1.000000000000000000e+00 1.000000000000000000e+00
0.000000000000000000e+00 0.000000000000000000e+00 0.000000000000000000e+00 0.000000000000000000e+00 0.000000000000000000e+00 0.000000000000000000e+00 0.000000000000000000e+00 0.000000000000000000e+00 0.000000000000000000e+00 0.000000000000000000e+00 0.000000000000000000e+00 0.000000000000000000e+00 0.000000000000000000e+00 0.000000000000000000e+00 0.000000000000000000e+00 0.000000000000000000e+00 0.000000000000000000e+00 0.000000000000000000e+00 0.000000000000000000e+00 0.000000000000000000e+00 0.000000000000000000e+00 0.000000000000000000e+00 0.000000000000000000e+00 0.000000000000000000e+00 0.000000000000000000e+00 0.000000000000000000e+00 0.000000000000000000e+00 0.000000000000000000e+00 0.000000000000000000e+00 0.000000000000000000e+00 0.000000000000000000e+00 0.000000000000000000e+00 0.000000000000000000e+00 0.000000000000000000e+00 0.000000000000000000e+00 0.000000000000000000e+00 0.000000000000000000e+00 0.000000000000000000e+00 0.000000000000000000e+00 0.000000000000000000e+00 0.000000000000000000e+00 0.000000000000000000e+00 0.000000000000000000e+00 0.000000000000000000e+00 0.000000000000000000e+00 0.000000000000000000e+00 0.000000000000000000e+00 9.541447477322965661e-221 3.270880502436251673e-95 2.577033910137584827e-22 9.160602944835025685e-01 1.000000000000000000e+00 1.000000000000000000e+00 1.000000000000000000e+00 1.000000000000000000e+00 1.000000000000000000e+00 1.000000000000000000e+00 1.000000000000000000e+00 1.000000000000000000e+00 1.000000000000000000e+00 1.000000000000000000e+00 1.000000000000000000e+00 1.000000000000000000e+00 1.000000000000000000e+00 1.000000000000000000e+00 1.000000000000000000e+00 1.000000000000000000e+00 1.000000000000000000e+00 1.000000000000000000e+00 1.000000000000000000e+00 1.000000000000000000e+00 1.000000000000000000e+00 1.000000000000000000e+00 1.000000000000000000e+00 1.000000000000000000e+00 1.000000000000000000e+00 1.000000000000000000e+00 1.000000000000000000e+00 1.000000000000000000e+00 1.000000000000000000e+00 1.000000000000000000e+00 1.000000000000000000e+00 1.000000000000000000e+00 1.000000000000000000e+00 1.000000000000000000e+00 1.000000000000000000e+00 1.000000000000000000e+00 1.000000000000000000e+00 1.000000000000000000e+00 1.000000000000000000e+00 1.000000000000000000e+00 1.000000000000000000e+00 1.000000000000000000e+00 1.000000000000000000e+00 1.000000000000000000e+00 1.000000000000000000e+00 1.000000000000000000e+00 1.000000000000000000e+00 1.000000000000000000e+00 1.000000000000000000e+00
0.000000000000000000e+00 0.000000000000000000e+00 0.000000000000000000e+00 0.000000000000000000e+00 0.000000000000000000e+00 0.000000000000000000e+00 0.000000000000000000e+00 0.000000000000000000e+00 0.000000000000000000e+00 0.000000000000000000e+00 0.000000000000000000e+00 0.000000000000000000e+00 0.000000000000000000e+00 0.000000000000000000e+00 0.000000000000000000e+00 0.000000000000000000e+00 0.000000000000000000e+00 0.000000000000000000e+00 0.000000000000000000e+00 0.000000000000000000e+00 0.000000000000000000e+00 0.000000000000000000e+00 0.000000000000000000e+00 0.000000000000000000e+00 0.000000000000000000e+00 0.000000000000000000e+00 0.000000000000000000e+00 0.000000000000000000e+00 0.000000000000000000e+00 0.000000000000000000e+00 0.000000000000000000e+00 0.000000000000000000e+00 0.000000000000000000e+00 0.000000000000000000e+00 0.000000000000000000e+00 0.000000000000000000e+00 0.000000000000000000e+00 0.000000000000000000e+00 0.000000000000000000e+00 0.000000000000000000e+00 0.000000000000000000e+00 0.000000000000000000e+00 0.000000000000000000e+00 0.000000000000000000e+00 0.000000000000000000e+00 0.000000000000000000e+00 0.000000000000000000e+00 4.283876868288318761e-215 8.493003270573729740e-93 8.838677731722936330e-22 9.136379559190097588e-01 1.000000000000000000e+00 1.000000000000000000e+00 1.000000000000000000e+00 1.000000000000000000e+00 1.000000000000000000e+00 1.000000000000000000e+00 1.000000000000000000e+00 1.000000000000000000e+00 1.000000000000000000e+00 1.000000000000000000e+00 1.000000000000000000e+00 1.000000000000000000e+00 1.000000000000000000e+00 1.000000000000000000e+00 1.000000000000000000e+00 1.000000000000000000e+00 1.000000000000000000e+00 1.000000000000000000e+00 1.000000000000000000e+00 1.000000000000000000e+00 1.000000000000000000e+00 1.000000000000000000e+00 1.000000000000000000e+00 1.000000000000000000e+00 1.000000000000000000e+00 1.000000000000000000e+00 1.000000000000000000e+00 1.000000000000000000e+00 1.000000000000000000e+00 1.000000000000000000e+00 1.000000000000000000e+00 1.000000000000000000e+00 1.000000000000000000e+00 1.000000000000000000e+00 1.000000000000000000e+00 1.000000000000000000e+00 1.000000000000000000e+00 1.000000000000000000e+00 1.000000000000000000e+00 1.000000000000000000e+00 1.000000000000000000e+00 1.000000000000000000e+00 1.000000000000000000e+00 1.000000000000000000e+00 1.000000000000000000e+00 1.000000000000000000e+00 1.000000000000000000e+00 1.000000000000000000e+00 1.000000000000000000e+00
0.000000000000000000e+00 0.000000000000000000e+00 0.000000000000000000e+00 0.000000000000000000e+00 0.000000000000000000e+00 0.000000000000000000e+00 0.000000000000000000e+00 0.000000000000000000e+00 0.000000000000000000e+00 0.000000000000000000e+00 0.000000000000000000e+00 0.000000000000000000e+00 0.000000000000000000e+00 0.000000000000000000e+00 0.000000000000000000e+00 0.000000000000000000e+00 0.000000000000000000e+00 0.000000000000000000e+00 0.000000000000000000e+00 0.000000000000000000e+00 0.000000000000000000e+00 0.000000000000000000e+00 0.000000000000000000e+00 0.000000000000000000e+00 0.000000000000000000e+00 0.000000000000000000e+00 0.000000000000000000e+00 0.000000000000000000e+00 0.000000000000000000e+00 0.000000000000000000e+00 0.000000000000000000e+00 0.000000000000000000e+00 0.000000000000000000e+00 0.000000000000000000e+00 0.000000000000000000e+00 0.000000000000000000e+00 0.000000000000000000e+00 0.000000000000000000e+00 0.000000000000000000e+00 0.000000000000000000e+00 0.000000000000000000e+00 0.000000000000000000e+00 0.000000000000000000e+00 0.000000000000000000e+00 0.000000000000000000e+00 0.000000000000000000e+00 0.000000000000000000e+00 1.185142656327351529e-204 2.453455080713063844e-88 8.624138899217089155e-21 9.089570796767592054e-01 1.000000000000000000e+00 1.000000000000000000e+00 1.000000000000000000e+00 1.000000000000000000e+00 1.000000000000000000e+00 1.000000000000000000e+00 1.000000000000000000e+00 1.000000000000000000e+00 1.000000000000000000e+00 1.000000000000000000e+00 1.000000000000000000e+00 1.000000000000000000e+00 1.000000000000000000e+00 1.000000000000000000e+00 1.000000000000000000e+00 1.000000000000000000e+00 1.000000000000000000e+00 1.000000000000000000e+00 1.000000000000000000e+00 1.000000000000000000e+00 1.000000000000000000e+00 1.000000000000000000e+00 1.000000000000000000e+00 1.000000000000000000e+00 1.000000000000000000e+00 1.000000000000000000e+00 1.000000000000000000e+00 1.000000000000000000e+00 1.000000000000000000e+00 1.000000000000000000e+00 1.000000000000000000e+00 1.000000000000000000e+00 1.000000000000000000e+00 1.000000000000000000e+00 1.000000000000000000e+00 1.000000000000000000e+00 1.000000000000000000e+00 1.000000000000000000e+00 1.000000000000000000e+00 1.000000000000000000e+00 1.000000000000000000e+00 1.000000000000000000e+00 1.000000000000000000e+00 1.000000000000000000e+00 1.000000000000000000e+00 1.000000000000000000e+00 1.000000000000000000e+00 1.000000000000000000e+00 1.000000000000000000e+00
0.000000000000000000e+00 0.000000000000000000e+00 0.000000000000000000e+00 0.000000000000000000e+00 0.000000000000000000e+00 0.000000000000000000e+00 0.000000000000000000e+00 0.000000000000000000e+00 0.000000000000000000e+00 0.000000000000000000e+00 0.000000000000000000e+00 0.000000000000000000e+00 0.000000000000000000e+00 0.000000000000000000e+00 0.000000000000000000e+00 0.000000000000000000e+00 0.000000000000000000e+00 0.000000000000000000e+00 0.000000000000000000e+00 0.000000000000000000e+00 0.000000000000000000e+00 0.000000000000000000e+00 0.000000000000000000e+00 0.000000000000000000e+00 0.000000000000000000e+00 0.000000000000000000e+00 0.000000000000000000e+00 0.000000000000000000e+00 0.000000000000000000e+00 0.000000000000000000e+00 0.000000000000000000e+00 0.000000000000000000e+00 0.000000000000000000e+00 0.000000000000000000e+00 0.000000000000000000e+00 0.000000000000000000e+00 0.000000000000000000e+00 0.000000000000000000e+00 0.000000000000000000e+00 0.000000000000000000e+00 0.000000000000000000e+00 0.000000000000000000e+00 0.000000000000000000e+00 0.000000000000000000e+00 0.000000000000000000e+00 0.000000000000000000e+00 0.000000000000000000e+00 2.191548896153077691e-185 4.186419501130034187e-80 5.794218239704791933e-19 8.995640640545865541e-01 1.000000000000000000e+00 1.000000000000000000e+00 1.000000000000000000e+00 1.000000000000000000e+00 1.000000000000000000e+00 1.000000000000000000e+00 1.000000000000000000e+00 1.000000000000000000e+00 1.000000000000000000e+00 1.000000000000000000e+00 1.000000000000000000e+00 1.000000000000000000e+00 1.000000000000000000e+00 1.000000000000000000e+00 1.000000000000000000e+00 1.000000000000000000e+00 1.000000000000000000e+00 1.000000000000000000e+00 1.000000000000000000e+00 1.000000000000000000e+00 1.000000000000000000e+00 1.000000000000000000e+00 1.000000000000000000e+00 1.000000000000000000e+00 1.000000000000000000e+00 1.000000000000000000e+00 1.000000000000000000e+00 1.000000000000000000e+00 1.000000000000000000e+00 1.000000000000000000e+00 1.000000000000000000e+00 1.000000000000000000e+00 1.000000000000000000e+00 1.000000000000000000e+00 1.000000000000000000e+00 1.000000000000000000e+00 1.000000000000000000e+00 1.000000000000000000e+00 1.000000000000000000e+00 1.000000000000000000e+00 1.000000000000000000e+00 1.000000000000000000e+00 1.000000000000000000e+00 1.000000000000000000e+00 1.000000000000000000e+00 1.000000000000000000e+00 1.000000000000000000e+00 1.000000000000000000e+00 1.000000000000000000e+00
0.000000000000000000e+00 0.000000000000000000e+00 0.000000000000000000e+00 0.000000000000000000e+00 0.000000000000000000e+00 0.000000000000000000e+00 0.000000000000000000e+00 0.000000000000000000e+00 0.000000000000000000e+00 0.000000000000000000e+00 0.000000000000000000e+00 0.000000000000000000e+00 0.000000000000000000e+00 0.000000000000000000e+00 0.000000000000000000e+00 0.000000000000000000e+00 0.000000000000000000e+00 0.000000000000000000e+00 0.000000000000000000e+00 0.000000000000000000e+00 0.000000000000000000e+00 0.000000000000000000e+00 0.000000000000000000e+00 0.000000000000000000e+00 0.000000000000000000e+00 0.000000000000000000e+00 0.000000000000000000e+00 0.000000000000000000e+00 0.000000000000000000e+00 0.000000000000000000e+00 0.000000000000000000e+00 0.000000000000000000e+00 0.000000000000000000e+00 0.000000000000000000e+00 0.000000000000000000e+00 0.000000000000000000e+00 0.000000000000000000e+00 0.000000000000000000e+00 0.000000000000000000e+00 0.000000000000000000e+00 0.000000000000000000e+00 0.000000000000000000e+00 0.000000000000000000e+00 0.000000000000000000e+00 0.000000000000000000e+00 0.000000000000000000e+00 3.187311504800344840e-273 2.285000983851233703e-151 1.448271346916125345e-65 9.896796442319746917e-16 8.801459323414142499e-01 1.000000000000000000e+00 1.000000000000000000e+00 1.000000000000000000e+00 1.000000000000000000e+00 1.000000000000000000e+00 1.000000000000000000e+00 1.000000000000000000e+00 1.000000000000000000e+00 1.000000000000000000e+00 1.000000000000000000e+00 1.000000000000000000e+00 1.000000000000000000e+00 1.000000000000000000e+00 1.000000000000000000e+00 1.000000000000000000e+00 1.000000000000000000e+00 1.000000000000000000e+00 1.000000000000000000e+00 1.000000000000000000e+00 1.000000000000000000e+00 1.000000000000000000e+00 1.000000000000000000e+00 1.000000000000000000e+00 1.000000000000000000e+00 1.000000000000000000e+00 1.000000000000000000e+00 1.000000000000000000e+00 1.000000000000000000e+00 1.000000000000000000e+00 1.000000000000000000e+00 1.000000000000000000e+00 1.000000000000000000e+00 1.000000000000000000e+00 1.000000000000000000e+00 1.000000000000000000e+00 1.000000000000000000e+00 1.000000000000000000e+00 1.000000000000000000e+00 1.000000000000000000e+00 1.000000000000000000e+00 1.000000000000000000e+00 1.000000000000000000e+00 1.000000000000000000e+00 1.000000000000000000e+00 1.000000000000000000e+00 1.000000000000000000e+00 1.000000000000000000e+00 1.000000000000000000e+00 1.000000000000000000e+00
0.000000000000000000e+00 0.000000000000000000e+00 0.000000000000000000e+00 0.000000000000000000e+00 0.000000000000000000e+00 0.000000000000000000e+00 0.000000000000000000e+00 0.000000000000000000e+00 0.000000000000000000e+00 0.000000000000000000e+00 0.000000000000000000e+00 0.000000000000000000e+00 0.000000000000000000e+00 0.000000000000000000e+00 0.000000000000000000e+00 0.000000000000000000e+00 0.000000000000000000e+00 0.000000000000000000e+00 0.000000000000000000e+00 0.000000000000000000e+00 0.000000000000000000e+00 0.000000000000000000e+00 0.000000000000000000e+00 0.000000000000000000e+00 0.000000000000000000e+00 0.000000000000000000e+00 0.000000000000000000e+00 0.000000000000000000e+00 0.000000000000000000e+00 0.000000000000000000e+00 0.000000000000000000e+00 0.000000000000000000e+00 0.000000000000000000e+00 0.000000000000000000e+00 0.000000000000000000e+00 0.000000000000000000e+00 0.000000000000000000e+00 0.000000000000000000e+00 0.000000000000000000e+00 0.000000000000000000e+00 0.000000000000000000e+00 0.000000000000000000e+00 0.000000000000000000e+00 0.000000000000000000e+00 0.000000000000000000e+00 2.597865606334647601e-288 7.424191745509854410e-183 1.655740158129024863e-101 3.057500270750805102e-44 5.689138420943471329e-11 8.432039608303210088e-01 1.000000000000000000e+00 1.000000000000000000e+00 1.000000000000000000e+00 1.000000000000000000e+00 1.000000000000000000e+00 1.000000000000000000e+00 1.000000000000000000e+00 1.000000000000000000e+00 1.000000000000000000e+00 1.000000000000000000e+00 1.000000000000000000e+00 1.000000000000000000e+00 1.000000000000000000e+00 1.000000000000000000e+00 1.000000000000000000e+00 1.000000000000000000e+00 1.000000000000000000e+00 1.000000000000000000e+00 1.000000000000000000e+00 1.000000000000000000e+00 1.000000000000000000e+00 1.000000000000000000e+00 1.000000000000000000e+00 1.000000000000000000e+00 1.000000000000000000e+00 1.000000000000000000e+00 1.000000000000000000e+00 1.000000000000000000e+00 1.000000000000000000e+00 1.000000000000000000e+00 1.000000000000000000e+00 1.000000000000000000e+00 1.000000000000000000e+00 1.000000000000000000e+00 1.000000000000000000e+00 1.000000000000000000e+00 1.000000000000000000e+00 1.000000000000000000e+00 1.000000000000000000e+00 1.000000000000000000e+00 1.000000000000000000e+00 1.000000000000000000e+00 1.000000000000000000e+00 1.000000000000000000e+00 1.000000000000000000e+00 1.000000000000000000e+00 1.000000000000000000e+00 1.000000000000000000e+00 1.000000000000000000e+00
0.000000000000000000e+00 0.000000000000000000e+00 0.000000000000000000e+00 0.000000000000000000e+00 0.000000000000000000e+00 0.000000000000000000e+00 0.000000000000000000e+00 0.000000000000000000e+00 0.000000000000000000e+00 0.000000000000000000e+00 0.000000000000000000e+00 0.000000000000000000e+00 0.000000000000000000e+00 0.000000000000000000e+00 0.000000000000000000e+00 0.000000000000000000e+00 0.000000000000000000e+00 0.000000000000000000e+00 0.000000000000000000e+00 0.000000000000000000e+00 0.000000000000000000e+00 0.000000000000000000e+00 0.000000000000000000e+00 0.000000000000000000e+00 0.000000000000000000e+00 0.000000000000000000e+00 0.000000000000000000e+00 0.000000000000000000e+00 0.000000000000000000e+00 0.000000000000000000e+00 0.000000000000000000e+00 0.000000000000000000e+00 0.000000000000000000e+00 0.000000000000000000e+00 0.000000000000000000e+00 0.000000000000000000e+00 0.000000000000000000e+00 0.000000000000000000e+00 0.000000000000000000e+00 0.000000000000000000e+00 0.000000000000000000e+00 0.000000000000000000e+00 0.000000000000000000e+00 3.142031552379796323e-294 3.312548611745517639e-215 1.298779972113735834e-148 1.919726479446139966e-94 1.097731487798443313e-52 2.576002790918778753e-23 3.003892660824147601e-06 7.957182212506537233e-01 9.999999996773806243e-01 1.000000000000000000e+00 1.000000000000000000e+00 1.000000000000000000e+00 1.000000000000000000e+00 1.000000000000000000e+00 1.000000000000000000e+00 1.000000000000000000e+00 1.000000000000000000e+00 1.000000000000000000e+00 1.000000000000000000e+00 1.000000000000000000e+00 1.000000000000000000e+00 1.000000000000000000e+00 1.000000000000000000e+00 1.000000000000000000e+00 1.000000000000000000e+00 1.000000000000000000e+00 1.000000000000000000e+00 1.000000000000000000e+00 1.000000000000000000e+00 1.000000000000000000e+00 1.000000000000000000e+00 1.000000000000000000e+00 1.000000000000000000e+00 1.000000000000000000e+00 1.000000000000000000e+00 1.000000000000000000e+00 1.000000000000000000e+00 1.000000000000000000e+00 1.000000000000000000e+00 1.000000000000000000e+00 1.000000000000000000e+00 1.000000000000000000e+00 1.000000000000000000e+00 1.000000000000000000e+00 1.000000000000000000e+00 1.000000000000000000e+00 1.000000000000000000e+00 1.000000000000000000e+00 1.000000000000000000e+00 1.000000000000000000e+00 1.000000000000000000e+00 1.000000000000000000e+00 1.000000000000000000e+00 1.000000000000000000e+00 1.000000000000000000e+00 1.000000000000000000e+00 1.000000000000000000e+00
0.000000000000000000e+00 0.000000000000000000e+00 0.000000000000000000e+00 0.000000000000000000e+00 0.000000000000000000e+00 0.000000000000000000e+00 0.000000000000000000e+00 0.000000000000000000e+00 0.000000000000000000e+00 0.000000000000000000e+00 0.000000000000000000e+00 0.000000000000000000e+00 0.000000000000000000e+00 0.000000000000000000e+00 0.000000000000000000e+00 0.000000000000000000e+00 0.000000000000000000e+00 0.000000000000000000e+00 0.000000000000000000e+00 0.000000000000000000e+00 0.000000000000000000e+00 0.000000000000000000e+00 0.000000000000000000e+00 0.000000000000000000e+00 0.000000000000000000e+00 0.000000000000000000e+00 0.000000000000000000e+00 0.000000000000000000e+00 0.000000000000000000e+00 0.000000000000000000e+00 0.000000000000000000e+00 0.000000000000000000e+00 0.000000000000000000e+00 0.000000000000000000e+00 0.000000000000000000e+00 0.000000000000000000e+00 0.000000000000000000e+00 0.000000000000000000e+00 0.000000000000000000e+00 2.824699350934328075e-295 1.825910900652054999e-243 1.097396388449743144e-196 6.147761104975057120e-155 3.221667525490066212e-118 1.587545192702051125e-86 7.416548774049419402e-60 3.330480426454622443e-38 1.475685950303896078e-21 6.843341718890692976e-10 3.979514096826451339e-03 7.738288247890854343e-01 9.999838656143091864e-01 9.999999999999802380e-01 1.000000000000000000e+00 1.000000000000000000e+00 1.000000000000000000e+00 1.000000000000000000e+00 1.000000000000000000e+00 1.000000000000000000e+00 1.000000000000000000e+00 1.000000000000000000e+00 1.000000000000000000e+00 1.000000000000000000e+00 1.000000000000000000e+00 1.000000000000000000e+00 1.000000000000000000e+00 1.000000000000000000e+00 1.000000000000000000e+00 1.000000000000000000e+00 1.000000000000000000e+00 1.000000000000000000e+00 1.000000000000000000e+00 1.000000000000000000e+00 1.000000000000000000e+00 1.000000000000000000e+00 1.000000000000000000e+00 1.000000000000000000e+00 1.000000000000000000e+00 1.000000000000000000e+00 1.000000000000000000e+00 1.000000000000000000e+00 1.000000000000000000e+00 1.000000000000000000e+00 1.000000000000000000e+00 1.000000000000000000e+00 1.000000000000000000e+00 1.000000000000000000e+00 1.000000000000000000e+00 1.000000000000000000e+00 1.000000000000000000e+00 1.000000000000000000e+00 1.000000000000000000e+00 1.000000000000000000e+00 1.000000000000000000e+00 1.000000000000000000e+00 1.000000000000000000e+00 1.000000000000000000e+00 1.000000000000000000e+00 1.000000000000000000e+00 1.000000000000000000e+00
0.000000000000000000e+00 0.000000000000000000e+00 0.000000000000000000e+00 0.000000000000000000e+00 0.000000000000000000e+00 0.000000000000000000e+00 0.000000000000000000e+00 0.000000000000000000e+00 0.000000000000000000e+00 0.000000000000000000e+00 0.000000000000000000e+00 0.000000000000000000e+00 0.000000000000000000e+00 0.000000000000000000e+00 0.000000000000000000e+00 0.000000000000000000e+00 0.000000000000000000e+00 0.000000000000000000e+00 0.000000000000000000e+00 0.000000000000000000e+00 0.000000000000000000e+00 0.000000000000000000e+00 0.000000000000000000e+00 0.000000000000000000e+00 0.000000000000000000e+00 0.000000000000000000e+00 0.000000000000000000e+00 0.000000000000000000e+00 0.000000000000000000e+00 0.000000000000000000e+00 1.017432755708169467e-312 1.006839571707230917e-281 2.344312003049472505e-252 1.284751519854839253e-224 1.657856932880621533e-198 5.039756776499604747e-174 3.611285841882729118e-151 6.104039724209583878e-130 2.435941951973478287e-110 2.297770716923801158e-92 5.130729665362313446e-76 2.717295061411662365e-61 3.422506494622069427e-48 1.029082380202255054e-36 7.428387081957598981e-27 1.298680776234316694e-18 5.581404349770083083e-12 6.064135852810409491e-07 1.770429300688759495e-03 1.637188974002407038e-01 8.309266413376588112e-01 9.981039345150843900e-01 9.999993244172326046e-01 9.999999999935250683e-01 1.000000000000000000e+00 1.000000000000000000e+00 1.000000000000000000e+00 1.000000000000000000e+00 1.000000000000000000e+00 1.000000000000000000e+00 1.000000000000000000e+00 1.000000000000000000e+00 1.000000000000000000e+00 1.000000000000000000e+00 1.000000000000000000e+00 1.000000000000000000e+00 1.000000000000000000e+00 1.000000000000000000e+00 1.000000000000000000e+00 1.000000000000000000e+00 1.000000000000000000e+00 1.000000000000000000e+00 1.000000000000000000e+00 1.000000000000000000e+00 1.000000000000000000e+00 1.000000000000000000e+00 1.000000000000000000e+00 1.000000000000000000e+00 1.000000000000000000e+00 1.000000000000000000e+00 1.000000000000000000e+00 1.000000000000000000e+00 1.000000000000000000e+00 1.000000000000000000e+00 1.000000000000000000e+00 1.000000000000000000e+00 1.000000000000000000e+00 1.000000000000000000e+00 1.000000000000000000e+00 1.000000000000000000e+00 1.000000000000000000e+00 1.000000000000000000e+00 1.000000000000000000e+00 1.000000000000000000e+00 1.000000000000000000e+00 1.000000000000000000e+00 1.000000000000000000e+00 1.000000000000000000e+00 1.000000000000000000e+00 1.000000000000000000e+00
0.000000000000000000e+00 0.000000000000000000e+00 0.000000000000000000e+00 0.000000000000000000e+00 0.000000000000000000e+00 0.000000000000000000e+00 0.000000000000000000e+00 1.472315624606914702e-320 2.140369246681560250e-305 1.328309278026320710e-290 3.518562099879489675e-276 3.978334762187884723e-262 1.920097466506768826e-248 3.955925755852855986e-235 3.479320322295014031e-222 1.306418312298904191e-209 2.094274615055895178e-197 1.433416917651668954e-185 4.189143731258173238e-174 5.227821570387156771e-163 2.786062779270527209e-152 6.341192841798850428e-142 6.164531811777957609e-132 2.559893721262410441e-122 4.541353111961744500e-113 3.442269997085829185e-104 1.114968999128198086e-95 1.543508565619919503e-87 9.134057461931516635e-80 2.311099923308865107e-72 2.500806280492706742e-65 1.157633438198571723e-58 2.293170362473045959e-52 1.944673659524067614e-46 7.063278049830878494e-41 1.099413769831668816e-35 7.338578030350884482e-31 2.102473989767897452e-26 2.588124474426383127e-22 1.370800630183640966e-18 3.129539120796434096e-15 3.087097886446567754e-12 1.320156638939886199e-09 2.458987670516575474e-07 2.008995042113522920e-05 7.277821171178635359e-04 1.189954855000711215e-02 9.056003700305673143e-02 3.393376597089727276e-01 6.945437555493383375e-01 9.239014978252040322e-01 9.907350828806776866e-01 9.994770875055900561e-01 9.999867097043064756e-01 9.999998504279854483e-01 9.999999992622907730e-01 9.999999999984161558e-01 9.999999999999984457e-01 1.000000000000000000e+00 1.000000000000000000e+00 1.000000000000000000e+00 1.000000000000000000e+00 1.000000000000000000e+00 1.000000000000000000e+00 1.000000000000000000e+00 1.000000000000000000e+00 1.000000000000000000e+00 1.000000000000000000e+00 1.000000000000000000e+00 1.000000000000000000e+00 1.000000000000000000e+00 1.000000000000000000e+00 1.000000000000000000e+00 1.000000000000000000e+00 1.000000000000000000e+00 1.000000000000000000e+00 1.000000000000000000e+00 1.000000000000000000e+00 1.000000000000000000e+00 1.000000000000000000e+00 1.000000000000000000e+00 1.000000000000000000e+00 1.000000000000000000e+00 1.000000000000000000e+00 1.000000000000000000e+00 1.000000000000000000e+00 1.000000000000000000e+00 1.000000000000000000e+00 1.000000000000000000e+00 1.000000000000000000e+00 1.000000000000000000e+00 1.000000000000000000e+00 1.000000000000000000e+00 1.000000000000000000e+00 1.000000000000000000e+00 1.000000000000000000e+00 1.000000000000000000e+00 1.000000000000000000e+00 1.000000000000000000e+00 1.000000000000000000e+00
2.126853890370711531e-73 2.674812818364345069e-70 2.873008098274857222e-67 2.635590089430310990e-64 2.065032898350268896e-61 1.381959957705402007e-58 7.899423990097884416e-56 3.856913318685565498e-53 1.608580594766487731e-50 5.730854301035700487e-48 1.744157993272029995e-45 4.534817957166242763e-43 1.007304185262162715e-40 1.911652736970344458e-38 3.099757074934824200e-36 4.294784888353053140e-34 5.084841744488043312e-32 5.144765325950647312e-30 4.448756760981807022e-28 3.288009115802859095e-26 2.077250397924204983e-24 1.121891624387607236e-22 5.180469244147722349e-21 2.045499435457690782e-19 6.907241199632671035e-18 1.995060061666914969e-16 4.929855002067088631e-15 1.042392422140833982e-13 1.886483228456921570e-12 2.922948740634934165e-11 3.878623274145910894e-10 4.409483122852431219e-09 4.296812256769957718e-08 3.590748577862870679e-07 2.575018497424393562e-06 1.585866696306416698e-05 8.395593732478161210e-05 3.825042804263353467e-04 1.501916528188473269e-03 5.091733679969291139e-03 1.493811027195049781e-02 3.803830785495986716e-02 8.439384160112893551e-02 1.639628035531763839e-01 2.807915071555823205e-01 4.275234294475817598e-01 5.851654836114023039e-01 7.300403394831473936e-01 8.439304974389696401e-01 9.205162874398518102e-01 9.645690775356636770e-01 9.862438302696889814e-01 9.953656325665323212e-01 9.986491647569294416e-01 9.996600982414355352e-01 9.999262991183563987e-01 9.999862485963866288e-01 9.999977946204119394e-01 9.999996962747592644e-01 9.999999641069293732e-01 9.999999963625265664e-01 9.999999996840485128e-01 9.999999999764884739e-01 9.999999999985016430e-01 9.999999999999182876e-01 9.999999999999962252e-01 9.999999999999997780e-01 1.000000000000000000e+00 1.000000000000000000e+00 1.000000000000000000e+00 1.000000000000000000e+00 1.000000000000000000e+00 1.000000000000000000e+00 1.000000000000000000e+00 1.000000000000000000e+00 1.000000000000000000e+00 1.000000000000000000e+00 1.000000000000000000e+00 1.000000000000000000e+00 1.000000000000000000e+00 1.000000000000000000e+00 1.000000000000000000e+00 1.000000000000000000e+00 1.000000000000000000e+00 1.000000000000000000e+00 1.000000000000000000e+00 1.000000000000000000e+00 1.000000000000000000e+00 1.000000000000000000e+00 1.000000000000000000e+00 1.000000000000000000e+00 1.000000000000000000e+00 1.000000000000000000e+00 1.000000000000000000e+00 1.000000000000000000e+00 1.000000000000000000e+00 1.000000000000000000e+00 1.000000000000000000e+00 1.000000000000000000e+00 1.000000000000000000e+00
3.460769343004993793e-15 1.483703783296477415e-14 6.147605381763798718e-14 2.461840601211696593e-13 9.528416656840818794e-13 3.564518910193231187e-12 1.288884161693756868e-11 4.504784476536530674e-11 1.521937351293309143e-10 4.970485366838957537e-10 1.569271276999245592e-09 4.789760737077632313e-09 1.413406633093711640e-08 4.032558091680360537e-08 1.112446074290279632e-07 2.967487568998290345e-07 7.654901832578871048e-07 1.909690389733530404e-06 4.607801365123314374e-06 1.075400322153892853e-05 2.427918690762023271e-05 5.303124778244781325e-05 1.120764140494817418e-04 2.292121438910845268e-04 4.536955237950944823e-04 8.692891314196743826e-04 1.612553779179355445e-03 2.896681234029582080e-03 5.039882233750266408e-03 8.495358129127683969e-03 1.387735072289795167e-02 2.197518067944172204e-02 3.374540120803445897e-02 5.027228572652291116e-02 7.268982200392461179e-02 1.020646486135094316e-01 1.392484104405393441e-01 1.847180964323800745e-01 2.384313220028822788e-01 2.997271878855203298e-01 3.672999743726412802e-01 4.392619668327781834e-01 5.132949496350899254e-01 5.868712653066257001e-01 6.575097779525722608e-01 7.230240273673231854e-01 7.817216748923410119e-01 8.325254878552850180e-01 8.750033435720565578e-01 9.093132473420931783e-01 9.360843968881743526e-01 9.562636509636244231e-01 9.709574373882743359e-01 9.812934448986199154e-01 9.883170863877068779e-01 9.929277371091862481e-01 9.958515691285481086e-01 9.976427228128543767e-01 9.987027169175770602e-01 9.993087050764313251e-01 9.996433735732005443e-01 9.998219217614880971e-01 9.999139425373730905e-01 9.999597573658967065e-01 9.999817925087681747e-01 9.999920305105551854e-01 9.999966257055593610e-01 9.999986181305995370e-01 9.999994526745575874e-01 9.999997903546833378e-01 9.999999223476269128e-01 9.999999721883947590e-01 9.999999903689607006e-01 9.999999967754277241e-01 9.999999989562393665e-01 9.999999996733827112e-01 9.999999999011974783e-01 9.999999999711084442e-01 9.999999999918336435e-01 9.999999999977688958e-01 9.999999999994108046e-01 9.999999999998496758e-01 9.999999999999629186e-01 9.999999999999911182e-01 9.999999999999980016e-01 9.999999999999995559e-01 9.999999999999998890e-01 1.000000000000000000e+00 1.000000000000000000e+00 1.000000000000000000e+00 1.000000000000000000e+00 1.000000000000000000e+00 1.000000000000000000e+00 1.000000000000000000e+00 1.000000000000000000e+00 1.000000000000000000e+00 1.000000000000000000e+00 1.000000000000000000e+00 1.000000000000000000e+00 1.000000000000000000e+00
3.325238542809426373e-07 6.409568339065425073e-07 1.215856383063140739e-06 2.269835894162966422e-06 4.170395174837463578e-06 7.541247548658360599e-06 1.342165089295279594e-05 2.351147459232927841e-05 4.053968969150529493e-05 6.880565186397762133e-05 1.149552075072310023e-04 1.890658172394120006e-04 3.061241593703870707e-04 4.879826068000975596e-04 7.658731218736276490e-04 1.183533338952261291e-03 1.800954690507616373e-03 2.698692120297443812e-03 3.982577289366190029e-03 5.788554217563790343e-03 8.287215489466854754e-03 1.168747254538081079e-02 1.623866601757579034e-02 2.223033803707662528e-02 2.998887723149785620e-02 3.987033639979249700e-02 5.224893277389586893e-02 6.750107785112702263e-02 8.598523533116469997e-02 1.080184366377223287e-01 1.338508366993932663e-01 1.636401936939118062e-01 1.974285229948096743e-01 2.351233302826190308e-01 2.764857139215091131e-01 3.211272174108986133e-01 3.685166263432238520e-01 4.179970029754179750e-01 4.688122367409486291e-01 5.201413883007501848e-01 5.711382523136274703e-01 6.209729791682162547e-01 6.688723622954113601e-01 7.141555492694948715e-01 7.562624496877357050e-01 7.947729167426194063e-01 8.294157593379389848e-01 8.600676646858803620e-01 8.867430468167393220e-01 9.095765758698539649e-01 9.288006150478016476e-01 9.447199696655318446e-01 9.576862521543172413e-01 9.680738398993862237e-01 9.762589237392684804e-01 9.826025962687896520e-01 9.874383878199635145e-01 9.910641855813631107e-01 9.937381077647046146e-01 9.956776673691384305e-01 9.970614461594643485e-01 9.980324912049098884e-01 9.987027171650419977e-01 9.991577180801995972e-01 9.994615353413246472e-01 9.996610715708146300e-01 9.997899678006285651e-01 9.998718647635576051e-01 9.999230452607391628e-01 9.999545046522489988e-01 9.999735244214289498e-01 9.999848345948483264e-01 9.999914497856577933e-01 9.999952553981852343e-01 9.999974087541744217e-01 9.999986071937994048e-01 9.999992632265805037e-01 9.999996164455066117e-01 9.999998035014123765e-01 9.999999009348234935e-01 9.999999508523897962e-01 9.999999760064386400e-01 9.999999884737095224e-01 9.999999945514739252e-01 9.999999974657138857e-01 9.999999988401220286e-01 9.999999994776731516e-01 9.999999997685594666e-01 9.999999998990984906e-01 9.999999999567176223e-01 9.999999999817327234e-01 9.999999999924145122e-01 9.999999999969009234e-01 9.999999999987543298e-01 9.999999999995072830e-01 9.999999999998083755e-01 9.999999999999266143e-01 9.999999999999723554e-01 9.999999999999897859e-01 9.999999999999962252e-01
2.767528710767736620e-05 4.444943771295088047e-05 7.053180134193793487e-05 1.105758334497914725e-04 1.712792461972216648e-04 2.621392747720683171e-04 3.964210541998840470e-04 5.923712791699549049e-04 8.747025013728527282e-04 1.276360588488134997e-03 1.840567746004093987e-03 2.623105208523611280e-03 3.694763077826007571e-03 5.143840709102505231e-03 7.078531771411595945e-03 9.628977450226564733e-03 1.294872464553849765e-02 1.721529028149585555e-02 2.262951572290106475e-02 2.941340462377595860e-02 3.780618015150993827e-02 4.805837801146765897e-02 6.042391106993275085e-02 7.515019603368640333e-02 9.246661369882228088e-02 1.125717675365987686e-01 1.356201921372236496e-01 1.617093217042123166e-01 1.908676373104611357e-01 2.230449503161122116e-01 2.581057339424326913e-01 2.958262793218943143e-01 3.358962301922681637e-01 3.779247561864055860e-01 4.214512826357310615e-01 4.659603367601594104e-01 5.108997318952376299e-01 5.557010285340124867e-01 5.998010141178431454e-01 6.426628544857442282e-01 6.837955986463251090e-01 7.227708618458750234e-01 7.592357538019706142e-01 7.929214329066298639e-01 8.236470195958442986e-01 8.513189566880524639e-01 8.759262269258218936e-01 8.975320996996954959e-01 9.162632603151958932e-01 9.322972669126989853e-01 9.458492834697338481e-01 9.571589625960650327e-01 9.664782163283585081e-01 9.740604380596193934e-01 9.801515462690080227e-01 9.849830312905408780e-01 9.887670166440314379e-01 9.916932081194272941e-01 9.939275031406435978e-01 9.956119711817477125e-01 9.968658902663928290e-01 9.977875290154285537e-01 9.984563908466788096e-01 9.989356788662129283e-01 9.992747893392635028e-01 9.995116921966983314e-01 9.996751041645035585e-01 9.997864007606342973e-01 9.998612460313172079e-01 9.999109431603396825e-01 9.999435255317918880e-01 9.999646175690741767e-01 9.999780990877218390e-01 9.999866074024537088e-01 9.999919093169098439e-01 9.999951714849052431e-01 9.999971533056125628e-01 9.999983421002313078e-01 9.999990461992268598e-01 9.999994579600665068e-01 9.999996957211519932e-01 9.999998312778316523e-01 9.999999075885392941e-01 9.999999500050015255e-01 9.999999732841885480e-01 9.999999858991396318e-01 9.999999926488902791e-01 9.999999962148321542e-01 9.999999980749703088e-01 9.999999990330474819e-01 9.999999995202843994e-01 9.999999997649451355e-01 9.999999998862483253e-01 9.999999999456318234e-01 9.999999999743358625e-01 9.999999999880353485e-01 9.999999999944910734e-01 9.999999999974950038e-01 9.999999999988750110e-01 9.999999999995010658e-01
6.118859605783930327e-04 8.542591286783272246e-04 1.182301118476256985e-03 1.622174548665121247e-03 2.206533118808414167e-03 2.975636112350389662e-03 3.978502285535191925e-03 5.274054322635165354e-03 6.932190286035846451e-03 9.034703894300123370e-03 1.167596229822281256e-02 1.496323981193819000e-02 1.901660046473952273e-02 2.396822296330634872e-02 2.996107024078722980e-02 3.714682342288184308e-02 4.568302741639136688e-02 5.572943233413885089e-02 6.744356062562240073e-02 8.097558211404261297e-02 9.646263519464406966e-02 1.140227884045462159e-01 1.337488879668490005e-01 1.557025789731358856e-01 1.799088159479581284e-01 2.063511885769383769e-01 2.349683773832424993e-01 2.656520205990306471e-01 2.982462176923348363e-01 3.325488192232871065e-01 3.683145610825613869e-01 4.052599995525103527e-01 4.430700991138592504e-01 4.814062252342408144e-01 5.199152072120475365e-01 5.582390684373470524e-01 5.960249786623771362e-01 6.329349685603447018e-01 6.686549621758004491e-01 7.029027265664448132e-01 7.354344064169132666e-01 7.660493991191974494e-01 7.945934257966968950e-01 8.209597582931658089e-01 8.450886635289900362e-01 8.669652177928213188e-01 8.866157186948186997e-01 9.041029775558515613e-01 9.195208077649883460e-01 9.329880348775990706e-01 9.446423435117710099e-01 9.546342474690625579e-01 9.631214270447480130e-01 9.702636258649759426e-01 9.762182435584568774e-01 9.811367045849295199e-01 9.851616313971157668e-01 9.884248047274020177e-01 9.910458571020006602e-01 9.931316186471415008e-01 9.947760169240971173e-01 9.960604242356156934e-01 9.970543453662037425e-01 9.978163444972152352e-01 9.983951203791128215e-01 9.988306520795564580e-01 9.991553522463598735e-01 9.993951795623279288e-01 9.995706759477402947e-01 9.996979064078221899e-01 9.997892898285951624e-01 9.998543173372043125e-01 9.999001610949892482e-01 9.999321807532213224e-01 9.999543375289940972e-01 9.999695272507966859e-01 9.999798440852722958e-01 9.999867862751825598e-01 9.999914143449861736e-01 9.999944710722701302e-01 9.999964712420768009e-01 9.999977679149356646e-01 9.999986007276608913e-01 9.999991306566302640e-01 9.999994647296067685e-01 9.999996733796149284e-01 9.999998024863321344e-01 9.999998816330014639e-01 9.999999297025250478e-01 9.999999586266589136e-01 9.999999758693192131e-01 9.999999860529243945e-01 9.999999920116335872e-01 9.999999954659029022e-01 9.999999974497746358e-01 9.999999985785934520e-01 9.999999992149322114e-01 9.999999995703228173e-01 9.999999997669648533e-01 9.999999998747604035e-01
6.183293580957804946e-04 8.838926579003302973e-04 1.250922166840372045e-03 1.752777080424755031e-03 2.431667455726376978e-03 3.340252109484004046e-03 4.543279231218093177e-03 6.119183081731491627e-03 8.161524256597862612e-03 1.078013622705207251e-02 1.410182000110615265e-02 1.827041499584951961e-02 2.344607099237712780e-02 2.980355661404784917e-02 3.752946679230658583e-02 4.681823676333221607e-02 5.786693335261860333e-02 7.086887383736921453e-02 8.600621460056878664e-02 1.034417500720691413e-01 1.233102592258980557e-01 1.457098230321521859e-01 1.706936021577644957e-01 1.982626008486537694e-01 2.283599429500053901e-01 2.608671448004634685e-01 2.956027862250724114e-01 3.323238581184625451e-01 3.707299104165402426e-01 4.104699486419652876e-01 4.511518445863751392e-01 4.923538525233951968e-01 5.336376720613509317e-01 5.745623860796598148e-01 6.146985376620902608e-01 6.536415996400940509e-01 6.910241352681047999e-01 7.265260444160164255e-01 7.598824274868858364e-01 7.908887663419543745e-01 8.194033028457070600e-01 8.453466755867951044e-01 8.686990392298955532e-01 8.894950265764958175e-01 9.078170120230163453e-01 9.237871920661613334e-01 9.375590133804158066e-01 9.493084551704682461e-01 9.592256164458601297e-01 9.675069791127860475e-01 9.743486238342379258e-01 9.799405768866562561e-01 9.844623711548218248e-01 9.880798197155649110e-01 9.909429308863344499e-01 9.931848417394890660e-01 9.949216134927070243e-01 9.962527157916871712e-01 9.972620253760449138e-01 9.980191748715553368e-01 9.985811060796145888e-01 9.989937058108853130e-01 9.992934280728811292e-01 9.995088318592866283e-01 9.996619871253396017e-01 9.997697216259435748e-01 9.998446975691470673e-01 9.998963193921822645e-01 9.999314826415413027e-01 9.999551793990605342e-01 9.999709785267206774e-01 9.999813998183608721e-01 9.999882005282278996e-01 9.999925912022904484e-01 9.999953956826482804e-01 9.999971679035589700e-01 9.999982758724295095e-01 9.999989611736526118e-01 9.999993805265992020e-01 9.999996344028834194e-01 9.999997864607199638e-01 9.999998765638167253e-01 9.999999293858194971e-01 9.999999600219735552e-01 9.999999776011228025e-01 9.999999875805516414e-01 9.999999931853211788e-01 9.999999962995751446e-01 9.999999980115388265e-01 9.999999989426022751e-01 9.999999994435682105e-01 9.999999997102426708e-01 9.999999998506852172e-01 9.999999999238597947e-01 9.999999999615794000e-01 9.999999999808153461e-01 9.999999999905206938e-01 9.999999999953652630e-01 9.999999999977575715e-01 9.999999999989264143e-01
3.799122344558513494e-03 5.033032101858427726e-03 6.611919702606851128e-03 8.613765455307564878e-03 1.112867048507779760e-02 1.425924575625423310e-02 1.812058798196634901e-02 2.283974058987900749e-02 2.855454450293941696e-02 3.541179839669907764e-02 4.356467203628223983e-02 5.316934934928740919e-02 6.438091932500170089e-02 7.734858101523200968e-02 9.221028130177551241e-02 1.090869573074730176e-01 1.280766053269616345e-01 1.492484405383578683e-01 1.726374421313992547e-01 1.982395928851377886e-01 2.260081175539099541e-01 2.558509988544843683e-01 2.876300031652339051e-01 3.211613818068063120e-01 3.562183313318645350e-01 3.925352026046152187e-01 4.298133498848969447e-01 4.677284147193792041e-01 5.059387524303143868e-01 5.440946381384105246e-01 5.818478401916173937e-01 6.188611255543862155e-01 6.548172660391052835e-01 6.894271458802024855e-01 7.224366274945142052e-01 7.536319088110858821e-01 7.828431962445305814e-01 8.099466152477448055e-01 8.348643781497544492e-01 8.575633197726724166e-01 8.780519891958074030e-01 8.963765464786738191e-01 9.126157533600012250e-01 9.268753659237218834e-01 9.392822357123976618e-01 9.499784060285073606e-01 9.591154556060377256e-01 9.668492966060571181e-01 9.733355824322669214e-01 9.787258274997552299e-01 9.831642896806336296e-01 9.867856198315556604e-01 9.897132438455293890e-01 9.920584124088790423e-01 9.939198325515650190e-01 9.953837828615816896e-01 9.965246099996744045e-01 9.974055065951892285e-01 9.980794781988355791e-01 9.985904181296803017e-01 9.989742222818649431e-01 9.992598899369881105e-01 9.994705702948325499e-01 9.996245269971786307e-01 9.997360038572689067e-01 9.998159840467739645e-01 9.998728420629507951e-01 9.999128929877315608e-01 9.999408470523671877e-01 9.999601795938799498e-01 9.999734274165632542e-01 9.999824226332507671e-01 9.999884745134077768e-01 9.999925089284511515e-01 9.999951738375170152e-01 9.999969180354895126e-01 9.999980491868507571e-01 9.999987760576607432e-01 9.999992388703891066e-01 9.999995308583321529e-01 9.999997133891083134e-01 9.999998264516742896e-01 9.999998958442694041e-01 9.999999380449033914e-01 9.999999634743185206e-01 9.999999786575886063e-01 9.999999876402663190e-01 9.999999929059875114e-01 9.999999959645788916e-01 9.999999977249189875e-01 9.999999987288024084e-01 9.999999992960615369e-01 9.999999996136692548e-01 9.999999997898720849e-01 9.999999998867321604e-01 9.999999999394904027e-01 9.999999999679642926e-01 9.999999999831912234e-01 9.999999999912596582e-01 9.999999999954959362e-01
1.548498898212435785e-03 2.142101069383912666e-03 2.935158329139276375e-03 3.983838468599835113e-03 5.356334116796037173e-03 7.134238272106181548e-03 9.413714937606607047e-03 1.230633500334085348e-02 1.593943270506033294e-02 2.045583063296968138e-02 2.601278413022766953e-02 3.278001147546544952e-02 4.093670629285670742e-02 5.066747395201467996e-02 6.215719371525034453e-02 7.558488085534453838e-02 9.111670398187085573e-02 1.088983968289914256e-01 1.290473838969195541e-01 1.516450079192079026e-01 1.767292963619519208e-01 2.042887269901361436e-01 2.342574434981873899e-01 2.665123282285880579e-01 3.008722600381805168e-01 3.370997747066188932e-01 3.749052095300762222e-01 4.139532624358460700e-01 4.538717407561485007e-01 4.942621284355334099e-01 5.347114754322666030e-01 5.748050204180672473e-01 6.141389059020070373e-01 6.523323383243258000e-01 6.890385850846063587e-01 7.239542822989979420e-01 7.568266439459361283e-01 7.874583046022941568e-01 8.157096819732602144e-01 8.414988990818669246e-01 8.647994472221347539e-01 8.856358893638283103e-01 9.040779921275154951e-01 9.202337284747782453e-01 9.342416120073088193e-01 9.462628095064913314e-01 9.564734359309869927e-01 9.650573722174231595e-01 9.721998685667843088e-01 9.780821122378970944e-01 9.828768563756667964e-01 9.867451310409010024e-01 9.898339937810259892e-01 9.922752274760923141e-01 9.941848588426788202e-01 9.956633514613120184e-01 9.967963209596000240e-01 9.976556247163665958e-01 9.983006914371317375e-01 9.987799744057893614e-01 9.991324335544766733e-01 9.993889735068759439e-01 9.995737857171592688e-01 9.997055615410946894e-01 9.997985588210798191e-01 9.998635170503464842e-01 9.999084254452554887e-01 9.999391545785183411e-01 9.999599660366520482e-01 9.999739163553094112e-01 9.999831717547007504e-01 9.999892494037292412e-01 9.999931994800255186e-01 9.999957404806072425e-01 9.999973583127366172e-01 9.999983778228942466e-01 9.999990137086052222e-01 9.999994062595083388e-01 9.999996461109313950e-01 9.999997911610274404e-01 9.999998779816990924e-01 9.999999294165707875e-01 9.999999595758929383e-01 9.999999770789893550e-01 9.999999871329594558e-01 9.999999928489259338e-01 9.999999960653340736e-01 9.999999978566906922e-01 9.999999988441569121e-01 9.999999993829126188e-01 9.999999996738442309e-01 9.999999998293402914e-01 9.999999999115980476e-01 9.999999999546669294e-01 9.999999999769862979e-01 9.999999999884341406e-01 9.999999999942459361e-01 9.999999999971660447e-01 9.999999999986182164e-01 9.999999999993330890e-01
1.529943542438426396e-03 2.116583148532893022e-03 2.900443347509851569e-03 3.937119339959395045e-03 5.294134391538118586e-03 7.052314997594245558e-03 9.306966916566064216e-03 1.216872369820549971e-02 1.576392438151358669e-02 2.023436937270894909e-02 2.573630588176675782e-02 3.243850916135274792e-02 4.051935498094615118e-02 5.016282310176346099e-02 6.155343047337080709e-02 7.487016433948330552e-02 9.027956560933114716e-02 1.079281962916001508e-01 1.279348047367765695e-01 1.503825712972222395e-01 1.753118670589260408e-01 2.027139824691545911e-01 2.325262754627325512e-01 2.646291468936001756e-01 2.988451744821564171e-01 3.349406281723886214e-01 3.726294561399477456e-01 4.115796810073807377e-01 4.514219915780913750e-01 4.917601691829148192e-01 5.321828619992983178e-01 5.722761264896517597e-01 6.116361008494252127e-01 6.498811659739556212e-01 6.866629858003724385e-01 7.216758976536743475e-01 7.546642373294327744e-01 7.854273229709594073e-01 8.138219743148514818e-01 8.397625968955312326e-01 8.632190022495179749e-01 8.842122547463349136e-01 9.028089257535019119e-01 9.191141919706993235e-01 9.332642358455653930e-01 9.454183940504874428e-01 9.557514597113629939e-01 9.644464819672871059e-01 9.716883300651264488e-01 9.776582062977291487e-01 9.825292098529956331e-01 9.864629780739733178e-01 9.896073672279511735e-01 9.920950844445615147e-01 9.940431471549147080e-01 9.955530258353880724e-01 9.967113186704491534e-01 9.975908106496794714e-01 9.982517819331411246e-01 9.987434482923449597e-01 9.991054374722356801e-01 9.993692271980163522e-01 9.995594915182944851e-01 9.996953209928370887e-01 9.997912981484931016e-01 9.998584223165851714e-01 9.999048874450806590e-01 9.999367230093851866e-01 9.999583121395372309e-01 9.999728030247860833e-01 9.999824300446816805e-01 9.999887603695586380e-01 9.999928803703970193e-01 9.999955344001316693e-01 9.999972265991412534e-01 9.999982945081735686e-01 9.999989615518201092e-01 9.999993739449402064e-01 9.999996262963504190e-01 9.999997791364192423e-01 9.999998707597075320e-01 9.999999251237425835e-01 9.999999570504881641e-01 9.999999756086421776e-01 9.999999862857110733e-01 9.999999923657516554e-01 9.999999957926249960e-01 9.999999977043558808e-01 9.999999987599395013e-01 9.999999993368331452e-01 9.999999996488914134e-01 9.999999998159669889e-01 9.999999999045046106e-01 9.999999999509432413e-01 9.999999999750515123e-01 9.999999999874393808e-01 9.999999999937395634e-01 9.999999999969110265e-01 9.999999999984912069e-01 9.999999999992703614e-01
