0.000000000000000000e+00 4.940656458412465442e-324 4.003172956701141283e-311 1.715823583430999548e-298 4.008602377268134137e-286 5.104741631345458966e-274 3.543430495115596672e-262 1.340765947942526026e-250 2.765483818570777120e-239 3.109490909585357106e-228 1.905983775662789038e-217 6.369032120241683248e-207 1.160287379481366253e-196 1.152418470730277598e-186 6.240554319074422036e-177 1.842559632630386784e-167 2.966360530772372715e-158 2.604057145485991203e-149 1.246589036201693753e-140 3.254365903570054348e-132 4.633467542532145985e-124 3.598085919736401467e-116 1.524033665017468357e-108 3.521361174632008736e-101 4.438730743073575624e-94 3.052691789889387112e-87 1.145597157108320383e-80 2.346176116515035929e-74 2.622593327383049919e-68 1.600343446315039553e-62 5.331966543145824192e-57 9.701646163437413228e-52 9.642578867901074920e-47 5.236653625339431077e-42 1.554431380026480564e-37 2.522996062310947135e-33 2.240226020158972592e-29 1.088784089807537340e-25 2.898439108018380069e-22 4.229867405370856407e-19 3.387584584619238612e-16 1.490875310832186361e-13 3.611957810755627468e-11 4.828436779221394797e-09 3.572826526732524571e-07 1.469918194808675393e-05 3.384206764605284098e-04 4.402849677385707768e-03 3.286785176414057374e-02 1.443594033257299958e-01 3.891055072146582527e-01 6.906290163272432725e-01 8.991846377101371246e-01 9.801185999369566026e-01 9.977122264502867877e-01 9.998496957582282407e-01 9.999944373540232689e-01 9.999998850304152587e-01 9.999999986806696883e-01 9.999999999916278082e-01 9.999999999999706901e-01 1.000000000000000000e+00 1.000000000000000000e+00 1.000000000000000000e+00 1.000000000000000000e+00 1.000000000000000000e+00 1.000000000000000000e+00 1.000000000000000000e+00 1.000000000000000000e+00 1.000000000000000000e+00 1.000000000000000000e+00 1.000000000000000000e+00 1.000000000000000000e+00 1.000000000000000000e+00 1.000000000000000000e+00 1.000000000000000000e+00 1.000000000000000000e+00 1.000000000000000000e+00 1.000000000000000000e+00 1.000000000000000000e+00 1.000000000000000000e+00 1.000000000000000000e+00 1.000000000000000000e+00 1.000000000000000000e+00 1.000000000000000000e+00 1.000000000000000000e+00 1.000000000000000000e+00 1.000000000000000000e+00 1.000000000000000000e+00 1.000000000000000000e+00 1.000000000000000000e+00 1.000000000000000000e+00 1.000000000000000000e+00 1.000000000000000000e+00 1.000000000000000000e+00 1.000000000000000000e+00 1.000000000000000000e+00 1.000000000000000000e+00 1.000000000000000000e+00 1.000000000000000000e+00
0.000000000000000000e+00 5.434722104253711986e-323 3.854010334336948814e-310 1.465449337375818798e-297 3.046617728821166135e-285 3.463081317067521495e-273 2.152354895120012854e-261 7.314439438623836366e-250 1.359171790441697092e-238 1.381034986015792372e-227 7.673327137458242237e-217 2.331438707211655561e-206 3.873816613275100456e-196 3.520006370517253336e-186 1.749254192910872555e-176 4.754277501538332733e-167 7.067352594385023634e-158 5.746319058892072585e-149 2.555673616214497923e-140 6.217670276621724585e-132 8.275283786834842406e-124 6.025594189228969716e-116 2.400548336567050387e-108 5.232988834168338617e-101 6.242477438869100110e-94 4.075448970261485277e-87 1.456310110175140710e-80 2.848700513077451370e-74 3.050814736331726891e-68 1.789084309396512126e-62 5.746074837638285477e-57 1.010947172865076467e-51 9.745577586919230145e-47 5.149094624226769547e-42 1.491562312416922278e-37 2.369780072952110117e-33 2.066007958616440115e-29 9.889069445248696146e-26 2.600598283302630771e-22 3.760532585901673763e-19 2.993223648290147130e-16 1.313174779348686922e-13 3.180912877632518523e-11 4.264073074661953502e-09 3.173205482059124534e-07 1.316657470414421075e-05 3.065492155377245315e-04 4.043139030356275934e-03 3.066289255090777141e-02 1.370142191129974374e-01 3.758017187563034711e-01 6.775220967618380552e-01 8.921582112925940944e-01 9.780683254710722530e-01 9.973865011376343848e-01 9.998215146607158932e-01 9.999931092714662295e-01 9.999998509317091777e-01 9.999999982036087420e-01 9.999999999879902735e-01 9.999999999999555911e-01 9.999999999999998890e-01 1.000000000000000000e+00 1.000000000000000000e+00 1.000000000000000000e+00 1.000000000000000000e+00 1.000000000000000000e+00 1.000000000000000000e+00 1.000000000000000000e+00 1.000000000000000000e+00 1.000000000000000000e+00 1.000000000000000000e+00 1.000000000000000000e+00 1.000000000000000000e+00 1.000000000000000000e+00 1.000000000000000000e+00 1.000000000000000000e+00 1.000000000000000000e+00 1.000000000000000000e+00 1.000000000000000000e+00 1.000000000000000000e+00 1.000000000000000000e+00 1.000000000000000000e+00 1.000000000000000000e+00 1.000000000000000000e+00 1.000000000000000000e+00 1.000000000000000000e+00 1.000000000000000000e+00 1.000000000000000000e+00 1.000000000000000000e+00 1.000000000000000000e+00 1.000000000000000000e+00 1.000000000000000000e+00 1.000000000000000000e+00 1.000000000000000000e+00 1.000000000000000000e+00 1.000000000000000000e+00 1.000000000000000000e+00 1.000000000000000000e+00 1.000000000000000000e+00
0.000000000000000000e+00 1.207990504081847801e-320 6.434217142253583271e-308 1.885816956973519537e-295 3.041754454160736927e-283 2.700087641588687815e-271 1.319075065095710522e-259 3.546570118141595374e-248 5.248136036854511140e-237 4.274348522313463131e-226 1.916084676062914066e-215 4.727721161299561166e-205 6.420883969125450422e-195 4.800186077926779519e-185 1.975409975387112857e-175 4.475167100136688606e-166 5.581262853269249818e-157 3.832188544392854407e-148 1.448685763568616676e-139 3.015353439280596603e-131 3.455930605426181122e-123 2.181138165176529624e-115 7.580960822160701424e-108 1.451186076833977341e-100 1.530095026939751108e-93 8.886959738062364046e-87 2.843646828820503288e-80 5.013485447937400431e-74 4.870868740193966582e-68 2.608222736592067644e-62 7.698978817124827016e-57 1.253031069155641800e-51 1.124694729300159123e-46 5.568934697370006554e-42 1.521651575869965908e-37 2.295251165322204283e-33 1.912119460016499766e-29 8.802532055898425354e-26 2.240770896405172561e-22 3.156757025681331744e-19 2.463681058832804991e-16 1.066581130727266920e-13 2.565682188443748778e-11 3.437017936115037595e-09 2.571857646962652402e-07 1.079531480332162373e-05 2.557388498830786639e-04 3.450626939305884849e-03 2.689824422374170743e-02 1.239692063567965630e-01 3.511302021312789345e-01 6.520383304565772198e-01 8.777737593208947420e-01 9.736291679488877637e-01 9.966371624686019004e-01 9.997522994600596125e-01 9.999896095574665189e-01 9.999997540318875666e-01 9.999999967339507911e-01 9.999999999757764879e-01 9.999999999998999689e-01 9.999999999999997780e-01 1.000000000000000000e+00 1.000000000000000000e+00 1.000000000000000000e+00 1.000000000000000000e+00 1.000000000000000000e+00 1.000000000000000000e+00 1.000000000000000000e+00 1.000000000000000000e+00 1.000000000000000000e+00 1.000000000000000000e+00 1.000000000000000000e+00 1.000000000000000000e+00 1.000000000000000000e+00 1.000000000000000000e+00 1.000000000000000000e+00 1.000000000000000000e+00 1.000000000000000000e+00 1.000000000000000000e+00 1.000000000000000000e+00 1.000000000000000000e+00 1.000000000000000000e+00 1.000000000000000000e+00 1.000000000000000000e+00 1.000000000000000000e+00 1.000000000000000000e+00 1.000000000000000000e+00 1.000000000000000000e+00 1.000000000000000000e+00 1.000000000000000000e+00 1.000000000000000000e+00 1.000000000000000000e+00 1.000000000000000000e+00 1.000000000000000000e+00 1.000000000000000000e+00 1.000000000000000000e+00 1.000000000000000000e+00 1.000000000000000000e+00 1.000000000000000000e+00
0.000000000000000000e+00 2.340160187252678091e-315 6.968531938401005591e-303 1.157858403661818304e-290 1.073484482570223047e-278 5.553547142013084869e-267 1.603202127892553015e-255 2.582608454722039885e-244 2.321620956086945398e-233 1.164654786116012568e-222 3.260526529351257847e-212 5.094190726299061513e-202 4.441941738671256396e-192 2.161697879039350389e-182 5.871607901643703809e-173 8.901756391475938981e-164 7.533019310233766090e-155 3.558417113192248177e-146 9.383405112955886046e-138 1.381348737975795658e-129 1.135301214620534342e-121 5.209690541196057077e-114 1.334863385558781613e-106 1.909941432573539505e-99 1.526158363782851925e-92 6.811107560929695084e-86 1.697937380996588917e-79 2.364636233545739597e-73 1.839947363967305979e-67 8.000412382231671903e-62 1.944294762030676032e-56 2.641450895314992144e-51 2.006572935539005213e-46 8.525438757784103499e-42 2.026585974539849026e-37 2.696257064989562628e-33 2.008618116165832128e-29 8.383078010315786866e-26 1.961368098420527019e-22 2.574586847843233874e-19 1.897915180392240440e-16 7.866995536653867491e-14 1.836551070262109965e-11 2.419802832141514203e-09 1.804605263874715870e-07 7.647737737327814085e-06 1.852250123258002005e-04 2.585498383575056142e-03 2.107272673094356605e-02 1.024028745020829079e-01 3.071745059619331308e-01 6.026558813519565794e-01 8.471603874257013223e-01 9.631469366462057646e-01 9.946529098139293978e-01 9.995444637961744538e-01 9.999775539098403332e-01 9.999993664464857934e-01 9.999999898219705807e-01 9.999999999073476697e-01 9.999999999995236033e-01 9.999999999999986677e-01 1.000000000000000000e+00 1.000000000000000000e+00 1.000000000000000000e+00 1.000000000000000000e+00 1.000000000000000000e+00 1.000000000000000000e+00 1.000000000000000000e+00 1.000000000000000000e+00 1.000000000000000000e+00 1.000000000000000000e+00 1.000000000000000000e+00 1.000000000000000000e+00 1.000000000000000000e+00 1.000000000000000000e+00 1.000000000000000000e+00 1.000000000000000000e+00 1.000000000000000000e+00 1.000000000000000000e+00 1.000000000000000000e+00 1.000000000000000000e+00 1.000000000000000000e+00 1.000000000000000000e+00 1.000000000000000000e+00 1.000000000000000000e+00 1.000000000000000000e+00 1.000000000000000000e+00 1.000000000000000000e+00 1.000000000000000000e+00 1.000000000000000000e+00 1.000000000000000000e+00 1.000000000000000000e+00 1.000000000000000000e+00 1.000000000000000000e+00 1.000000000000000000e+00 1.000000000000000000e+00 1.000000000000000000e+00 1.000000000000000000e+00 1.000000000000000000e+00
6.087971719979133069e-310 5.116616750681128512e-298 2.500352050029360261e-286 7.104516404732559876e-275 1.173790217037666869e-263 1.127657087137941838e-252 6.299451674057462870e-242 2.046334671868309943e-231 3.865525212081707767e-221 4.246280551889866263e-211 2.712616029793350955e-201 1.007765258508333158e-191 2.177382428960095709e-182 2.736076034542254317e-173 1.999653123946911694e-164 8.500224140444918175e-156 2.101710032524656876e-147 3.022740930217163701e-139 2.528922064805334305e-131 1.230832385530175438e-123 3.485106148976533982e-116 5.741346994513538612e-109 5.503285424646696607e-102 3.069542000690769583e-95 9.963336023145328319e-89 1.882157720088473690e-82 2.069532804237336072e-76 1.324658981320322713e-70 4.936373443375338827e-65 1.071144561770463306e-59 1.353620749273013699e-54 9.964091565204450591e-50 4.273320452214113837e-45 1.068046942383755479e-40 1.556110647888833978e-36 1.322105612980158294e-32 6.553075392853116959e-29 1.895788458565539846e-25 3.202997473038887089e-22 3.162702766789664490e-19 1.826764944536177619e-16 6.178971892970567870e-14 1.225691043842740394e-11 1.428523392068182677e-09 9.806511162006929507e-08 3.978661090402231181e-06 9.585792725342789022e-05 1.381022072390419592e-03 1.202246265232883096e-02 6.428424356666359585e-02 2.167748678402734441e-01 4.814589226875598538e-01 7.549491589892427523e-01 9.231792847980168082e-01 9.847457846079922250e-01 9.981345761009090545e-01 9.998619259849044205e-01 9.999938821240429432e-01 9.999998389067312754e-01 9.999999974917392898e-01 9.999999999769881853e-01 9.999999999998758771e-01 9.999999999999995559e-01 1.000000000000000000e+00 1.000000000000000000e+00 1.000000000000000000e+00 1.000000000000000000e+00 1.000000000000000000e+00 1.000000000000000000e+00 1.000000000000000000e+00 1.000000000000000000e+00 1.000000000000000000e+00 1.000000000000000000e+00 1.000000000000000000e+00 1.000000000000000000e+00 1.000000000000000000e+00 1.000000000000000000e+00 1.000000000000000000e+00 1.000000000000000000e+00 1.000000000000000000e+00 1.000000000000000000e+00 1.000000000000000000e+00 1.000000000000000000e+00 1.000000000000000000e+00 1.000000000000000000e+00 1.000000000000000000e+00 1.000000000000000000e+00 1.000000000000000000e+00 1.000000000000000000e+00 1.000000000000000000e+00 1.000000000000000000e+00 1.000000000000000000e+00 1.000000000000000000e+00 1.000000000000000000e+00 1.000000000000000000e+00 1.000000000000000000e+00 1.000000000000000000e+00 1.000000000000000000e+00 1.000000000000000000e+00 1.000000000000000000e+00
6.352002627881738067e-265 6.500095871564313794e-255 4.252620079752558697e-245 1.778802951661968616e-235 4.757082077713487619e-226 8.133969818090102230e-217 8.892453910749430400e-208 6.215934315641503589e-199 2.778216486623199468e-190 7.939815277116660441e-182 1.450941213067502323e-173 1.695491222468068873e-165 1.266950407409393307e-157 6.054174870429189540e-150 1.850101332333461857e-142 3.615732697825486410e-135 4.519325506280733677e-128 3.612809411585768552e-121 1.847267265892610743e-114 6.041551662506077342e-108 1.263932982378433256e-101 1.691535998315795582e-95 1.448262691487806269e-89 7.933271622202652301e-84 2.780540783351901612e-78 6.236124837079540695e-73 8.950547439760368409e-68 8.222029398546923957e-63 4.834525570596261044e-58 1.819831601920264231e-53 4.386069794550876094e-49 6.769554338044085324e-45 6.692191834893201607e-41 4.238345723452280181e-37 1.720104833626706907e-33 4.474793174382509033e-30 7.464517773115671385e-27 7.987669755494112759e-24 5.485818344574388915e-21 2.419485882694499842e-18 6.857709387229181362e-16 1.250251382945512490e-13 1.467791216919845775e-11 1.111219098056209868e-09 5.435106241727791187e-08 1.721691755230974258e-06 3.543954946925969424e-05 4.762348784817903714e-04 4.205751347730863829e-03 2.465063350181336335e-02 9.733895630901796825e-02 2.650833983377651748e-01 5.164960981292292530e-01 7.612949283400062273e-01 9.161430731392208315e-01 9.797542584826970380e-01 9.967142471816601290e-01 9.996465969063957901e-01 9.999750439432961713e-01 9.999988502774661558e-01 9.999999655974503021e-01 9.999999993335343396e-01 9.999999999916607818e-01 9.999999999999327205e-01 9.999999999999996669e-01 1.000000000000000000e+00 1.000000000000000000e+00 1.000000000000000000e+00 1.000000000000000000e+00 1.000000000000000000e+00 1.000000000000000000e+00 1.000000000000000000e+00 1.000000000000000000e+00 1.000000000000000000e+00 1.000000000000000000e+00 1.000000000000000000e+00 1.000000000000000000e+00 1.000000000000000000e+00 1.000000000000000000e+00 1.000000000000000000e+00 1.000000000000000000e+00 1.000000000000000000e+00 1.000000000000000000e+00 1.000000000000000000e+00 1.000000000000000000e+00 1.000000000000000000e+00 1.000000000000000000e+00 1.000000000000000000e+00 1.000000000000000000e+00 1.000000000000000000e+00 1.000000000000000000e+00 1.000000000000000000e+00 1.000000000000000000e+00 1.000000000000000000e+00 1.000000000000000000e+00 1.000000000000000000e+00 1.000000000000000000e+00 1.000000000000000000e+00 1.000000000000000000e+00 1.000000000000000000e+00
9.711877481498488158e-190 8.154967818866017150e-183 5.075631923802220983e-176 2.341600767795362426e-169 8.007498307730403169e-163 2.029779809253577368e-156 3.813961331049496468e-150 5.312348988808403748e-144 5.485143933741284670e-138 4.198452811069314312e-132 2.382317413756119558e-126 1.002141381740706969e-120 3.125273329642927003e-115 7.225834920265329679e-110 1.238629171372504364e-104 1.574203783692644576e-99 1.483409775847134331e-94 1.036470963233539353e-89 5.369891218609593723e-85 2.063023105225607337e-80 5.877496841052429005e-76 1.241799844260113178e-71 1.945829527047300590e-67 2.261399276306617295e-63 1.949380918615380857e-59 1.246504017087321513e-55 5.912917624480142645e-52 2.080934537867950282e-48 5.433815064547066470e-45 1.052900416474493425e-41 1.514109995710096112e-38 1.616118989731318802e-35 1.280562032986125137e-32 7.533793985605088436e-30 3.291528541013743696e-27 1.068193011525335056e-24 2.575624682251935214e-22 4.615587082607628375e-20 6.149445981669506923e-18 6.093832064390362853e-16 4.493716933108434196e-14 2.467405771294709745e-12 1.009507976199538123e-10 3.080351549758007583e-09 7.017694487290051524e-08 1.195369090969706529e-06 1.525127859609390955e-05 1.460935794568303634e-04 1.054000979240754272e-03 5.751631738746250909e-03 2.388124282296563011e-02 7.608277207950357723e-02 1.882475507989257169e-01 3.681258727857732449e-01 5.834511584195098965e-01 7.758588635610856876e-01 9.041953789756511650e-01 9.680863891666807719e-01 9.918234086544864825e-01 9.984033362416010471e-01 9.997638904084606981e-01 9.999736806175556492e-01 9.999977958662931155e-01 9.999998616725667144e-01 9.999999935068557555e-01 9.999999997723680867e-01 9.999999999940469841e-01 9.999999999998839817e-01 9.999999999999983347e-01 1.000000000000000000e+00 1.000000000000000000e+00 1.000000000000000000e+00 1.000000000000000000e+00 1.000000000000000000e+00 1.000000000000000000e+00 1.000000000000000000e+00 1.000000000000000000e+00 1.000000000000000000e+00 1.000000000000000000e+00 1.000000000000000000e+00 1.000000000000000000e+00 1.000000000000000000e+00 1.000000000000000000e+00 1.000000000000000000e+00 1.000000000000000000e+00 1.000000000000000000e+00 1.000000000000000000e+00 1.000000000000000000e+00 1.000000000000000000e+00 1.000000000000000000e+00 1.000000000000000000e+00 1.000000000000000000e+00 1.000000000000000000e+00 1.000000000000000000e+00 1.000000000000000000e+00 1.000000000000000000e+00 1.000000000000000000e+00 1.000000000000000000e+00 1.000000000000000000e+00 1.000000000000000000e+00
2.823733183418832627e-120 4.142262138526951935e-116 5.117419271221778713e-112 5.324381013866027700e-108 4.665492057977756042e-104 3.443037850497040035e-100 2.139973050584434141e-96 1.120220435702310210e-92 4.938945883030444988e-89 1.834036481869246059e-85 5.736307158696689796e-82 1.511178800854102187e-78 3.353259628358365484e-75 6.267521358095381588e-72 9.867607569395759960e-69 1.308657865296063400e-65 1.462009345627734157e-62 1.375930140966201110e-59 1.090883044483589856e-56 7.286348998034855965e-54 4.100220919422767327e-51 1.943957925863185239e-48 7.765456491204882622e-46 2.613770309215279159e-43 7.413267484722962207e-41 1.771810286114172713e-38 3.568746830355244697e-36 6.058057452468233951e-34 8.667645064238846661e-32 1.045329178241851757e-29 1.062739977791999235e-27 9.108877774526266854e-26 6.582840580436514335e-24 4.011664600933160099e-22 2.061851197562494211e-20 8.938765078703807322e-19 3.269339849122338051e-17 1.008997600417829709e-15 2.628241001235162220e-14 5.779594709909213279e-13 1.073288775586708165e-11 1.683736545288937893e-10 2.232274927569097359e-09 2.502345871904514616e-08 2.373141892663627988e-07 1.905365703933790507e-06 1.296216736015704450e-05 7.479477679672055074e-05 3.665366324388488382e-04 1.527976215708250424e-03 5.429489222523752046e-03 1.648879500056153052e-02 4.294323681897578571e-02 9.634558430997935963e-02 1.873213062118776473e-01 3.181200754178088452e-01 4.768290153143362464e-01 6.393547935637738933e-01 7.798193282199588072e-01 8.822740564701843091e-01 9.453425511001122272e-01 9.781067318910212638e-01 9.924709147454890967e-01 9.977851765956453622e-01 9.994442610816598460e-01 9.998813183781926073e-01 9.999784657982174751e-01 9.999966847780490387e-01 9.999995674286634717e-01 9.999999522056510770e-01 9.999999955316117850e-01 9.999999996467215935e-01 9.999999999763922176e-01 9.999999999986671773e-01 9.999999999999364952e-01 9.999999999999974465e-01 9.999999999999998890e-01 1.000000000000000000e+00 1.000000000000000000e+00 1.000000000000000000e+00 1.000000000000000000e+00 1.000000000000000000e+00 1.000000000000000000e+00 1.000000000000000000e+00 1.000000000000000000e+00 1.000000000000000000e+00 1.000000000000000000e+00 1.000000000000000000e+00 1.000000000000000000e+00 1.000000000000000000e+00 1.000000000000000000e+00 1.000000000000000000e+00 1.000000000000000000e+00 1.000000000000000000e+00 1.000000000000000000e+00 1.000000000000000000e+00 1.000000000000000000e+00 1.000000000000000000e+00 1.000000000000000000e+00 1.000000000000000000e+00
1.340850547826916743e-82 6.736168766525099375e-80 3.044768912686601914e-77 1.238251657346534585e-74 4.530867349884612234e-72 1.491682929419173403e-69 4.418751680840997545e-67 1.177757900675473851e-64 2.824564961185940688e-62 6.095261042744188433e-60 1.183544802757430833e-57 2.067928796980450182e-55 3.251263726019708090e-53 4.599835090538751242e-51 5.856173946460489228e-49 6.709282016688808524e-47 6.917319087295751163e-45 6.418140158257927082e-43 5.359210811287377593e-41 4.027394082309235520e-39 2.723900690018973642e-37 1.658117823375067246e-35 9.084700214511960337e-34 4.480145611482266128e-32 1.988732689556583642e-30 7.946597880425282695e-29 2.858418996048566427e-27 9.256170044955233535e-26 2.698487194207846785e-24 7.083010855984285902e-23 1.673983662381791509e-21 3.562461509439341153e-20 6.827279617124543890e-19 1.178365507409904407e-17 1.831839068529356465e-16 2.565158099891819956e-15 3.236011937044352547e-14 3.678160968915472074e-13 3.767369723381094222e-12 3.477785484773880088e-11 2.894034711767141590e-10 2.171357260244167206e-09 1.469225527932544326e-08 8.967957720452317966e-08 4.939500836327102480e-07 2.455927180119736985e-06 1.102747115680743486e-05 4.473855982334783935e-05 1.640934378955188119e-04 5.445157974704047891e-04 1.636093968111140872e-03 4.455844860959309525e-03 1.101333330462203434e-02 2.474232498937222954e-02 5.061951453603704548e-02 9.453074092647968663e-02 1.616143227504697744e-01 2.538801608961859246e-01 3.681287879609807523e-01 4.954929767293300702e-01 6.233222822932675822e-01 7.388271516003679373e-01 8.327900681956164064e-01 9.016074479579908596e-01 9.469832063799099586e-01 9.739191389734056514e-01 9.883144250030224676e-01 9.952404831574861443e-01 9.982405194576139396e-01 9.994103905936783105e-01 9.998210832250521429e-01 9.999508785470849759e-01 9.999878069016400195e-01 9.999972652409735430e-01 9.999994460557563025e-01 9.999998987096938574e-01 9.999999832866164340e-01 9.999999975121875995e-01 9.999999996660293711e-01 9.999999999595766687e-01 9.999999999955894170e-01 9.999999999995662359e-01 9.999999999999615863e-01 9.999999999999968914e-01 9.999999999999997780e-01 1.000000000000000000e+00 1.000000000000000000e+00 1.000000000000000000e+00 1.000000000000000000e+00 1.000000000000000000e+00 1.000000000000000000e+00 1.000000000000000000e+00 1.000000000000000000e+00 1.000000000000000000e+00 1.000000000000000000e+00 1.000000000000000000e+00 1.000000000000000000e+00 1.000000000000000000e+00 1.000000000000000000e+00 1.000000000000000000e+00
2.868681052164905728e-66 3.287576623423376033e-64 3.488960327239614868e-62 3.428834406998235741e-60 3.120551254248303423e-58 2.629993374399963330e-56 2.052678480271434873e-54 1.483661379339203296e-52 9.931186496990572259e-51 6.156375883466499642e-49 3.534371623617869373e-47 1.879178967613522019e-45 9.253350392584882154e-44 4.219988305582662936e-42 1.782426736639576320e-40 6.972805806156357976e-39 2.526426009123963876e-37 8.478458612655861975e-36 2.635404217081850370e-34 7.587642443459287739e-33 2.023511460355141944e-31 4.998667541578702554e-30 1.143836466298733678e-28 2.424637761682977420e-27 4.761196078090720705e-26 8.661349457738037442e-25 1.459722974749301486e-23 2.279223964660839416e-22 3.297257363817601403e-21 4.419641541878006866e-20 5.489215734948306141e-19 6.317497992583996346e-18 6.737767462372997281e-17 6.659625645011855100e-16 6.100646463563873286e-15 5.179959497155242102e-14 4.076963341351802505e-13 2.974721717919114900e-12 2.012325977816068569e-11 1.262237065189431682e-10 7.342226658883986527e-10 3.961128256831347407e-09 1.982355806325519702e-08 9.204320570222452701e-08 3.965838877114770633e-07 1.586021300870707427e-06 5.888771710305756373e-06 2.030530591903076867e-05 6.504443420110475431e-05 1.936405360688168824e-04 5.360007804299812915e-04 1.380220695736665473e-03 3.308393718283957237e-03 7.387413880324085989e-03 1.537998169258403963e-02 2.988567565917890981e-02 5.427014760353841838e-02 9.223762172735686105e-02 1.469939456996205984e-01 2.201384484449531442e-01 3.106396623645905075e-01 4.143573377087533816e-01 5.244547284167230261e-01 6.327045676166549448e-01 7.312878891862635289e-01 8.144461565463224639e-01 8.794191587111410691e-01 9.264394750762081632e-01 9.579577716641285434e-01 9.775265562771662253e-01 9.887800692722311657e-01 9.947743162652653570e-01 9.977316640025984951e-01 9.990830837800084296e-01 9.996550850959282641e-01 9.998793293495019663e-01 9.999607550881797202e-01 9.999881403333219509e-01 9.999966710291284810e-01 9.999991323228240026e-01 9.999997900590448241e-01 9.999999528564602613e-01 9.999999901770668664e-01 9.999999981012273054e-01 9.999999996595561047e-01 9.999999999433897280e-01 9.999999999912709825e-01 9.999999999987521093e-01 9.999999999998345768e-01 9.999999999999796829e-01 9.999999999999976685e-01 9.999999999999997780e-01 1.000000000000000000e+00 1.000000000000000000e+00 1.000000000000000000e+00 1.000000000000000000e+00 1.000000000000000000e+00 1.000000000000000000e+00 1.000000000000000000e+00 1.000000000000000000e+00
1.270213122618416629e-68 1.436354842504596080e-66 1.508845376807952010e-64 1.472410667023661715e-62 1.334805354409540290e-60 1.124127069392773703e-58 8.794785485130265240e-57 6.392217890601139026e-55 4.316171259968824027e-53 2.707516268724735467e-51 1.577878498291073833e-49 8.543014516162052852e-48 4.297235306399653012e-46 2.008228512309125432e-44 8.719448982929453318e-43 3.517411107086617386e-41 1.318323597649636250e-39 4.590846306459258559e-38 1.485397783192738162e-36 4.465601897694395394e-35 1.247420509786888397e-33 3.237802696730512960e-32 7.809119709230242552e-31 1.750161826549674718e-29 3.644934241117337730e-28 7.054208066928867744e-27 1.268722009107776795e-25 2.120595426670764820e-24 3.294100375997429327e-23 4.755751494854981717e-22 6.381484198717870639e-21 7.959077831740274080e-20 9.227034329216716967e-19 9.943548199892396002e-18 9.961481396686085957e-17 9.277593464474018232e-16 8.033477286993089647e-15 6.467840028028449433e-14 4.842126343037625228e-13 3.371096829334063538e-12 2.182758142506121075e-11 1.314573132327624697e-10 7.364769953071272789e-10 3.838710120476166922e-09 1.861771106361468124e-08 8.403361219628464423e-08 3.530576052761279304e-07 1.381002662391747139e-06 5.030404561375590576e-06 1.706822940391450457e-05 5.396177883468156238e-05 1.590200948233421634e-04 4.369846425192385137e-04 1.120311795459384913e-03 2.681119776815688201e-03 5.993597360409546639e-03 1.252550659832772292e-02 2.449324297193319552e-02 4.486692033281817343e-02 7.709341970902598706e-02 1.244569207432218855e-01 1.891357238045094924e-01 2.712026401841433065e-01 3.679552228370819300e-01 4.739405068903609353e-01 5.818146236447543362e-01 6.838328213016618973e-01 7.734779444101648194e-01 8.466700309741769237e-01 9.021951799148104634e-01 9.413335809277251220e-01 9.669668302636869051e-01 9.825656188638738353e-01 9.913855257192460968e-01 9.960191650782683759e-01 9.982810195252804775e-01 9.993068846550055007e-01 9.997391973327076631e-01 9.999084698977404040e-01 9.999700520412445615e-01 9.999908682333737975e-01 9.999974059273836202e-01 9.999993136849560926e-01 9.999998309289765963e-01 9.999999612275918270e-01 9.999999917244016823e-01 9.999999983562948280e-01 9.999999996962407600e-01 9.999999999477775514e-01 9.999999999916486804e-01 9.999999999987578825e-01 9.999999999998281375e-01 9.999999999999779066e-01 9.999999999999973355e-01 9.999999999999997780e-01 1.000000000000000000e+00 1.000000000000000000e+00 1.000000000000000000e+00 1.000000000000000000e+00 1.000000000000000000e+00
1.903405415457424756e-67 1.820123079217632363e-65 1.623212427654048022e-63 1.350076254527989902e-61 1.047256143681782153e-59 7.576396829571323573e-58 5.112006062515487638e-56 3.216938129477123095e-54 1.888081787815222897e-52 1.033546203193878937e-50 5.276846467483846981e-49 2.512807373515128764e-47 1.116063933941811819e-45 4.623483555138471736e-44 1.786509987684607911e-42 6.438775764422511095e-41 2.164557079481681977e-39 6.787490037810442959e-38 1.985320876399249024e-36 5.416776270602490471e-35 1.378629512237447443e-33 3.273098099207916992e-32 7.249099834135130340e-31 1.497725285096246375e-29 2.886777510469143608e-28 5.190847577965379171e-27 8.708002593853641370e-26 1.362907742603400032e-24 1.990193200220101421e-23 2.711559385357314302e-22 3.447096464531256182e-21 4.088977612896141694e-20 4.526066116310840522e-19 4.675104182293029656e-18 4.506578679201149869e-17 4.054252140793464568e-16 3.404141541979413186e-15 2.667870542292526271e-14 1.951695228424553458e-13 1.332852502238277783e-12 8.497889112603318963e-12 5.058697132760059004e-11 2.811958961479646510e-10 1.459724332919135122e-09 7.077481557519740052e-09 3.205483477494082650e-08 1.356386652761915205e-07 5.363218596888138047e-07 1.982012435780711263e-06 6.847384225438592523e-06 2.212038998109364370e-05 6.684041907608667579e-05 1.889781745084134084e-04 5.001277671419301169e-04 1.239496474170356062e-03 2.878298273563088903e-03 6.266476713455196822e-03 1.280051170992107905e-02 2.455416196894159506e-02 4.427570561704639862e-02 7.514214317257035536e-02 1.202041075489998084e-01 1.815679015658196727e-01 2.595137769481117851e-01 3.518672476551165662e-01 4.539359657160413897e-01 5.591591838224286848e-01 6.603427584155130425e-01 7.511013872238088140e-01 8.270369417808853818e-01 8.862996544314775127e-01 9.294412986898931139e-01 9.587360812313048264e-01 9.772911175236773662e-01 9.882536457710497935e-01 9.942950290934366997e-01 9.974005759829751572e-01 9.988896456767734078e-01 9.995556335497758349e-01 9.998334711586126522e-01 9.999415867029495253e-01 9.999808291924398018e-01 9.999941152187618032e-01 9.999983109009971116e-01 9.999995467849835951e-01 9.999998863470044297e-01 9.999999733682702896e-01 9.999999941697921280e-01 9.999999988077492574e-01 9.999999997722858192e-01 9.999999999593839339e-01 9.999999999932354111e-01 9.999999999989480637e-01 9.999999999998472333e-01 9.999999999999793499e-01 9.999999999999973355e-01 9.999999999999996669e-01 1.000000000000000000e+00 1.000000000000000000e+00 1.000000000000000000e+00
1.124651994832512633e-86 3.654803825534978780e-84 1.088920884475365637e-81 2.974527278038534798e-79 7.449585799449421310e-77 1.710575144614984657e-74 3.601235527251795321e-72 6.951265540397671014e-70 1.230220736207656521e-67 1.996241302071483900e-65 2.970011179980434017e-63 4.051563293261118156e-61 5.067705226852954385e-59 5.812047637881180641e-57 6.111971008873073275e-55 5.893498715776187428e-53 5.210875370381131578e-51 4.224739126430710496e-49 3.140850884488809908e-47 2.141212808157389175e-45 1.338581265557522683e-43 7.673788155776088235e-42 4.034254331521142876e-40 1.944974599310213565e-38 8.599459498161464191e-37 3.486943757254175276e-35 1.296719351207444137e-33 4.422682447256514070e-32 1.383491588460513302e-30 3.969460467979283417e-29 1.044635611020613042e-27 2.521690934324864548e-26 5.583790162697937504e-25 1.134212394931809748e-23 2.113523691605748677e-22 3.613169322308469773e-21 5.667099801486656631e-20 8.155483852786037472e-19 1.076917004812097327e-17 1.304933268599897459e-16 1.451111692491452808e-15 1.481003601946187565e-14 1.387376111206851715e-13 1.193052584571653939e-12 9.418932523757254811e-12 6.827720115049927193e-11 4.545100569003978286e-10 2.778910687071679555e-09 1.560800893845338111e-08 8.054735442295579099e-08 3.820210791037466323e-07 1.665603787359856718e-06 6.677868668920048352e-06 2.462862470098732892e-05 8.359069539627538459e-05 2.612166804944146027e-04 7.519962224818489173e-04 1.995693877187000326e-03 4.886331583483778489e-03 1.104837701904769730e-02 2.309624607373777019e-02 4.470109498423791711e-02 8.023551540755331779e-02 1.338405290384161450e-01 2.080092388162435579e-01 3.021322785745772510e-01 4.116871358705722073e-01 5.286446595658214065e-01 6.431658045753090303e-01 7.460157672302651921e-01 8.307352467050156397e-01 8.947415347557426957e-01 9.390943879057885857e-01 9.672833558613163074e-01 9.837155069074947633e-01 9.925009977868679556e-01 9.968091651871437975e-01 9.987468021019293429e-01 9.995460908695561475e-01 9.998484927697399716e-01 9.999534259091699129e-01 9.999868212477808216e-01 9.999965689355090337e-01 9.999991784356780933e-01 9.999998191291112892e-01 9.999999633996212722e-01 9.999999931941294662e-01 9.999999988372995086e-01 9.999999998175455040e-01 9.999999999737052558e-01 9.999999999965203390e-01 9.999999999995772271e-01 9.999999999999528155e-01 9.999999999999951150e-01 9.999999999999995559e-01 1.000000000000000000e+00 1.000000000000000000e+00 1.000000000000000000e+00 1.000000000000000000e+00 1.000000000000000000e+00
5.460774092415280221e-107 6.844705285371692567e-104 7.711548831119037020e-101 7.809402146148616569e-98 7.108638243058497118e-95 5.816353262882781224e-92 4.277739323260045379e-89 2.828008054936847201e-86 1.680558136276588902e-83 8.977119128379322061e-81 4.310574584253196239e-78 1.860597628091021983e-75 7.219273793894093073e-73 2.518043273565334844e-70 7.895263594101640190e-68 2.225406103173051997e-65 5.638931854464759860e-63 1.284503861381923307e-60 2.630458173657362926e-58 4.842745121969247184e-56 8.015364415626530351e-54 1.192707782249859254e-51 1.595629715707741333e-49 1.919226144546202777e-47 2.075512851252524615e-45 2.018086782833859815e-43 1.764330597839653478e-41 1.386938299460352641e-39 9.803553331994037123e-38 6.231206501968729036e-36 3.561533815276356028e-34 1.830599927212680051e-32 8.461699529022475103e-31 3.517606365219102718e-29 1.315168912923174727e-27 4.422637286850873453e-26 1.337732531103925639e-24 3.639738543866794373e-23 8.908633773236027462e-22 1.961651027510466608e-20 3.886286317927567770e-19 6.927655359412143710e-18 1.111260968319497708e-16 1.604236534485270473e-15 2.084455258812916133e-14 2.438055905392404216e-13 2.567340284828845191e-12 2.434341492510121288e-11 2.078818575892269257e-10 1.599109363657832079e-09 1.108328231885459908e-08 6.923162621961710184e-08 3.898718589126521659e-07 1.980056173487060089e-06 9.073081065725256534e-06 3.752919602093546502e-05 1.402090157753319943e-04 4.734550014891171651e-04 1.446246452836613466e-03 4.000440372079997961e-03 1.003257800498588877e-02 2.284630432615502443e-02 4.732958698889150329e-02 8.940773434801581321e-02 1.544564411090733891e-01 2.449083439500020498e-01 3.580428730291002060e-01 4.853263548496612456e-01 6.141361372924740714e-01 7.313895860904724433e-01 8.273963805246978831e-01 8.981057556688820664e-01 9.449492600891560290e-01 9.728629541005823222e-01 9.878245724716714360e-01 9.950378142765585743e-01 9.981658376192225068e-01 9.993859324065572647e-01 9.998139852457630372e-01 9.999490609321978196e-01 9.999873988390596269e-01 9.999971857610386872e-01 9.999994328753607498e-01 9.999998969203056642e-01 9.999999831079542378e-01 9.999999975050257728e-01 9.999999996679500569e-01 9.999999999601902889e-01 9.999999999957014385e-01 9.999999999995820010e-01 9.999999999999633626e-01 9.999999999999971134e-01 9.999999999999997780e-01 1.000000000000000000e+00 1.000000000000000000e+00 1.000000000000000000e+00 1.000000000000000000e+00 1.000000000000000000e+00 1.000000000000000000e+00 1.000000000000000000e+00
6.534817814529511950e-116 1.581112000192194006e-112 3.402135899572226155e-109 6.510339229485826933e-106 1.107953992498557477e-102 1.676908413087375844e-99 2.257199744421039936e-96 2.702137031180969483e-93 2.876903893666140458e-90 2.724131216805968061e-87 2.294138652391783631e-84 1.718322914666959860e-81 1.144690640982235977e-78 6.782264472885650646e-76 3.574125783769843923e-73 1.675247765610599548e-70 6.984064886431539525e-68 2.589785119847835527e-65 8.541852332527087430e-63 2.505995378165560923e-60 6.539669489910317019e-58 1.518051766338869120e-55 3.134592134717058199e-53 5.757688400806373264e-51 9.408004641814675974e-49 1.367537930566487027e-46 1.768417061676927961e-44 2.034441572544129011e-42 2.082253372824343997e-40 1.896109091956965214e-38 1.536204649657779226e-36 1.107405326772113741e-34 7.103182445822369065e-33 4.054213639542161769e-31 2.059148374335569119e-29 9.307173649173339085e-28 3.743871587599713245e-26 1.340364834323596073e-24 4.271226024776021064e-23 1.211548602962682689e-21 3.059302269638966104e-20 6.877574938496164447e-19 1.376644961756441746e-17 2.453744181179941507e-16 3.895021392584443694e-15 5.507094122568981709e-14 6.936389360201411215e-13 7.784264353270562969e-12 7.785021011764967854e-11 6.939960593003422113e-10 5.515950075544267251e-09 3.910009792538615563e-08 2.472737948113044772e-07 1.395707425332108462e-06 7.034452475546468203e-06 3.167572792638976951e-05 1.275176174262932849e-04 4.593096071799341825e-04 1.481663412686431720e-03 4.285594250612662776e-03 1.113053335590612550e-02 2.600402736963097761e-02 5.477151100912930337e-02 1.042982733770685677e-01 1.801962685074842418e-01 2.837284672091633375e-01 4.094405853228620940e-01 5.453146471387207983e-01 6.760382883190084735e-01 7.879897197291388933e-01 8.733315976952329418e-01 9.312411474599262551e-01 9.662188583866173630e-01 9.850242718854566037e-01 9.940238296852627053e-01 9.978573882111688720e-01 9.993109080016620016e-01 9.998014457687641743e-01 9.999487959929734826e-01 9.999881917739504855e-01 9.999975665833544802e-01 9.999995521379779762e-01 9.999999264211936190e-01 9.999999892140307711e-01 9.999999985897138899e-01 9.999999998355770803e-01 9.999999999829113362e-01 9.999999999984171550e-01 9.999999999998694378e-01 9.999999999999904521e-01 9.999999999999993339e-01 1.000000000000000000e+00 1.000000000000000000e+00 1.000000000000000000e+00 1.000000000000000000e+00 1.000000000000000000e+00 1.000000000000000000e+00 1.000000000000000000e+00 1.000000000000000000e+00 1.000000000000000000e+00
1.694918972966927585e-143 3.233450513159430711e-139 5.302703679586019906e-135 7.475592502170369862e-131 9.059712458118311305e-127 9.438594329595254409e-123 8.453335281750922014e-119 6.508496563102009150e-115 4.307935785383261503e-111 2.451309101806684267e-107 1.199145383214712781e-103 5.043074023915679406e-100 1.823365308654722434e-96 5.667770520647621301e-93 1.514665534023327416e-89 3.480111519511580806e-86 6.874607118887222666e-83 1.167582735795966293e-79 1.704981506932405011e-76 2.140678873445846958e-73 2.310954082886889536e-70 2.145100684996765499e-67 1.712102734270852361e-64 1.175026232600709060e-61 6.934440363972518449e-59 3.519108406090041737e-56 1.535759904293870239e-53 5.763634535273763391e-51 1.860227014046296770e-48 5.163532630831206310e-46 1.232695038256487935e-43 2.531102491743324558e-41 4.470213723450999239e-39 6.790974377091253440e-37 8.874497696781299005e-35 9.976726781885967873e-33 9.649216664490020525e-31 8.029443427136116660e-29 5.749114521578571098e-27 3.542213662719303069e-25 1.878221763704504849e-23 8.571598485200237445e-22 3.367202777074296794e-20 1.138740705258739659e-18 3.315821103823351400e-17 8.314548210329276173e-16 1.795757559076361678e-14 3.341255244956276844e-13 5.357094667253411174e-12 7.403337835771942597e-11 8.821544342257063236e-10 9.066595812835079915e-09 8.041167458033125754e-08 6.157401795874001377e-07 4.073354884271807861e-06 2.329765711922169449e-05 1.153128310103295292e-04 4.944701141598938868e-04 1.839542344250189119e-03 5.947746820918331859e-03 1.675092203406671615e-02 4.121083827717693382e-02 8.889480803097413175e-02 1.689356802202456598e-01 2.846213454542644850e-01 4.285940558550085377e-01 5.828764758703480764e-01 7.252368761955798604e-01 8.383459502349421832e-01 9.157276578958903901e-01 9.613110963820898913e-01 9.844315992584800057e-01 9.945287929324559961e-01 9.983255033993966299e-01 9.995546573727136508e-01 9.998972549844067359e-01 9.999794655285272338e-01 9.999964487711632266e-01 9.999994690519765639e-01 9.999999314228555924e-01 9.999999923529891976e-01 9.999999992641935842e-01 9.999999999389332928e-01 9.999999999956302732e-01 9.999999999997304378e-01 9.999999999999856781e-01 9.999999999999993339e-01 1.000000000000000000e+00 1.000000000000000000e+00 1.000000000000000000e+00 1.000000000000000000e+00 1.000000000000000000e+00 1.000000000000000000e+00 1.000000000000000000e+00 1.000000000000000000e+00 1.000000000000000000e+00 1.000000000000000000e+00 1.000000000000000000e+00 1.000000000000000000e+00 1.000000000000000000e+00
1.963635933395799478e-156 1.173068066302330326e-151 5.896757501732184259e-147 2.494219275486507308e-142 8.877505810766251526e-138 2.658802734942939398e-133 6.700760984138469315e-129 1.421049625625283979e-124 2.535980682280170981e-120 3.808368162741032456e-116 4.812748463472228939e-112 5.118160424447566436e-108 4.580434216796974798e-104 3.449667857073447929e-100 2.186411895702447107e-96 1.166211471175738560e-92 5.235042629672623121e-89 1.977735055817391453e-85 6.288235994481499778e-82 1.682715702984273381e-78 3.789856552415419743e-75 7.184133940467473705e-72 1.146240802283436023e-68 1.539352170485919697e-65 1.740093026155961469e-62 1.655738823061608448e-59 1.326201660440187940e-56 8.942113956475355016e-54 5.075740541884307411e-51 2.425516164005915939e-48 9.758270762176995460e-46 3.305410929382969237e-43 9.427221216687871524e-41 2.263973337484180810e-38 4.578405372652787966e-36 7.797241243215863821e-34 1.118363048482324323e-31 1.351058966502224319e-29 1.374844847335722091e-27 1.178591826066283412e-25 8.512376434325440849e-24 5.180465720388522570e-22 2.656909858578347561e-20 1.148528893026905207e-18 4.185430281774806383e-17 1.286050233854363162e-15 3.332686708575348844e-14 7.285576280603558367e-13 1.343997428182053690e-11 2.092918585548368323e-10 2.752370164511123323e-09 3.058275146524019825e-08 2.872881442202525654e-07 2.283173911327341734e-06 1.536441333938787419e-05 8.764160651053443259e-05 4.243222823200084974e-04 1.746602286596866125e-03 6.125239666781758484e-03 1.835124956436915561e-02 4.713704946322475747e-02 1.042894791662186404e-01 1.999794081924639033e-01 3.350877930434275065e-01 4.959630568332216161e-01 6.575068906041079408e-01 7.943067715870173462e-01 8.920017372036725956e-01 9.508377949547334174e-01 9.807184841974108114e-01 9.935152775496893796e-01 9.981365363625780418e-01 9.995437192698445328e-01 9.999050061069544304e-01 9.999832126645116226e-01 9.999974851603423698e-01 9.999996809822644384e-01 9.999999657613923842e-01 9.999999968932771210e-01 9.999999997618143066e-01 9.999999999845781140e-01 9.999999999991571187e-01 9.999999999999611422e-01 9.999999999999984457e-01 1.000000000000000000e+00 1.000000000000000000e+00 1.000000000000000000e+00 1.000000000000000000e+00 1.000000000000000000e+00 1.000000000000000000e+00 1.000000000000000000e+00 1.000000000000000000e+00 1.000000000000000000e+00 1.000000000000000000e+00 1.000000000000000000e+00 1.000000000000000000e+00 1.000000000000000000e+00 1.000000000000000000e+00 1.000000000000000000e+00 1.000000000000000000e+00
6.883625450280600012e-172 1.450968526723630055e-166 2.516466701893881149e-161 3.591041819322047391e-156 4.216476072249208125e-151 4.073640858401731140e-146 3.238351452848405708e-141 2.118252910827763955e-136 1.140115668689675122e-131 5.049428445026804634e-127 1.840191171224133485e-122 5.518443177397247552e-118 1.361786213152669598e-113 2.765324933771190964e-109 4.620987598933886942e-105 6.354505314945566173e-101 7.191083697760025204e-97 6.697001507655028631e-93 5.132727578944976624e-89 3.237476704905174435e-85 1.680603100649793813e-81 7.180155351542362155e-78 2.524779793469557991e-74 7.307111708917389955e-71 1.740656237335590961e-67 3.413018837125281949e-64 5.508548733689709771e-61 7.318534342561271365e-58 8.004169666718937299e-55 7.206625655551422957e-52 5.341841227207053138e-49 3.259979787850820175e-46 1.638050600363697123e-43 6.777257097044338194e-41 2.308995655264858512e-38 6.478371799207071493e-36 1.496981812500245150e-33 2.849135132919584291e-31 4.466811299420087502e-29 5.769221228829611316e-27 6.139378209746629480e-25 5.383667911863584331e-23 3.890858791974458960e-21 2.317936708844580937e-19 1.138499059282605149e-17 4.611449112342936199e-16 1.540740439844497002e-14 4.247571410006292743e-13 9.665514475927091992e-12 1.816198955430772752e-10 2.819491299704616441e-09 3.618294009331052048e-08 3.841252781522915041e-07 3.376418580660735289e-06 2.459919125291612873e-05 1.487473425108427850e-04 7.477872286718379499e-04 3.132210448926898982e-03 1.096208745599326455e-02 3.217493859557887803e-02 7.959262466118054158e-02 1.670505902289292077e-01 3.001548713452317774e-01 4.673137421856226048e-01 6.405415752372156657e-01 7.886765858394106932e-01 8.932076467298993849e-01 9.540731676690368257e-01 9.833161387005651122e-01 9.949086351380360682e-01 9.987001659641177032e-01 9.997232403404601175e-01 9.999509723816655260e-01 9.999927873365790365e-01 9.999991201012488062e-01 9.999999110909890687e-01 9.999999925659348587e-01 9.999999994860262476e-01 9.999999999706360443e-01 9.999999999986144417e-01 9.999999999999460432e-01 9.999999999999982236e-01 1.000000000000000000e+00 1.000000000000000000e+00 1.000000000000000000e+00 1.000000000000000000e+00 1.000000000000000000e+00 1.000000000000000000e+00 1.000000000000000000e+00 1.000000000000000000e+00 1.000000000000000000e+00 1.000000000000000000e+00 1.000000000000000000e+00 1.000000000000000000e+00 1.000000000000000000e+00 1.000000000000000000e+00 1.000000000000000000e+00 1.000000000000000000e+00 1.000000000000000000e+00 1.000000000000000000e+00
1.743080852527906663e-174 5.167348784440173365e-169 1.250429057410585988e-163 2.469989799820397844e-158 3.982722612451673599e-153 5.242252516928890841e-148 5.632655474960857473e-143 4.940494771214120661e-138 3.537484818089608522e-133 2.067715381747197929e-128 9.866529115869254177e-124 3.843450223414420102e-119 1.222270741133212867e-114 3.173286661692485122e-110 6.725951967212968148e-106 1.163879533092249421e-101 1.644295320123130652e-97 1.896606918935238640e-93 1.786114510613591500e-89 1.373362071179990439e-85 8.622129557230417112e-82 4.419859311303944377e-78 1.850027476512517101e-74 6.323186752114914923e-71 1.764798492421677835e-67 4.022256207502944192e-64 7.486436720631188200e-61 1.137962580517579398e-57 1.412687682265046875e-54 1.432350111241714315e-51 1.186200986701612991e-48 8.024104662760076780e-46 4.433935825555343227e-43 2.001540952106405797e-40 7.381630813037565723e-38 2.224265168915682407e-35 5.476516644516207039e-33 1.101912661026206879e-30 1.812011075911683083e-28 2.435549014434887107e-26 2.676165695838732725e-24 2.404220744790705733e-22 1.766260119300095238e-20 1.061299490363171125e-18 5.216994271889729947e-17 2.098517392719911647e-15 6.909440094427657765e-14 1.862776855285969734e-12 4.113792153154732290e-11 7.445531418772008970e-10 1.105019200140014514e-08 1.345751894381724164e-07 1.346006626452489881e-06 1.106795599216773813e-05 7.491834480679275413e-05 4.181384053538480085e-04 1.928293218630569572e-03 7.367651318549995644e-03 2.340694420432535422e-02 6.212949470048105549e-02 1.386730982013668900e-01 2.625641431428946682e-01 4.267634362325172237e-01 6.049649830394113748e-01 7.633313481185326488e-01 8.785763650161548810e-01 9.472483430396201332e-01 9.807541305893093808e-01 9.941392471189424151e-01 9.985170943204888516e-01 9.996893020207109348e-01 9.999462347012548769e-01 9.999923310629849071e-01 9.999990997621910349e-01 9.999999131382955042e-01 9.999999931180014734e-01 9.999999995526338559e-01 9.999999999761557401e-01 9.999999999989586108e-01 9.999999999999626965e-01 9.999999999999988898e-01 1.000000000000000000e+00 1.000000000000000000e+00 1.000000000000000000e+00 1.000000000000000000e+00 1.000000000000000000e+00 1.000000000000000000e+00 1.000000000000000000e+00 1.000000000000000000e+00 1.000000000000000000e+00 1.000000000000000000e+00 1.000000000000000000e+00 1.000000000000000000e+00 1.000000000000000000e+00 1.000000000000000000e+00 1.000000000000000000e+00 1.000000000000000000e+00 1.000000000000000000e+00 1.000000000000000000e+00 1.000000000000000000e+00
2.008957930152536085e-224 2.987436841868055859e-217 3.389203505497179193e-210 2.933401963905638672e-203 1.936978164968624066e-196 9.758015517711865184e-190 3.750477539210371125e-183 1.099777481026845003e-176 2.460489073957798395e-170 4.199928413246638876e-164 5.469806236634100104e-158 5.435227383882383654e-152 4.120839431850535904e-146 2.383870931134414834e-140 1.052243252029076884e-134 3.543999757848270518e-129 9.108012069060835193e-124 1.786136691256926601e-118 2.672860917589787557e-113 3.052239755577756254e-108 2.659820274296341158e-103 1.768841123089676257e-98 8.977194256445471931e-94 3.477130526141747212e-89 1.027884422983042634e-84 2.319134754373429903e-80 3.993768141255900983e-76 5.249682527175035764e-72 5.267399934204367497e-68 4.034540662196260368e-64 2.359119303704694077e-60 1.053147945264675688e-56 3.589555772642678687e-53 9.341892489624718531e-50 1.856547568956719129e-46 2.817683773070550829e-43 3.266145207293994396e-40 2.891896678090562382e-37 1.956080440020283158e-34 1.010895977598379913e-31 3.992168751130740818e-29 1.204952335155013756e-26 2.780199855212318414e-24 4.904861690366150244e-22 6.618155373861806151e-20 6.831878636168149258e-18 5.397501293361571012e-16 3.264972463529587482e-14 1.512935798713777983e-12 5.373785800317936345e-11 1.464133869687399825e-09 3.062791400569521834e-08 4.924736553544457930e-07 6.095368688860744754e-06 5.817907298449871380e-05 4.292644775817916068e-04 2.456164994726419120e-03 1.094550996193452766e-02 3.821556368680174148e-02 1.054114315231500787e-01 2.324408170045553779e-01 4.166939487943549514e-01 6.217633518575149676e-01 7.968970826671735175e-01 9.116623388368539915e-01 9.693646246388332166e-01 9.916218136753481849e-01 9.982071673929565625e-01 9.997014824868232230e-01 9.999614808448649139e-01 9.999961598116331452e-01 9.999997048731639193e-01 9.999999825464008785e-01 9.999999992067922783e-01 9.999999999723279132e-01 9.999999999992595923e-01 9.999999999999847899e-01 9.999999999999997780e-01 1.000000000000000000e+00 1.000000000000000000e+00 1.000000000000000000e+00 1.000000000000000000e+00 1.000000000000000000e+00 1.000000000000000000e+00 1.000000000000000000e+00 1.000000000000000000e+00 1.000000000000000000e+00 1.000000000000000000e+00 1.000000000000000000e+00 1.000000000000000000e+00 1.000000000000000000e+00 1.000000000000000000e+00 1.000000000000000000e+00 1.000000000000000000e+00 1.000000000000000000e+00 1.000000000000000000e+00 1.000000000000000000e+00 1.000000000000000000e+00 1.000000000000000000e+00 1.000000000000000000e+00
1.144234296283115916e-266 5.607431927264868068e-258 1.967639415687132910e-249 4.943831967011593261e-241 8.894530408355145176e-233 1.145851060929350617e-224 1.057022144709471441e-216 6.982259497751251306e-209 3.302701935304527799e-201 1.118690885922377486e-193 2.713465542019417880e-186 4.713229105207336228e-179 5.862728121601559230e-172 5.222461992559420555e-165 3.331601001355339090e-158 1.522092980324691456e-151 4.980222868041356418e-145 1.167038716275211246e-138 1.958667839444061203e-132 2.354432450998411850e-126 2.027091027906188133e-120 1.250070101397314496e-114 5.521830424358531763e-109 1.747164821758965857e-103 3.960066706122194002e-98 6.429925354550951083e-93 7.479328279905084130e-88 6.232934003941643387e-83 3.721496020168465965e-78 1.592067695687896043e-73 4.880345347963344120e-69 1.072045727146541471e-64 1.687646105825359787e-60 1.904099631085249767e-56 1.539844483510416625e-52 8.926598543409691762e-49 3.709925316279524477e-45 1.105524209596889551e-41 2.362413898083843642e-38 3.620737714256945898e-35 3.980793335030334330e-32 3.140241554901612022e-29 1.777788780148666032e-26 7.225035945223818910e-24 2.108538174003795653e-21 4.420462675805174356e-19 6.660276114241414723e-17 7.215832285713720260e-15 5.625098108794732953e-13 3.157659907524684681e-11 1.277661568644063904e-09 3.730899963359246639e-08 7.874762413234438495e-07 1.203839446952582446e-05 1.336512585303700567e-04 1.081501008127033238e-03 6.410749072719811384e-03 2.803501736371643779e-02 9.138202990881652554e-02 2.253963086812456329e-01 4.301878445631323045e-01 6.562692467840640642e-01 8.365804876195270801e-01 9.404661833437879537e-01 9.836968290187894093e-01 9.966871686331120195e-01 9.995048956195353718e-01 9.999459144659115228e-01 9.999957002965803587e-01 9.999997520455621292e-01 9.999999896524187637e-01 9.999999996880784003e-01 9.999999999932176475e-01 9.999999999998937517e-01 9.999999999999987788e-01 1.000000000000000000e+00 1.000000000000000000e+00 1.000000000000000000e+00 1.000000000000000000e+00 1.000000000000000000e+00 1.000000000000000000e+00 1.000000000000000000e+00 1.000000000000000000e+00 1.000000000000000000e+00 1.000000000000000000e+00 1.000000000000000000e+00 1.000000000000000000e+00 1.000000000000000000e+00 1.000000000000000000e+00 1.000000000000000000e+00 1.000000000000000000e+00 1.000000000000000000e+00 1.000000000000000000e+00 1.000000000000000000e+00 1.000000000000000000e+00 1.000000000000000000e+00 1.000000000000000000e+00 1.000000000000000000e+00 1.000000000000000000e+00 1.000000000000000000e+00
0.000000000000000000e+00 2.806292868378280371e-320 1.963654316754335623e-309 8.912319394045761582e-299 2.623678974598749758e-288 5.009909789960898360e-278 6.205169711722026371e-268 4.985257071578796737e-258 2.597990151269281357e-248 8.782329968327731527e-239 1.925798942322490621e-229 2.739353777007809955e-220 2.527718876004230996e-211 1.513076371418292161e-202 5.875608309794803392e-194 1.480177432023945343e-185 2.419097302719554766e-177 2.564967396551488102e-169 1.764454192663829197e-161 7.875004988898712403e-154 2.280425936582216023e-146 4.284691383444822640e-139 5.223678022729534677e-132 4.132402102208625069e-125 2.121365205110467708e-118 7.066979979289859272e-112 1.527841667927538938e-105 2.143735913596486577e-99 1.952257611821644710e-93 1.153991717718932104e-87 4.427896583139379469e-82 1.102945288844926319e-76 1.783643949386170115e-71 1.872837021521314548e-66 1.276950097848476514e-61 5.654311843090270017e-57 1.626197885044081341e-52 3.038210989792608197e-48 3.687949215588773388e-44 2.909082149906581084e-40 1.491504788416329782e-36 4.971631129859615580e-33 1.077715613579770156e-29 1.519803155036752421e-26 1.394831523821251436e-23 8.335159457505030233e-21 3.244982047452997139e-18 8.236055856074026748e-16 1.363978292770085551e-13 1.475510957885386787e-11 1.044035706864121656e-09 4.840499300817703447e-08 1.473921174992820158e-06 2.956830773429389733e-05 3.924883383186181024e-04 3.468564734576687174e-03 2.059282370889464753e-02 8.326116385630985550e-02 2.341420259905829526e-01 4.732579477663234058e-01 7.227761415697140368e-01 8.942222588907453584e-01 9.717714734285227696e-01 9.948513413550084117e-01 9.993676531001129959e-01 9.999482132787433919e-01 9.999971906958533552e-01 9.999998995196567320e-01 9.999999976383431299e-01 9.999999999636137726e-01 9.999999999996331823e-01 9.999999999999975575e-01 1.000000000000000000e+00 1.000000000000000000e+00 1.000000000000000000e+00 1.000000000000000000e+00 1.000000000000000000e+00 1.000000000000000000e+00 1.000000000000000000e+00 1.000000000000000000e+00 1.000000000000000000e+00 1.000000000000000000e+00 1.000000000000000000e+00 1.000000000000000000e+00 1.000000000000000000e+00 1.000000000000000000e+00 1.000000000000000000e+00 1.000000000000000000e+00 1.000000000000000000e+00 1.000000000000000000e+00 1.000000000000000000e+00 1.000000000000000000e+00 1.000000000000000000e+00 1.000000000000000000e+00 1.000000000000000000e+00 1.000000000000000000e+00 1.000000000000000000e+00 1.000000000000000000e+00 1.000000000000000000e+00 1.000000000000000000e+00
0.000000000000000000e+00 0.000000000000000000e+00 0.000000000000000000e+00 0.000000000000000000e+00 0.000000000000000000e+00 0.000000000000000000e+00 0.000000000000000000e+00 2.514266366527744373e-315 2.843261689516609803e-303 1.865413019673499158e-291 7.100562071481450415e-280 1.568113054924420094e-268 2.009262880774607231e-257 1.493754545574304589e-246 6.443379328936386664e-236 1.612685333101456898e-225 2.342055622794386442e-215 1.973637021292239300e-205 9.650982708586162965e-196 2.738561548779844948e-186 4.509554960002929604e-177 4.309427964121501828e-168 2.389989839387619279e-159 7.692721261735988247e-151 1.437109707265200663e-142 1.558281522806457140e-134 9.807761281995564885e-127 3.583321267897705382e-119 7.600107237052768230e-112 9.358378667207420625e-105 6.690524717243809305e-98 2.777368609083463067e-91 6.695138916252716208e-85 9.373067842251711926e-79 7.621641407249345092e-73 3.600097621387341610e-67 9.879624576152708354e-62 1.575420781830675952e-56 1.460030465393666474e-51 7.865517528245861822e-47 2.463754593386463808e-42 4.488424594836864812e-38 4.757283043276438977e-34 2.934677507600050416e-30 1.054138834777467831e-26 2.206030120003914076e-23 2.691493678902086237e-20 1.916035021050262826e-17 7.966937159129719735e-15 1.937440878226428049e-12 2.760284371737233589e-10 2.309109008702502561e-08 1.137687895334197014e-06 3.315366630835856436e-05 5.749309828590162602e-04 5.987056949739431345e-03 3.796720964061090636e-02 1.499491975357735984e-01 3.826517028429849976e-01 6.698879126207083479e-01 8.805481020870724596e-01 9.723084557960393060e-01 9.960226454510365812e-01 9.996532216630028556e-01 9.999818808532947578e-01 9.999994373835610073e-01 9.999999896768198004e-01 9.999999998885150676e-01 9.999999999992934541e-01 9.999999999999973355e-01 1.000000000000000000e+00 1.000000000000000000e+00 1.000000000000000000e+00 1.000000000000000000e+00 1.000000000000000000e+00 1.000000000000000000e+00 1.000000000000000000e+00 1.000000000000000000e+00 1.000000000000000000e+00 1.000000000000000000e+00 1.000000000000000000e+00 1.000000000000000000e+00 1.000000000000000000e+00 1.000000000000000000e+00 1.000000000000000000e+00 1.000000000000000000e+00 1.000000000000000000e+00 1.000000000000000000e+00 1.000000000000000000e+00 1.000000000000000000e+00 1.000000000000000000e+00 1.000000000000000000e+00 1.000000000000000000e+00 1.000000000000000000e+00 1.000000000000000000e+00 1.000000000000000000e+00 1.000000000000000000e+00 1.000000000000000000e+00 1.000000000000000000e+00 1.000000000000000000e+00
0.000000000000000000e+00 0.000000000000000000e+00 0.000000000000000000e+00 0.000000000000000000e+00 0.000000000000000000e+00 0.000000000000000000e+00 0.000000000000000000e+00 0.000000000000000000e+00 0.000000000000000000e+00 0.000000000000000000e+00 0.000000000000000000e+00 0.000000000000000000e+00 0.000000000000000000e+00 0.000000000000000000e+00 1.966381270448161246e-321 6.873719911590851726e-307 1.100330443643418151e-292 8.072207256200325397e-279 2.714013402526503457e-265 4.182113178101418448e-252 2.953645411287345896e-239 9.561269723064956913e-227 1.418680488746497764e-214 9.649039313779547236e-203 3.008391058450872496e-191 4.299890051893664063e-180 2.817587677281964161e-169 8.464884967848763531e-159 1.166050493594089510e-148 7.365436104860665124e-139 2.133535857243597420e-129 2.834400890722121963e-120 1.727135663333878539e-111 4.827749227580043609e-103 6.191150324826948213e-95 3.643081148012463481e-87 9.838028056892641566e-80 1.219466384675819450e-72 6.939800124390551094e-66 1.813621380765207906e-59 2.177175916852112079e-53 1.200974685550098586e-47 3.045373355505810789e-42 3.551567610588120796e-37 1.905994878935724061e-32 4.710315266145121834e-28 5.365150919021575618e-24 2.819629036578343517e-20 6.846796112086982118e-17 7.695943769381066486e-14 4.014002506536634333e-11 9.747569240166814208e-09 1.107378910895345718e-06 5.927184550376869866e-05 1.511122404251289721e-03 1.867972547334492694e-02 1.154269820879999103e-01 3.765669256205610438e-01 7.153702187678665503e-01 9.268595853812588992e-01 9.902660115071990621e-01 9.993592677937146451e-01 9.999796747432476707e-01 9.999996940184520122e-01 9.999999978348498297e-01 9.999999999928437244e-01 9.999999999999890088e-01 1.000000000000000000e+00 1.000000000000000000e+00 1.000000000000000000e+00 1.000000000000000000e+00 1.000000000000000000e+00 1.000000000000000000e+00 1.000000000000000000e+00 1.000000000000000000e+00 1.000000000000000000e+00 1.000000000000000000e+00 1.000000000000000000e+00 1.000000000000000000e+00 1.000000000000000000e+00 1.000000000000000000e+00 1.000000000000000000e+00 1.000000000000000000e+00 1.000000000000000000e+00 1.000000000000000000e+00 1.000000000000000000e+00 1.000000000000000000e+00 1.000000000000000000e+00 1.000000000000000000e+00 1.000000000000000000e+00 1.000000000000000000e+00 1.000000000000000000e+00 1.000000000000000000e+00 1.000000000000000000e+00 1.000000000000000000e+00 1.000000000000000000e+00 1.000000000000000000e+00 1.000000000000000000e+00 1.000000000000000000e+00 1.000000000000000000e+00
0.000000000000000000e+00 0.000000000000000000e+00 0.000000000000000000e+00 0.000000000000000000e+00 0.000000000000000000e+00 0.000000000000000000e+00 0.000000000000000000e+00 0.000000000000000000e+00 0.000000000000000000e+00 0.000000000000000000e+00 0.000000000000000000e+00 0.000000000000000000e+00 0.000000000000000000e+00 0.000000000000000000e+00 0.000000000000000000e+00 0.000000000000000000e+00 1.367667018408640950e-314 1.849176706614946333e-299 1.053351567502009161e-284 2.528013690143674716e-270 2.556301261279050683e-256 1.089150370184933155e-242 1.955351847891486157e-229 1.479254472227456312e-216 4.715884553728534385e-204 6.335911601886678025e-192 3.587619041114347761e-180 8.562151520065742811e-169 8.613305317490587827e-158 3.652593484135644105e-147 6.530032601254938622e-137 4.922141580706318623e-127 1.564461141702990071e-117 2.097009154977315330e-108 1.185551454189662719e-99 2.827434840619375004e-91 2.845075993659669888e-83 1.208126286907386248e-75 2.165456982873373672e-68 1.638790422969046631e-61 5.238075157281431111e-55 7.073868799813985018e-49 4.038059069600152854e-43 9.748804123267076345e-38 9.960383595082139482e-33 4.310183546624794581e-28 7.907644152606645343e-24 6.158657159245169404e-20 2.039549796160621435e-16 2.878399011506958334e-13 1.736381085125211600e-10 4.496356982813808709e-08 5.029175251498594262e-06 2.452912945656541698e-04 5.297540616073202757e-03 5.200580953770464476e-02 2.433271602683710622e-01 5.926739590986656037e-01 8.778887994118281801e-01 9.818952246021541708e-01 9.987553343017890883e-01 9.999616852778963061e-01 9.999994822592556121e-01 9.999999969654349563e-01 9.999999999923439020e-01 9.999999999999917843e-01 1.000000000000000000e+00 1.000000000000000000e+00 1.000000000000000000e+00 1.000000000000000000e+00 1.000000000000000000e+00 1.000000000000000000e+00 1.000000000000000000e+00 1.000000000000000000e+00 1.000000000000000000e+00 1.000000000000000000e+00 1.000000000000000000e+00 1.000000000000000000e+00 1.000000000000000000e+00 1.000000000000000000e+00 1.000000000000000000e+00 1.000000000000000000e+00 1.000000000000000000e+00 1.000000000000000000e+00 1.000000000000000000e+00 1.000000000000000000e+00 1.000000000000000000e+00 1.000000000000000000e+00 1.000000000000000000e+00 1.000000000000000000e+00 1.000000000000000000e+00 1.000000000000000000e+00 1.000000000000000000e+00 1.000000000000000000e+00 1.000000000000000000e+00 1.000000000000000000e+00 1.000000000000000000e+00 1.000000000000000000e+00 1.000000000000000000e+00 1.000000000000000000e+00
0.000000000000000000e+00 0.000000000000000000e+00 0.000000000000000000e+00 0.000000000000000000e+00 0.000000000000000000e+00 0.000000000000000000e+00 0.000000000000000000e+00 0.000000000000000000e+00 0.000000000000000000e+00 0.000000000000000000e+00 0.000000000000000000e+00 0.000000000000000000e+00 0.000000000000000000e+00 0.000000000000000000e+00 0.000000000000000000e+00 0.000000000000000000e+00 0.000000000000000000e+00 0.000000000000000000e+00 0.000000000000000000e+00 0.000000000000000000e+00 0.000000000000000000e+00 0.000000000000000000e+00 0.000000000000000000e+00 0.000000000000000000e+00 1.799183877606216222e-307 1.028249845456334790e-288 1.495506412254071897e-270 5.535728334216153170e-253 5.215448142886803985e-236 1.250765825214768440e-219 7.636057752507181585e-204 1.186908814751380925e-188 4.697558382586284117e-174 4.734694521695722610e-160 1.215465511980936955e-146 7.948757814954911828e-134 1.324487092195142808e-121 5.624539363765359858e-110 6.088799553862985113e-99 1.680799595315006495e-88 1.183580231889101386e-78 2.126987214854309384e-69 9.759853746817241037e-61 1.144215072847276923e-52 3.430018629782276491e-45 2.631681973609282478e-38 5.174376170355629800e-32 2.611389048232789397e-26 3.390063667480633537e-21 1.135392082542881508e-16 9.851420148105454007e-13 2.228164424991346089e-09 1.326366350176131852e-06 2.111412360872829189e-04 9.249426058071864853e-03 1.179680468879279603e-01 4.940429128250654056e-01 8.760244438385385024e-01 9.899804051027151219e-01 9.997637550242092219e-01 9.999984655912397269e-01 9.999999973334803283e-01 9.999999999987800869e-01 9.999999999999997780e-01 1.000000000000000000e+00 1.000000000000000000e+00 1.000000000000000000e+00 1.000000000000000000e+00 1.000000000000000000e+00 1.000000000000000000e+00 1.000000000000000000e+00 1.000000000000000000e+00 1.000000000000000000e+00 1.000000000000000000e+00 1.000000000000000000e+00 1.000000000000000000e+00 1.000000000000000000e+00 1.000000000000000000e+00 1.000000000000000000e+00 1.000000000000000000e+00 1.000000000000000000e+00 1.000000000000000000e+00 1.000000000000000000e+00 1.000000000000000000e+00 1.000000000000000000e+00 1.000000000000000000e+00 1.000000000000000000e+00 1.000000000000000000e+00 1.000000000000000000e+00 1.000000000000000000e+00 1.000000000000000000e+00 1.000000000000000000e+00 1.000000000000000000e+00 1.000000000000000000e+00 1.000000000000000000e+00 1.000000000000000000e+00 1.000000000000000000e+00 1.000000000000000000e+00 1.000000000000000000e+00 1.000000000000000000e+00
0.000000000000000000e+00 0.000000000000000000e+00 0.000000000000000000e+00 0.000000000000000000e+00 0.000000000000000000e+00 0.000000000000000000e+00 0.000000000000000000e+00 0.000000000000000000e+00 0.000000000000000000e+00 0.000000000000000000e+00 0.000000000000000000e+00 0.000000000000000000e+00 0.000000000000000000e+00 0.000000000000000000e+00 0.000000000000000000e+00 0.000000000000000000e+00 0.000000000000000000e+00 0.000000000000000000e+00 0.000000000000000000e+00 0.000000000000000000e+00 0.000000000000000000e+00 0.000000000000000000e+00 2.569141358374482030e-322 1.490154486585614249e-303 2.368972363696073852e-285 1.021625823934755909e-267 1.195241361612279800e-250 3.793874036534814880e-234 3.267448582283260308e-218 7.636107739172998695e-203 4.843017842641165753e-188 8.336605873001246985e-174 3.895346298926128593e-160 4.941376031827524369e-147 1.702019171272765541e-134 1.592117755329018928e-122 4.045491779426323949e-111 2.792918097774427645e-100 5.240326671146505075e-90 2.673101773396365220e-80 3.708510973115141841e-71 1.399953512737499352e-62 1.438807956375390463e-54 4.028719461009182345e-47 3.075940831967241144e-40 6.410681256247519937e-34 3.652137575336921765e-28 5.697652732830309658e-23 2.440130192255368338e-18 2.878541453951371937e-14 9.399344106269754310e-11 8.558287841956399317e-08 2.198547855829193940e-05 1.625694351534871752e-03 3.590905324762282136e-02 2.553895682530956668e-01 6.861687276991927931e-01 9.482019136578844209e-01 9.971998375185968655e-01 9.999544128148057931e-01 9.999997854769973049e-01 9.999999997145128106e-01 9.999999999998938627e-01 1.000000000000000000e+00 1.000000000000000000e+00 1.000000000000000000e+00 1.000000000000000000e+00 1.000000000000000000e+00 1.000000000000000000e+00 1.000000000000000000e+00 1.000000000000000000e+00 1.000000000000000000e+00 1.000000000000000000e+00 1.000000000000000000e+00 1.000000000000000000e+00 1.000000000000000000e+00 1.000000000000000000e+00 1.000000000000000000e+00 1.000000000000000000e+00 1.000000000000000000e+00 1.000000000000000000e+00 1.000000000000000000e+00 1.000000000000000000e+00 1.000000000000000000e+00 1.000000000000000000e+00 1.000000000000000000e+00 1.000000000000000000e+00 1.000000000000000000e+00 1.000000000000000000e+00 1.000000000000000000e+00 1.000000000000000000e+00 1.000000000000000000e+00 1.000000000000000000e+00 1.000000000000000000e+00 1.000000000000000000e+00 1.000000000000000000e+00 1.000000000000000000e+00 1.000000000000000000e+00 1.000000000000000000e+00 1.000000000000000000e+00
0.000000000000000000e+00 0.000000000000000000e+00 0.000000000000000000e+00 0.000000000000000000e+00 0.000000000000000000e+00 0.000000000000000000e+00 0.000000000000000000e+00 0.000000000000000000e+00 0.000000000000000000e+00 0.000000000000000000e+00 0.000000000000000000e+00 0.000000000000000000e+00 0.000000000000000000e+00 0.000000000000000000e+00 0.000000000000000000e+00 0.000000000000000000e+00 0.000000000000000000e+00 0.000000000000000000e+00 0.000000000000000000e+00 0.000000000000000000e+00 0.000000000000000000e+00 0.000000000000000000e+00 0.000000000000000000e+00 0.000000000000000000e+00 0.000000000000000000e+00 0.000000000000000000e+00 0.000000000000000000e+00 0.000000000000000000e+00 0.000000000000000000e+00 1.837924202529437144e-321 1.726169447101512518e-297 1.882893837222771835e-274 2.385673180985235201e-252 3.511594447014559069e-231 6.005935745140673783e-211 1.193782895197092010e-191 2.758269845494668693e-173 7.410184010403275489e-156 2.315450187081783738e-139 8.418084877840264496e-124 3.562456870949376652e-109 1.755776861590248646e-95 1.008430940426112315e-82 6.754883038622414098e-71 5.282110195136131007e-60 4.827861674866594450e-50 5.166104468764903518e-41 6.485925294493540408e-33 9.582393648370202099e-26 1.673073775178905405e-19 3.474181496856576123e-14 8.666621082148689379e-10 2.642092085210415752e-06 1.016584801055698617e-03 5.288401900730921312e-02 4.405093233320390711e-01 9.062740972423775077e-01 9.973317558999819088e-01 9.999894923198976437e-01 9.999999947253888077e-01 9.999999999996748157e-01 1.000000000000000000e+00 1.000000000000000000e+00 1.000000000000000000e+00 1.000000000000000000e+00 1.000000000000000000e+00 1.000000000000000000e+00 1.000000000000000000e+00 1.000000000000000000e+00 1.000000000000000000e+00 1.000000000000000000e+00 1.000000000000000000e+00 1.000000000000000000e+00 1.000000000000000000e+00 1.000000000000000000e+00 1.000000000000000000e+00 1.000000000000000000e+00 1.000000000000000000e+00 1.000000000000000000e+00 1.000000000000000000e+00 1.000000000000000000e+00 1.000000000000000000e+00 1.000000000000000000e+00 1.000000000000000000e+00 1.000000000000000000e+00 1.000000000000000000e+00 1.000000000000000000e+00 1.000000000000000000e+00 1.000000000000000000e+00 1.000000000000000000e+00 1.000000000000000000e+00 1.000000000000000000e+00 1.000000000000000000e+00 1.000000000000000000e+00 1.000000000000000000e+00 1.000000000000000000e+00 1.000000000000000000e+00 1.000000000000000000e+00 1.000000000000000000e+00 1.000000000000000000e+00
0.000000000000000000e+00 0.000000000000000000e+00 0.000000000000000000e+00 0.000000000000000000e+00 0.000000000000000000e+00 0.000000000000000000e+00 0.000000000000000000e+00 0.000000000000000000e+00 0.000000000000000000e+00 0.000000000000000000e+00 0.000000000000000000e+00 0.000000000000000000e+00 0.000000000000000000e+00 0.000000000000000000e+00 0.000000000000000000e+00 0.000000000000000000e+00 0.000000000000000000e+00 0.000000000000000000e+00 0.000000000000000000e+00 0.000000000000000000e+00 0.000000000000000000e+00 0.000000000000000000e+00 0.000000000000000000e+00 0.000000000000000000e+00 0.000000000000000000e+00 0.000000000000000000e+00 0.000000000000000000e+00 0.000000000000000000e+00 0.000000000000000000e+00 0.000000000000000000e+00 1.394653395683338577e-312 4.426553038773311779e-288 1.383504111991229185e-264 4.258717333377348233e-242 1.291333675525685856e-220 3.857878661214648328e-200 1.135826371011581434e-180 3.296463081562890487e-162 9.434035285899291574e-145 2.663332731607212998e-128 7.420441223667458038e-113 2.041498366663127869e-98 5.549769660316116178e-85 1.492000377257668593e-72 3.970875895769248622e-61 1.047639199366037049e-50 2.744812787743130133e-41 7.158531167912117191e-33 1.864598802735078751e-25 4.873960726403329642e-19 1.287907962127443837e-13 3.481225441799711269e-09 9.828130512935016495e-06 3.019169118500502746e-03 1.107357905351051275e-01 6.180805024761327759e-01 9.658869949278301448e-01 9.995909230935893230e-01 9.999994410102899245e-01 9.999999999185168464e-01 9.999999999999987788e-01 1.000000000000000000e+00 1.000000000000000000e+00 1.000000000000000000e+00 1.000000000000000000e+00 1.000000000000000000e+00 1.000000000000000000e+00 1.000000000000000000e+00 1.000000000000000000e+00 1.000000000000000000e+00 1.000000000000000000e+00 1.000000000000000000e+00 1.000000000000000000e+00 1.000000000000000000e+00 1.000000000000000000e+00 1.000000000000000000e+00 1.000000000000000000e+00 1.000000000000000000e+00 1.000000000000000000e+00 1.000000000000000000e+00 1.000000000000000000e+00 1.000000000000000000e+00 1.000000000000000000e+00 1.000000000000000000e+00 1.000000000000000000e+00 1.000000000000000000e+00 1.000000000000000000e+00 1.000000000000000000e+00 1.000000000000000000e+00 1.000000000000000000e+00 1.000000000000000000e+00 1.000000000000000000e+00 1.000000000000000000e+00 1.000000000000000000e+00 1.000000000000000000e+00 1.000000000000000000e+00 1.000000000000000000e+00 1.000000000000000000e+00 1.000000000000000000e+00 1.000000000000000000e+00
0.000000000000000000e+00 0.000000000000000000e+00 0.000000000000000000e+00 0.000000000000000000e+00 0.000000000000000000e+00 0.000000000000000000e+00 0.000000000000000000e+00 0.000000000000000000e+00 0.000000000000000000e+00 0.000000000000000000e+00 0.000000000000000000e+00 0.000000000000000000e+00 0.000000000000000000e+00 0.000000000000000000e+00 0.000000000000000000e+00 0.000000000000000000e+00 0.000000000000000000e+00 0.000000000000000000e+00 0.000000000000000000e+00 0.000000000000000000e+00 0.000000000000000000e+00 0.000000000000000000e+00 0.000000000000000000e+00 0.000000000000000000e+00 0.000000000000000000e+00 0.000000000000000000e+00 0.000000000000000000e+00 0.000000000000000000e+00 1.482196937523739633e-322 6.396917229155690292e-299 3.495682948675422244e-276 2.373532024116055809e-254 2.002727086020005353e-233 2.100304579776998988e-213 2.738147008915461540e-194 4.438510434993475780e-176 8.948085213386011590e-159 2.244187979378274894e-142 7.004385122856922655e-127 2.721665178146233528e-112 1.317223054464986301e-98 7.944987247410565777e-86 5.976430300553406436e-74 5.611580282993320398e-63 6.584207829999006069e-53 9.667546509006820842e-44 1.779674232626271006e-35 4.117979293110663561e-28 1.201987435647791546e-21 4.448918549367438853e-16 2.104893447798900484e-11 1.289849849262574027e-07 1.048059993327673048e-04 1.183443190492006886e-02 2.067405455127537539e-01 7.346363316060424697e-01 9.808474649486293995e-01 9.997811592968597338e-01 9.999996492240058599e-01 9.999999999251165672e-01 9.999999999999980016e-01 1.000000000000000000e+00 1.000000000000000000e+00 1.000000000000000000e+00 1.000000000000000000e+00 1.000000000000000000e+00 1.000000000000000000e+00 1.000000000000000000e+00 1.000000000000000000e+00 1.000000000000000000e+00 1.000000000000000000e+00 1.000000000000000000e+00 1.000000000000000000e+00 1.000000000000000000e+00 1.000000000000000000e+00 1.000000000000000000e+00 1.000000000000000000e+00 1.000000000000000000e+00 1.000000000000000000e+00 1.000000000000000000e+00 1.000000000000000000e+00 1.000000000000000000e+00 1.000000000000000000e+00 1.000000000000000000e+00 1.000000000000000000e+00 1.000000000000000000e+00 1.000000000000000000e+00 1.000000000000000000e+00 1.000000000000000000e+00 1.000000000000000000e+00 1.000000000000000000e+00 1.000000000000000000e+00 1.000000000000000000e+00 1.000000000000000000e+00 1.000000000000000000e+00 1.000000000000000000e+00 1.000000000000000000e+00 1.000000000000000000e+00 1.000000000000000000e+00 1.000000000000000000e+00
0.000000000000000000e+00 0.000000000000000000e+00 0.000000000000000000e+00 0.000000000000000000e+00 0.000000000000000000e+00 0.000000000000000000e+00 0.000000000000000000e+00 0.000000000000000000e+00 0.000000000000000000e+00 0.000000000000000000e+00 0.000000000000000000e+00 0.000000000000000000e+00 0.000000000000000000e+00 0.000000000000000000e+00 0.000000000000000000e+00 0.000000000000000000e+00 0.000000000000000000e+00 0.000000000000000000e+00 0.000000000000000000e+00 0.000000000000000000e+00 0.000000000000000000e+00 0.000000000000000000e+00 0.000000000000000000e+00 0.000000000000000000e+00 0.000000000000000000e+00 0.000000000000000000e+00 0.000000000000000000e+00 0.000000000000000000e+00 0.000000000000000000e+00 0.000000000000000000e+00 0.000000000000000000e+00 0.000000000000000000e+00 0.000000000000000000e+00 0.000000000000000000e+00 1.948000430064706072e-298 7.497940859683107148e-270 1.026135037776504547e-242 4.994691895897741344e-217 8.649884104953401126e-193 5.332053888273536903e-170 1.170534392903536216e-148 9.156938582213985987e-129 2.554625792275057530e-110 2.544100075282039671e-93 9.055360362622999452e-78 1.153822608874309265e-63 5.274317179546164936e-51 8.675060505420036500e-40 5.155821749790254830e-30 1.114306987321440863e-21 8.847138335267161876e-15 2.626206962468972285e-09 3.015686198196120208e-05 1.447418755410957540e-02 3.606216523948241881e-01 9.292994664296929663e-01 9.995130928911188928e-01 9.999998515276875555e-01 9.999999999982089882e-01 1.000000000000000000e+00 1.000000000000000000e+00 1.000000000000000000e+00 1.000000000000000000e+00 1.000000000000000000e+00 1.000000000000000000e+00 1.000000000000000000e+00 1.000000000000000000e+00 1.000000000000000000e+00 1.000000000000000000e+00 1.000000000000000000e+00 1.000000000000000000e+00 1.000000000000000000e+00 1.000000000000000000e+00 1.000000000000000000e+00 1.000000000000000000e+00 1.000000000000000000e+00 1.000000000000000000e+00 1.000000000000000000e+00 1.000000000000000000e+00 1.000000000000000000e+00 1.000000000000000000e+00 1.000000000000000000e+00 1.000000000000000000e+00 1.000000000000000000e+00 1.000000000000000000e+00 1.000000000000000000e+00 1.000000000000000000e+00 1.000000000000000000e+00 1.000000000000000000e+00 1.000000000000000000e+00 1.000000000000000000e+00 1.000000000000000000e+00 1.000000000000000000e+00 1.000000000000000000e+00 1.000000000000000000e+00 1.000000000000000000e+00 1.000000000000000000e+00 1.000000000000000000e+00 1.000000000000000000e+00 1.000000000000000000e+00
