2.140316526065011013e-104 8.523048920947798847e-101 2.926918532041170927e-97 8.668223921654063628e-94 2.213904526718167736e-90 4.876437800658445223e-87 9.263340175397314068e-84 1.517609748573039762e-80 2.144307231681529163e-77 2.613097277653479459e-74 2.746461536645056635e-71 2.489711624542231311e-68 1.946663549286261782e-65 1.312829710984626486e-62 7.636801623593193396e-60 3.831871113281715011e-57 1.658509514803551495e-54 6.192200178784446712e-52 1.994367215572190953e-49 5.541311544207668366e-47 1.328258525291203298e-44 2.746830081984155327e-42 4.900924620965021030e-40 7.544678311545399936e-38 1.002169174050455686e-35 1.148687769043136635e-33 1.136184259215929946e-31 9.698597344835455073e-30 7.145173359239971603e-28 4.543532731170734665e-26 2.493954203006687388e-24 1.181783943893767186e-22 4.834905184916936072e-21 1.708003921900016596e-19 5.210719296302802292e-18 1.373024933217363407e-16 3.125384551303374806e-15 6.146883266848517179e-14 1.044784522028537527e-12 1.535063640083694164e-11 1.950195528408837016e-10 2.143020453825269909e-09 2.037696672601419704e-08 1.677321941708290473e-07 1.195893911727068832e-06 7.390097089745065118e-06 3.961221542035171561e-05 1.843503858773818684e-04 7.457695766225738753e-04 2.626300316835250993e-03 8.066004958347274684e-03 2.165487504038799554e-02 5.097154317408412322e-02 1.055948208307777719e-01 1.934930030385431099e-01 3.156523012449118371e-01 4.622818535484379820e-01 6.142900403129590847e-01 7.503916819428697593e-01 8.556385939141426533e-01 9.259299561292184677e-01 9.664748773232958445e-01 9.866727920689321030e-01 9.953624820436683951e-01 9.985911271605278916e-01 9.996270891686426241e-01 9.999141425997675192e-01 9.999828278951637950e-01 9.999970195343089729e-01 9.999995514766246707e-01 9.999999415186325846e-01 9.999999933972578692e-01 9.999999993548068788e-01 9.999999999454580735e-01 9.999999999960125230e-01 9.999999999997479794e-01 9.999999999999862332e-01 9.999999999999993339e-01 1.000000000000000000e+00 1.000000000000000000e+00 1.000000000000000000e+00 1.000000000000000000e+00 1.000000000000000000e+00 1.000000000000000000e+00 1.000000000000000000e+00 1.000000000000000000e+00 1.000000000000000000e+00 1.000000000000000000e+00 1.000000000000000000e+00 1.000000000000000000e+00 1.000000000000000000e+00 1.000000000000000000e+00 1.000000000000000000e+00 1.000000000000000000e+00 1.000000000000000000e+00 1.000000000000000000e+00 1.000000000000000000e+00 1.000000000000000000e+00 1.000000000000000000e+00 1.000000000000000000e+00
5.858648593003829188e-90 7.045092007243607128e-87 7.468366693012987122e-84 6.979421281760144472e-81 5.750073044338826215e-78 4.176313894349139914e-75 2.674143493553043975e-72 1.509574030331194626e-69 7.512923501630284425e-67 3.296518200564183988e-64 1.275268138943550082e-61 4.349657904207740620e-59 1.308051414502708581e-56 3.468324922205331931e-54 8.108671966516810889e-52 1.671572038430155324e-49 3.038484534563367003e-47 4.870319929491261394e-45 6.883975686161857153e-43 8.580574457832046483e-41 9.431993625879824621e-39 9.143591545637698075e-37 7.817605015429886583e-35 5.895125889600812428e-33 3.920986903134834813e-31 2.300397893287942186e-29 1.190529452703769577e-27 5.435425922081205908e-26 2.189336388758513158e-24 7.780527261998233486e-23 2.439824777551235148e-21 6.751504394224568702e-20 1.648839315094083971e-18 3.554188802671904248e-17 6.763029497805301457e-16 1.136165468163938103e-14 1.685427342188688213e-13 2.208128414942312651e-12 2.555482055877163715e-11 2.613103395425417365e-10 2.361520508645995010e-09 1.886741689908324071e-08 1.333137297556817093e-07 8.334158810053291557e-07 4.611992047729932027e-06 2.260533948026732050e-05 9.820540504500279984e-05 3.784696534793369790e-04 1.295232267837258125e-03 3.941278828191570327e-03 1.068029548412931934e-02 2.582498568081026402e-02 5.585770618898045631e-02 1.084115127514223981e-01 1.895623270586219988e-01 3.001390984281461782e-01 4.330986327398552715e-01 5.741771746118889963e-01 7.062729012225502645e-01 8.154175438793305197e-01 8.949969219910863805e-01 9.461982041860019788e-01 9.752678771903166011e-01 9.898316685628710809e-01 9.962700825119449322e-01 9.987816673077489771e-01 9.996461870283097628e-01 9.999087617843448461e-01 9.999791296342377400e-01 9.999957687584526411e-01 9.999992402218440546e-01 9.999998792371029843e-01 9.999999830177812576e-01 9.999999978880272922e-01 9.999999997678010732e-01 9.999999999774380477e-01 9.999999999980631049e-01 9.999999999998531175e-01 9.999999999999902300e-01 9.999999999999994449e-01 1.000000000000000000e+00 1.000000000000000000e+00 1.000000000000000000e+00 1.000000000000000000e+00 1.000000000000000000e+00 1.000000000000000000e+00 1.000000000000000000e+00 1.000000000000000000e+00 1.000000000000000000e+00 1.000000000000000000e+00 1.000000000000000000e+00 1.000000000000000000e+00 1.000000000000000000e+00 1.000000000000000000e+00 1.000000000000000000e+00 1.000000000000000000e+00 1.000000000000000000e+00 1.000000000000000000e+00 1.000000000000000000e+00 1.000000000000000000e+00
4.185509469117190867e-77 1.631813257775534726e-74 5.731579800344371320e-72 1.813697283584767104e-69 5.170671074540786018e-67 1.328085479577430356e-64 3.073320217537326653e-62 6.407642153067532814e-60 1.203659571276812701e-57 2.037186534430059536e-55 3.106610029089076032e-53 4.268537142422302865e-51 5.284644916853934378e-49 5.895294980963450490e-47 5.925941718072313385e-45 5.367611278481701710e-43 4.381138610205547350e-41 3.222451055932708642e-39 2.135949654933078808e-37 1.275891863440568180e-35 6.868607410351755572e-34 3.332501510951259458e-32 1.457252786306394669e-30 5.743540153779982204e-29 2.040438245491600018e-27 6.534113684057248896e-26 1.886216610312251894e-24 4.908652802823918975e-23 1.151663011555558550e-21 2.436182970618373500e-20 4.646732454881353608e-19 7.992338494412728464e-18 1.239730731734347873e-16 1.734407936781434778e-15 2.188736416612364951e-14 2.491767541119751030e-13 2.559489850104644352e-12 2.372458396056184730e-11 1.984811838709196877e-10 1.499001733418496087e-09 1.022222949338209272e-08 6.295972895875006351e-08 3.503353945392511049e-07 1.761813675106549719e-06 8.010627343536185185e-06 3.294654171166302076e-05 1.226403162917204129e-04 4.134529323315919462e-04 1.263381627213397591e-03 3.502484780626417826e-03 8.819792514985672072e-03 2.020232629873647268e-02 4.216668707659002036e-02 8.037283801308636733e-02 1.402809095961309871e-01 2.249600733095062088e-01 3.328568242573267111e-01 4.567883393936834624e-01 5.851092135419603268e-01 7.048811750065251402e-01 8.056566911595486324e-01 8.820923835428737814e-01 9.343533626960713878e-01 9.665638644603233853e-01 9.844597865593969210e-01 9.934226121663380926e-01 9.974689983677902383e-01 9.991157120864031516e-01 9.997197911344016807e-01 9.999195428437779309e-01 9.999790822006325852e-01 9.999950788936697865e-01 9.999989529324984083e-01 9.999997986014708129e-01 9.999999649941569979e-01 9.999999945035309423e-01 9.999999992205974575e-01 9.999999999002147089e-01 9.999999999884680024e-01 9.999999999987971844e-01 9.999999999998867573e-01 9.999999999999904521e-01 9.999999999999993339e-01 1.000000000000000000e+00 1.000000000000000000e+00 1.000000000000000000e+00 1.000000000000000000e+00 1.000000000000000000e+00 1.000000000000000000e+00 1.000000000000000000e+00 1.000000000000000000e+00 1.000000000000000000e+00 1.000000000000000000e+00 1.000000000000000000e+00 1.000000000000000000e+00 1.000000000000000000e+00 1.000000000000000000e+00 1.000000000000000000e+00 1.000000000000000000e+00 1.000000000000000000e+00
4.311198339251150449e-64 6.392581564109496844e-62 8.675790668487016779e-60 1.077708591266769946e-57 1.225344973331125141e-55 1.275221712560811271e-53 1.214756367060152736e-51 1.059192832857609180e-49 8.453758098926921306e-48 6.176187877710808246e-46 4.130422450384862723e-44 2.528596858694815185e-42 1.417046888067068543e-40 7.269712823049299486e-39 3.414193989473977343e-37 1.467936190555602904e-35 5.778100027296954433e-34 2.082252764968148225e-32 6.870127831100266809e-31 2.075355792726905367e-29 5.740253794861059445e-28 1.453770860128189495e-26 3.371350807781227410e-25 7.159343856477923894e-24 1.392270076762202526e-22 2.479568763445612368e-21 4.044404064870432595e-20 6.042046759402519982e-19 8.267850830803100616e-18 1.036360218564550833e-16 1.190068559637928712e-15 1.252026241229195963e-14 1.206913308111056610e-13 1.066118323581990234e-12 8.630820349301433424e-12 6.404314852535425964e-11 4.356429228772301846e-10 2.717049090337365323e-09 1.554010322665235027e-08 8.152514716095391630e-08 3.923874685685008883e-07 1.733182711869632474e-06 7.027765812629775712e-06 2.616940006745792807e-05 8.952821633896406416e-05 2.815358968886757076e-04 8.142769968610349702e-04 2.167602421984720848e-03 5.315197954008129243e-03 1.201787449153555315e-02 2.508596383117726175e-02 4.841367090100911347e-02 8.654040150080764826e-02 1.435943694245075952e-01 2.217646957481509973e-01 3.198262045776283369e-01 4.324567960203739569e-01 5.509015023848623516e-01 6.649465869579174182e-01 7.654866184044558652e-01 8.466392620458966789e-01 9.066138118602993234e-01 9.471956047493712560e-01 9.723372905398834920e-01 9.865984651959160967e-01 9.940049569313538225e-01 9.975267555746599735e-01 9.990599930790915462e-01 9.996711395167372505e-01 9.998941729113444143e-01 9.999686942944651102e-01 9.999914911945362306e-01 9.999978760618049023e-01 9.999995132790140406e-01 9.999998976371651249e-01 9.999999802482146816e-01 9.999999965040464733e-01 9.999999994325510233e-01 9.999999999155484431e-01 9.999999999884777724e-01 9.999999999985590415e-01 9.999999999998347988e-01 9.999999999999826805e-01 9.999999999999983347e-01 9.999999999999997780e-01 1.000000000000000000e+00 1.000000000000000000e+00 1.000000000000000000e+00 1.000000000000000000e+00 1.000000000000000000e+00 1.000000000000000000e+00 1.000000000000000000e+00 1.000000000000000000e+00 1.000000000000000000e+00 1.000000000000000000e+00 1.000000000000000000e+00 1.000000000000000000e+00 1.000000000000000000e+00 1.000000000000000000e+00 1.000000000000000000e+00
7.907327989902843928e-62 9.020985039378672782e-60 9.477094873150836478e-58 9.168499618277970646e-56 8.168232036187756406e-54 6.701466653162925281e-52 5.063247941208674312e-50 3.522994154749223822e-48 2.257481694851739921e-46 1.332210025008595141e-44 7.240428257986749942e-43 3.624151024018930245e-41 1.670731395353057797e-39 7.093713317639647991e-38 2.774062022132969618e-36 9.991799398113460715e-35 3.314868970534946574e-33 1.012966221604519189e-31 2.851287971373489937e-30 7.392939395977368015e-29 1.765779634021708823e-27 3.885201223518806787e-26 7.875237637878134825e-25 1.470630855336130112e-23 2.530181183624000864e-22 4.010764091225838651e-21 5.858028231926127509e-20 7.884022112635380284e-19 9.777808667548360306e-18 1.117532675186894657e-16 1.177156634281493848e-15 1.142870321500583197e-14 1.022786745906286474e-13 8.437995801125390726e-13 6.418073173386592041e-12 4.501231094497545234e-11 2.911221279125835650e-10 1.736597190170779372e-09 9.555941082806834998e-09 4.851521381388255897e-08 2.273017777179227768e-07 9.829941310650935750e-07 3.925001800465019684e-06 1.447454377521569794e-05 4.931763997326495645e-05 1.553150840983767266e-04 4.523254664467346478e-04 1.218887652595699363e-03 3.041206995255078295e-03 7.031498099625119527e-03 1.507952103758301507e-02 3.003084812939588871e-02 5.561537685298016676e-02 9.594120702573785686e-02 1.544873575393079790e-01 2.327804163523762293e-01 3.292207391604783373e-01 4.386428161879991072e-01 5.529997271162340189e-01 6.630854831598982368e-01 7.606992378549627398e-01 8.404255793980812683e-01 9.004051247141727776e-01 9.419688474878185058e-01 9.684987041534793839e-01 9.840965152769874935e-01 9.925434596981597135e-01 9.967569463611023473e-01 9.986928701104580419e-01 9.995121607467534197e-01 9.998315271257784964e-01 9.999461945504213300e-01 9.999841163251571574e-01 9.999956676799641730e-01 9.999989086177163422e-01 9.999997461463425719e-01 9.999999454968904189e-01 9.999999892009228120e-01 9.999999980258125198e-01 9.999999996670752012e-01 9.999999999482167556e-01 9.999999999925723859e-01 9.999999999990176747e-01 9.999999999998802069e-01 9.999999999999864553e-01 9.999999999999986677e-01 9.999999999999998890e-01 1.000000000000000000e+00 1.000000000000000000e+00 1.000000000000000000e+00 1.000000000000000000e+00 1.000000000000000000e+00 1.000000000000000000e+00 1.000000000000000000e+00 1.000000000000000000e+00 1.000000000000000000e+00 1.000000000000000000e+00 1.000000000000000000e+00 1.000000000000000000e+00 1.000000000000000000e+00
1.947198734328821919e-56 1.352948188716425794e-54 8.742727843468229709e-53 5.254266876771326898e-51 2.936847361827980269e-49 1.526720924266360944e-47 7.381628800522073783e-46 3.319437724361266233e-44 1.388361163813030098e-42 5.400974933540256041e-41 1.954250208894309094e-39 6.577084028740781992e-38 2.058918572869220411e-36 5.995222497423115659e-35 1.623828216452520131e-33 4.091215285735125675e-32 9.588517507531766477e-31 2.090487268773232570e-29 4.239857471529778675e-28 7.999708352886388493e-27 1.404198625020832857e-25 2.293124642703090262e-24 3.484060948560174474e-23 4.925134862891356136e-22 6.478006262190416822e-21 7.928177220701685760e-20 9.028871508865845756e-19 9.568476127051240067e-18 9.436787095230035620e-17 8.661688616736261349e-16 7.399549462895518098e-15 5.883857669046527084e-14 4.355179012962509339e-13 3.001048054145627389e-12 1.925319687777212074e-11 1.150111315466306100e-10 6.397835588002000347e-10 3.314645700777516067e-09 1.599606350792120909e-08 7.191669032764628876e-08 3.012757023106040518e-07 1.176261157391894074e-06 4.281026131714861285e-06 1.452812812381588535e-05 4.598527357487560427e-05 1.358077250833289592e-04 3.743685804408219031e-04 9.637051808180159725e-04 2.317892612664421582e-03 5.212211503585341410e-03 1.096617666713763095e-02 2.160619191256289359e-02 3.990708477547433297e-02 6.918620704319349002e-02 1.127574770894510109e-01 1.730688652943556116e-01 2.507214329188119928e-01 3.437186724272025540e-01 4.473145053741979238e-01 5.546572409941360471e-01 6.581145610176836191e-01 7.508632822540950436e-01 8.282047884673924276e-01 8.881942627987329253e-01 9.314750219411298549e-01 9.605200374937914454e-01 9.786503269292712304e-01 9.891770596176217012e-01 9.948621509220078041e-01 9.977180012973005940e-01 9.990524033047749608e-01 9.996323527520418750e-01 9.998667997656118800e-01 9.999549552222626314e-01 9.999857872689867921e-01 9.999958173127498906e-01 9.999988522463694185e-01 9.999997064078232079e-01 9.999999300087419885e-01 9.999999844525400139e-01 9.999999967825313751e-01 9.999999993797883402e-01 9.999999998886537345e-01 9.999999999813848905e-01 9.999999999971023179e-01 9.999999999995800026e-01 9.999999999999433786e-01 9.999999999999928946e-01 9.999999999999991118e-01 9.999999999999998890e-01 1.000000000000000000e+00 1.000000000000000000e+00 1.000000000000000000e+00 1.000000000000000000e+00 1.000000000000000000e+00 1.000000000000000000e+00 1.000000000000000000e+00 1.000000000000000000e+00 1.000000000000000000e+00 1.000000000000000000e+00
1.112476507540602119e-60 1.001732277502558743e-58 8.361581343648404258e-57 6.470016300152322261e-55 4.640951492341195440e-53 3.086015577301375203e-51 1.902320182115024835e-49 1.087098241042436005e-47 5.759160727490662438e-46 2.828529423998124464e-44 1.287892176513094999e-42 5.436534938628866642e-41 2.127628026427066533e-39 7.719824988730265116e-38 2.596960203933601606e-36 8.099861178113597530e-35 2.342357585262322932e-33 6.280607322129928965e-32 1.561467839251529404e-30 3.599633089663700680e-29 7.694649035778728113e-28 1.525236622559334179e-26 2.803604984603274361e-25 4.779054550887474860e-24 7.554891130609808239e-23 1.107623642509052686e-21 1.506094077383417171e-20 1.899448258679517529e-19 2.221977267259068793e-18 2.411080464529266164e-17 2.426995779860065605e-16 2.266413741682896492e-15 1.963597675953757982e-14 1.578491479405075748e-13 1.177457000700248978e-12 8.150823017026746226e-12 5.236683894953257353e-11 3.122911356156633996e-10 1.728888681814433005e-09 8.886705737679072091e-09 4.241807668584582735e-08 1.880513720247837807e-07 7.744739342255311539e-07 2.963763464031738249e-06 1.054151035416282670e-05 3.485924460376869005e-05 1.072118055936551666e-04 3.067996446304084752e-04 8.172636243377354127e-04 2.027717877735565714e-03 4.688965023996793935e-03 1.011367819680553982e-02 2.036604615353874298e-02 3.833109505359469371e-02 6.751815221809169543e-02 1.114835147118500847e-01 1.728865862471288262e-01 2.523979403747349526e-01 3.478594347532888431e-01 4.541237928243930244e-01 5.637987576155850666e-01 6.687500813822513379e-01 7.618670446446900169e-01 8.384672552812426627e-01 8.968912286183885474e-01 9.382066086686879913e-01 9.652955108647893745e-01 9.817630758486637355e-01 9.910447200645238208e-01 9.958951150795840590e-01 9.982452076089796122e-01 9.993009242547452597e-01 9.997406309914163014e-01 9.999104283381882174e-01 9.999712207396462826e-01 9.999914005375935000e-01 9.999976111130957079e-01 9.999993832314102438e-01 9.999998520422579418e-01 9.999999670282182507e-01 9.999999931758456473e-01 9.999999986884658965e-01 9.999999997659729800e-01 9.999999999612343426e-01 9.999999999940396567e-01 9.999999999991495692e-01 9.999999999998874234e-01 9.999999999999862332e-01 9.999999999999984457e-01 9.999999999999997780e-01 1.000000000000000000e+00 1.000000000000000000e+00 1.000000000000000000e+00 1.000000000000000000e+00 1.000000000000000000e+00 1.000000000000000000e+00 1.000000000000000000e+00 1.000000000000000000e+00 1.000000000000000000e+00 1.000000000000000000e+00
2.905260412346862601e-64 3.380351010968071911e-62 3.631269104396019797e-60 3.601465059691612213e-58 3.297832283980610010e-56 2.788118322509733483e-54 2.176366591371344221e-52 1.568542622339961317e-50 1.043781319841433829e-48 6.413239335631401217e-47 3.638364883721762752e-45 1.905910211321302758e-43 9.218768290467485889e-42 4.117417961192634148e-40 1.698112170248910735e-38 6.467038168468912049e-37 2.274316513519793410e-35 7.386049266450617902e-34 2.215130561714791725e-32 6.135119159523301585e-31 1.569259215166141709e-29 3.707034959844781392e-28 8.087833282886794790e-27 1.629766622969165938e-25 3.033344077087904083e-24 5.214797918386491464e-23 8.281151166081799047e-22 1.214788652428540150e-20 1.646222566808869548e-19 2.060995595527145920e-18 2.383917463662671784e-17 2.547758615564114986e-16 2.515985548869009823e-15 2.296009294632395372e-14 1.936381622683674114e-13 1.509385038305626314e-12 1.087539894407398488e-11 7.243953572818059355e-11 4.461145032785536848e-10 2.540497211787836997e-09 1.338017712945986372e-08 6.518589902710186776e-08 2.938206624705762337e-07 1.225598525807353913e-06 4.732231733842622450e-06 1.691871148754477280e-05 5.602784822093649994e-05 1.719301778654685445e-04 4.891219543776485464e-04 1.290743201837041016e-03 3.161579029096099527e-03 7.193600010089860018e-03 1.521835715567406745e-02 2.996741420774159254e-02 5.500087852881891531e-02 9.423852573478867789e-02 1.510336544387057278e-01 2.269518758779229262e-01 3.206667024142978439e-01 4.274979548354865821e-01 5.399626760416844640e-01 6.492984729654849296e-01 7.474589044271523486e-01 8.288427790201396972e-01 8.911542118707298510e-01 9.352121422021142383e-01 9.639799511130590082e-01 9.813265779834525748e-01 9.909859284688635750e-01 9.959530454560838741e-01 9.983118026362343134e-01 9.993461898376767572e-01 9.997650823963172284e-01 9.999217359244925163e-01 9.999758355238579366e-01 9.999930884372334461e-01 9.999981693699182550e-01 9.999995511375823209e-01 9.999998981420554767e-01 9.999999786134210478e-01 9.999999958460532579e-01 9.999999992537694782e-01 9.999999998760329412e-01 9.999999999809587869e-01 9.999999999972961628e-01 9.999999999996450617e-01 9.999999999999569233e-01 9.999999999999951150e-01 9.999999999999995559e-01 1.000000000000000000e+00 1.000000000000000000e+00 1.000000000000000000e+00 1.000000000000000000e+00 1.000000000000000000e+00 1.000000000000000000e+00 1.000000000000000000e+00 1.000000000000000000e+00 1.000000000000000000e+00 1.000000000000000000e+00 1.000000000000000000e+00
5.304961716656404363e-75 1.239323001521260840e-72 2.647111124418403046e-70 5.169508088719450057e-68 9.230385229632406891e-66 1.506913730287971123e-63 2.249362936253132680e-61 3.069998295193784949e-59 3.831151508308111098e-57 4.371581070286616748e-55 4.561119941652060903e-53 4.351452574602473715e-51 3.796061469041508780e-49 3.028135014878986043e-47 2.208856294559265348e-45 1.473389520111975669e-43 8.987392785059613199e-42 5.013310129030091250e-40 2.557404158722781949e-38 1.193075636674016173e-36 5.090271536811631309e-35 1.986230184273994170e-33 7.088363257389983692e-32 2.313679053186178781e-30 6.907406369531480189e-29 1.886238940879416166e-27 4.711557266927182990e-26 1.076554183330537416e-24 2.250246081258447379e-23 4.302962111853112143e-22 7.527849413510289111e-21 1.204938163669218078e-19 1.764720219472133438e-18 2.365013523805705145e-17 2.900483258103508129e-16 3.255529651647568278e-15 3.344466356164443456e-14 3.145063943678597698e-13 2.707559868380311205e-12 2.134158532272261412e-11 1.540408352138755503e-10 1.018295217479143401e-09 6.166191714741483799e-09 3.420998642972084648e-08 1.739323970741728582e-07 8.106122788282459505e-07 3.464027868343427892e-06 1.357799904645930657e-05 4.883728259570010283e-05 1.612624362149428991e-04 4.891269899178942848e-04 1.363645444601291898e-03 3.497129546920169606e-03 8.257688636009175021e-03 1.797344523345125941e-02 3.610968323739989494e-02 6.707469777576201275e-02 1.154306837826397786e-01 1.845000104620501125e-01 2.747354527456588036e-01 3.825622554374469297e-01 5.004135661805187985e-01 6.182285296675757991e-01 7.259555963197679151e-01 8.160519731996216386e-01 8.849723212763095370e-01 9.331942461304252312e-01 9.640543681299219569e-01 9.821180218721075050e-01 9.917889254264377064e-01 9.965245842567482804e-01 9.986455998721595062e-01 9.995144711216026323e-01 9.998400175178379090e-01 9.999515788972794805e-01 9.999865456909869943e-01 9.999965695733692428e-01 9.999991977311155633e-01 9.999998279612420937e-01 9.999999661828562481e-01 9.999999939082997447e-01 9.999999989946157797e-01 9.999999998480045837e-01 9.999999999789546123e-01 9.999999999973316900e-01 9.999999999996902478e-01 9.999999999999671374e-01 9.999999999999967804e-01 9.999999999999997780e-01 1.000000000000000000e+00 1.000000000000000000e+00 1.000000000000000000e+00 1.000000000000000000e+00 1.000000000000000000e+00 1.000000000000000000e+00 1.000000000000000000e+00 1.000000000000000000e+00 1.000000000000000000e+00 1.000000000000000000e+00 1.000000000000000000e+00
1.232608134987384581e-104 2.291725709886449632e-101 3.772979887814518171e-98 5.500401422461698041e-95 7.100620642909323672e-92 8.116979626461906589e-89 8.216620520706123517e-86 7.365415882933836137e-83 5.846709009113093762e-80 4.109992271993851261e-77 2.558534618692488408e-74 1.410483831666397680e-71 6.886166788498729905e-69 2.977323468604702486e-66 1.140040807044626311e-63 3.866054035050566236e-61 1.161117837250199783e-58 3.088543535458774552e-56 7.276272338802604059e-54 1.518277887108453712e-51 2.806019213434737346e-49 4.593436405044818161e-47 6.660454544995064565e-45 8.554632391064784648e-43 9.732923247630759549e-41 9.809431857153705157e-39 8.758268866207288701e-37 6.927603663452907695e-35 4.854628169197392676e-33 3.014091522613844106e-31 1.658079901448109758e-29 8.082132035892645318e-28 3.490944252482149014e-26 1.336237830603164793e-24 4.532925229904482337e-23 1.362888682847960210e-21 3.632166826759640888e-20 8.580947054153070236e-19 1.797271316472199449e-17 3.337729772666468628e-16 5.496723651110667286e-15 8.028508241615080346e-14 1.040195909338779255e-12 1.195708567315438903e-11 1.219711786399979777e-10 1.104373064584088922e-09 8.878139222602336212e-09 6.338923778248764583e-08 4.021234713348008317e-07 2.267485663252234634e-06 1.137093694683132284e-05 5.074373832016989969e-05 2.016620690124993232e-04 7.143472015015177789e-04 2.257928865069374399e-03 6.376866331661464049e-03 1.611831236640534973e-02 3.653802405640384915e-02 7.447549360779774641e-02 1.369472357559014253e-01 2.281270228970851133e-01 3.460818377984800076e-01 4.813316247186408825e-01 6.187871543091543192e-01 7.426076837693126320e-01 8.414691918808872018e-01 9.114315555217246123e-01 9.553151451220469603e-01 9.797121913729415210e-01 9.917338960352034549e-01 9.969841959816529986e-01 9.990164889054848896e-01 9.997137041099040111e-01 9.999256960561815344e-01 9.999828224600617599e-01 9.999964655246489365e-01 9.999993531213648978e-01 9.999998947508390579e-01 9.999999847835618905e-01 9.999999980459484128e-01 9.999999997771862326e-01 9.999999999774469295e-01 9.999999999979740650e-01 9.999999999998385736e-01 9.999999999999885647e-01 9.999999999999993339e-01 1.000000000000000000e+00 1.000000000000000000e+00 1.000000000000000000e+00 1.000000000000000000e+00 1.000000000000000000e+00 1.000000000000000000e+00 1.000000000000000000e+00 1.000000000000000000e+00 1.000000000000000000e+00 1.000000000000000000e+00 1.000000000000000000e+00 1.000000000000000000e+00 1.000000000000000000e+00 1.000000000000000000e+00
7.501248506695425372e-173 1.771755844264173668e-167 3.434525760246999130e-162 5.464191983892908003e-157 7.134856738040857014e-152 7.646254774990979092e-147 6.725440676897812908e-142 4.855184078994749804e-137 2.876791360366018503e-132 1.399051620875642863e-127 5.584535976246157457e-123 1.829675187267370151e-118 4.920399276447118931e-114 1.086106395271310171e-109 1.967871252456183129e-105 2.926714018617401726e-101 3.572980419787128865e-97 3.580598664287723261e-93 2.945532009510608347e-89 1.989133492244029945e-85 1.102721375572454618e-81 5.018565519958303978e-78 1.875065029832380357e-74 5.751588216842647540e-71 1.448460348652183386e-67 2.994928325429135409e-64 5.084426068205353041e-61 7.087433227066069675e-58 8.112313504231115756e-55 7.624788178022904376e-52 5.885161382350263588e-49 3.730426906761012597e-46 1.942013799533434377e-43 8.303592674040676201e-41 2.916275927741725347e-38 8.413406140829136551e-36 1.994026329509664702e-33 3.882796485454463923e-31 6.212355830631682967e-29 8.167971717457358717e-27 8.826171713752014507e-25 7.839557290839303011e-23 5.724537136497928586e-21 3.437136807625448998e-19 1.697265478145868125e-17 6.894476068024435600e-16 2.304459256701352126e-14 6.340008738519856181e-13 1.436229187237981176e-11 2.680151374514606506e-10 4.122121094344204848e-09 5.228496419810088580e-08 5.473347113275156200e-07 4.733119745502882186e-06 3.384956581204602051e-05 2.004874046638676342e-04 9.852188940201896377e-04 4.026219556898658417e-03 1.372445225404464973e-02 3.917976257170645987e-02 9.417168233890585438e-02 1.919571999542811214e-01 3.350840126554106568e-01 5.075282818858989353e-01 6.785546292552164793e-01 8.181797406939831374e-01 9.120103774062875424e-01 9.639137366332820589e-01 9.875457045390287902e-01 9.964016931431607382e-01 9.991330698797689092e-01 9.998263427017022309e-01 9.999711437814233772e-01 9.999960294009713202e-01 9.999995482089831800e-01 9.999999575380080774e-01 9.999999967065349438e-01 9.999999997893431747e-01 9.999999999888953273e-01 9.999999999995178301e-01 9.999999999999826805e-01 9.999999999999995559e-01 1.000000000000000000e+00 1.000000000000000000e+00 1.000000000000000000e+00 1.000000000000000000e+00 1.000000000000000000e+00 1.000000000000000000e+00 1.000000000000000000e+00 1.000000000000000000e+00 1.000000000000000000e+00 1.000000000000000000e+00 1.000000000000000000e+00 1.000000000000000000e+00 1.000000000000000000e+00 1.000000000000000000e+00 1.000000000000000000e+00 1.000000000000000000e+00 1.000000000000000000e+00 1.000000000000000000e+00
0.000000000000000000e+00 0.000000000000000000e+00 5.055665464585220402e-315 5.629413081166264391e-305 4.297883566878186852e-295 2.249867066665636676e-285 8.075583347986763601e-276 1.987513767625738712e-266 3.354054998379514071e-257 3.881135893330677134e-248 3.079507486584759370e-239 1.675493781228345232e-230 6.250995997234835099e-222 1.599213697655092653e-213 2.805569641328847494e-205 3.375201128029443449e-197 2.784514671912677151e-189 1.575354374704896536e-181 6.112150768250927159e-174 1.626318392812408277e-166 2.967714165037264152e-159 3.714098718926203892e-152 3.187941076919997623e-145 1.876739316174283404e-138 7.577860976135808454e-132 2.098705211610082271e-125 3.986873922039521654e-119 5.195233439023157802e-113 4.643929617751879559e-107 2.847685782323338025e-101 1.197964088508681453e-95 3.457498246793990100e-90 6.846516340840804799e-85 9.302337434310311002e-80 8.672753268974641173e-75 5.548745926310325783e-70 2.436347766293130473e-65 7.342223068848466456e-61 1.518801903271053685e-56 2.156781466455814294e-52 2.102782411342655786e-48 1.407744684739317191e-44 6.472328835763034919e-41 2.043991283239360658e-37 4.434703134031841178e-34 6.611728942454566514e-31 6.775536622940000082e-28 4.773998497765223151e-25 2.313584254660209079e-22 7.714994175614127215e-20 1.771133569111601214e-17 2.800886987265949891e-15 3.053439775588155338e-13 2.296831077482697460e-11 1.193469363470745892e-09 4.290105557570261440e-08 1.068852300613329593e-06 1.850298176117287681e-05 2.233058519538611410e-04 1.887610323659457377e-03 1.124979291134292451e-02 4.772783044814381953e-02 1.462244682947864971e-01 3.306085097701145781e-01 5.699698814252989187e-01 7.854779563117445518e-01 9.200427947852825028e-01 9.783026250978525962e-01 9.957859601031748831e-01 9.994208458329582045e-01 9.999441092669751896e-01 9.999962329749225720e-01 9.999998233560059013e-01 9.999999942533414066e-01 9.999999998705718651e-01 9.999999999979851673e-01 9.999999999999783507e-01 9.999999999999997780e-01 1.000000000000000000e+00 1.000000000000000000e+00 1.000000000000000000e+00 1.000000000000000000e+00 1.000000000000000000e+00 1.000000000000000000e+00 1.000000000000000000e+00 1.000000000000000000e+00 1.000000000000000000e+00 1.000000000000000000e+00 1.000000000000000000e+00 1.000000000000000000e+00 1.000000000000000000e+00 1.000000000000000000e+00 1.000000000000000000e+00 1.000000000000000000e+00 1.000000000000000000e+00 1.000000000000000000e+00 1.000000000000000000e+00 1.000000000000000000e+00 1.000000000000000000e+00 1.000000000000000000e+00
0.000000000000000000e+00 0.000000000000000000e+00 0.000000000000000000e+00 0.000000000000000000e+00 0.000000000000000000e+00 0.000000000000000000e+00 0.000000000000000000e+00 0.000000000000000000e+00 0.000000000000000000e+00 0.000000000000000000e+00 0.000000000000000000e+00 1.122712156642735755e-313 6.508955536124166814e-302 2.241026659476114529e-290 4.582285139170645367e-279 5.564466030390534589e-268 4.013086664223233300e-257 1.718917635009550516e-246 4.372818150214703375e-236 6.607033008754611791e-226 5.929249660209301863e-216 3.160467650397685490e-206 1.000626921515225402e-196 1.881801888761766967e-187 2.102175788614794595e-178 1.394989888457649980e-169 5.499136923304202139e-161 1.287819998168492686e-152 1.791719278285598715e-144 1.481007971817502758e-136 7.273400875976950106e-129 2.122424393465132421e-121 3.680149093801912239e-114 3.791955850004571780e-107 2.321959192599873560e-100 8.450279265981864628e-94 1.827880390472484328e-87 2.350301723287734491e-81 1.796560763339850764e-75 8.164903634887562655e-70 2.206507581488544227e-64 3.546224884032016308e-59 3.390026148605933726e-54 1.927945919084932453e-49 6.524275484069286305e-45 1.314074080578805319e-40 1.575719056559535729e-36 1.125254918318373436e-32 4.787441347221455991e-29 1.214046738378157703e-25 1.836055981465780174e-22 1.657088716068302401e-19 8.932497064588365756e-17 2.878818410753235787e-14 5.554399893820302254e-12 6.426500673038860125e-10 4.468830087568555645e-08 1.873277902731073094e-06 4.753513926778487025e-05 7.345653988770979755e-04 6.974280592149343684e-03 4.124146915189061402e-02 1.552126500230181505e-01 3.850659531307554229e-01 6.663750116351008224e-01 8.753503469368870693e-01 9.695472341930591043e-01 9.952884265141621611e-01 9.995473846367586290e-01 9.999733385538984720e-01 9.999990448602469328e-01 9.999999793053484520e-01 9.999999997298802956e-01 9.999999999978819165e-01 9.999999999999900080e-01 1.000000000000000000e+00 1.000000000000000000e+00 1.000000000000000000e+00 1.000000000000000000e+00 1.000000000000000000e+00 1.000000000000000000e+00 1.000000000000000000e+00 1.000000000000000000e+00 1.000000000000000000e+00 1.000000000000000000e+00 1.000000000000000000e+00 1.000000000000000000e+00 1.000000000000000000e+00 1.000000000000000000e+00 1.000000000000000000e+00 1.000000000000000000e+00 1.000000000000000000e+00 1.000000000000000000e+00 1.000000000000000000e+00 1.000000000000000000e+00 1.000000000000000000e+00 1.000000000000000000e+00 1.000000000000000000e+00 1.000000000000000000e+00 1.000000000000000000e+00
0.000000000000000000e+00 0.000000000000000000e+00 0.000000000000000000e+00 0.000000000000000000e+00 0.000000000000000000e+00 0.000000000000000000e+00 0.000000000000000000e+00 0.000000000000000000e+00 0.000000000000000000e+00 0.000000000000000000e+00 0.000000000000000000e+00 0.000000000000000000e+00 0.000000000000000000e+00 0.000000000000000000e+00 0.000000000000000000e+00 0.000000000000000000e+00 0.000000000000000000e+00 0.000000000000000000e+00 0.000000000000000000e+00 0.000000000000000000e+00 5.465848239941710518e-320 1.933089624733806077e-305 3.119886156346574185e-291 2.297917236419286152e-277 7.724168322134718906e-264 1.184962505205047117e-250 8.296748725233272691e-238 2.651415828653879322e-225 3.867513225484770057e-213 2.575068607723655857e-201 7.826534295521857911e-190 1.085916447527325259e-178 6.878507514660943091e-168 1.989252690012078268e-157 2.626717575269016483e-147 1.583789029919769419e-137 4.360920438280297694e-128 5.483985243065318262e-119 3.149899755647496368e-110 8.264755171476620690e-102 9.907243142004944946e-94 5.426619500805266408e-86 1.358415152150196724e-78 1.554338144207947065e-71 8.131375232441561209e-65 1.945354189784946298e-58 2.129014007436014256e-52 1.066240062132452891e-46 2.444599107370173689e-41 2.567150582194507858e-36 1.235509499236096758e-31 2.727158845163766460e-27 2.763377181257107707e-23 1.286870809307582388e-19 2.758272988647437931e-16 2.726407736046246934e-13 1.246038198490608604e-10 2.642605972770301196e-08 2.614263314936159675e-06 1.215756374244864854e-04 2.690184168284028184e-03 2.889438368885565919e-02 1.559456355593961396e-01 4.501722397808366471e-01 7.766144639452493559e-01 9.502049922496403900e-01 9.943435134147680099e-01 9.996856433711012180e-01 9.999916488461434438e-01 9.999998954082318647e-01 9.999999993878220250e-01 9.999999999983351096e-01 9.999999999999978906e-01 1.000000000000000000e+00 1.000000000000000000e+00 1.000000000000000000e+00 1.000000000000000000e+00 1.000000000000000000e+00 1.000000000000000000e+00 1.000000000000000000e+00 1.000000000000000000e+00 1.000000000000000000e+00 1.000000000000000000e+00 1.000000000000000000e+00 1.000000000000000000e+00 1.000000000000000000e+00 1.000000000000000000e+00 1.000000000000000000e+00 1.000000000000000000e+00 1.000000000000000000e+00 1.000000000000000000e+00 1.000000000000000000e+00 1.000000000000000000e+00 1.000000000000000000e+00 1.000000000000000000e+00 1.000000000000000000e+00 1.000000000000000000e+00 1.000000000000000000e+00 1.000000000000000000e+00 1.000000000000000000e+00
0.000000000000000000e+00 0.000000000000000000e+00 0.000000000000000000e+00 0.000000000000000000e+00 0.000000000000000000e+00 0.000000000000000000e+00 0.000000000000000000e+00 0.000000000000000000e+00 0.000000000000000000e+00 0.000000000000000000e+00 0.000000000000000000e+00 0.000000000000000000e+00 0.000000000000000000e+00 0.000000000000000000e+00 0.000000000000000000e+00 0.000000000000000000e+00 0.000000000000000000e+00 0.000000000000000000e+00 0.000000000000000000e+00 0.000000000000000000e+00 0.000000000000000000e+00 0.000000000000000000e+00 0.000000000000000000e+00 0.000000000000000000e+00 0.000000000000000000e+00 0.000000000000000000e+00 0.000000000000000000e+00 4.446590812571218898e-323 2.657887969884210590e-305 4.956807856406825559e-288 2.881211213839765558e-271 5.220108763011751032e-255 2.948095740062846074e-239 5.190269556930449659e-224 2.848762272198780433e-209 4.875009825226126180e-195 2.601277282727509523e-181 4.328455717036650585e-168 2.246275045604267978e-155 3.636059086573687298e-143 1.836108746587952385e-131 2.892910558054008492e-120 1.422394994122008628e-109 2.182957069950551936e-99 1.045960371270220642e-89 1.565138518761120738e-80 7.316466719079990203e-72 1.068884717301270728e-63 4.882518667960947626e-56 6.977266052248937945e-49 3.121433592551203995e-42 4.375433246260770997e-36 1.923769199486900011e-30 2.656736766690223026e-25 1.154495552525552485e-20 1.582480626417224722e-16 6.865095920069990190e-13 9.471351908446990322e-10 4.185774432563324677e-07 5.993854319926910171e-05 2.835213566485826186e-03 4.588523435192522204e-02 2.722545189003823252e-01 6.822908038997628211e-01 9.399360804693891458e-01 9.957851989710833074e-01 9.998981902515768905e-01 9.999991850256717552e-01 9.999999978823207458e-01 9.999999999982354115e-01 9.999999999999995559e-01 1.000000000000000000e+00 1.000000000000000000e+00 1.000000000000000000e+00 1.000000000000000000e+00 1.000000000000000000e+00 1.000000000000000000e+00 1.000000000000000000e+00 1.000000000000000000e+00 1.000000000000000000e+00 1.000000000000000000e+00 1.000000000000000000e+00 1.000000000000000000e+00 1.000000000000000000e+00 1.000000000000000000e+00 1.000000000000000000e+00 1.000000000000000000e+00 1.000000000000000000e+00 1.000000000000000000e+00 1.000000000000000000e+00 1.000000000000000000e+00 1.000000000000000000e+00 1.000000000000000000e+00 1.000000000000000000e+00 1.000000000000000000e+00 1.000000000000000000e+00 1.000000000000000000e+00 1.000000000000000000e+00 1.000000000000000000e+00 1.000000000000000000e+00
0.000000000000000000e+00 0.000000000000000000e+00 0.000000000000000000e+00 0.000000000000000000e+00 0.000000000000000000e+00 0.000000000000000000e+00 0.000000000000000000e+00 0.000000000000000000e+00 0.000000000000000000e+00 0.000000000000000000e+00 0.000000000000000000e+00 0.000000000000000000e+00 0.000000000000000000e+00 0.000000000000000000e+00 0.000000000000000000e+00 0.000000000000000000e+00 0.000000000000000000e+00 0.000000000000000000e+00 0.000000000000000000e+00 0.000000000000000000e+00 0.000000000000000000e+00 0.000000000000000000e+00 0.000000000000000000e+00 0.000000000000000000e+00 0.000000000000000000e+00 0.000000000000000000e+00 0.000000000000000000e+00 0.000000000000000000e+00 0.000000000000000000e+00 0.000000000000000000e+00 0.000000000000000000e+00 0.000000000000000000e+00 3.258069050133300569e-307 4.028604831896257060e-287 1.030931313917998678e-267 5.460386701896631308e-249 5.986567742374216308e-231 1.358752718485477646e-213 6.385044717615878929e-197 6.213097639784122830e-181 1.252105182937508659e-165 5.226837006080896490e-151 4.520546929803962705e-137 8.102122753535417322e-124 3.010099628256525187e-111 2.318866511038112202e-99 3.705502677713425243e-88 1.228825344828960289e-77 8.461356805481241314e-68 1.210552317969008215e-58 3.601435640232795052e-50 2.230294271698823774e-42 2.878814738295178580e-35 7.758474552543508634e-29 4.375728286175868765e-23 5.181053957681443721e-18 1.293782762735287795e-13 6.860444094982994906e-10 7.809211633748209904e-07 1.943853093003981630e-04 1.095203529529359746e-02 1.499931052094277406e-01 5.867144430202967387e-01 9.298487687010059677e-01 9.968354915502491975e-01 9.999663726075938008e-01 9.999999203006569859e-01 9.999999999590102329e-01 9.999999999999955591e-01 1.000000000000000000e+00 1.000000000000000000e+00 1.000000000000000000e+00 1.000000000000000000e+00 1.000000000000000000e+00 1.000000000000000000e+00 1.000000000000000000e+00 1.000000000000000000e+00 1.000000000000000000e+00 1.000000000000000000e+00 1.000000000000000000e+00 1.000000000000000000e+00 1.000000000000000000e+00 1.000000000000000000e+00 1.000000000000000000e+00 1.000000000000000000e+00 1.000000000000000000e+00 1.000000000000000000e+00 1.000000000000000000e+00 1.000000000000000000e+00 1.000000000000000000e+00 1.000000000000000000e+00 1.000000000000000000e+00 1.000000000000000000e+00 1.000000000000000000e+00 1.000000000000000000e+00 1.000000000000000000e+00 1.000000000000000000e+00 1.000000000000000000e+00 1.000000000000000000e+00 1.000000000000000000e+00
0.000000000000000000e+00 0.000000000000000000e+00 0.000000000000000000e+00 0.000000000000000000e+00 0.000000000000000000e+00 0.000000000000000000e+00 0.000000000000000000e+00 0.000000000000000000e+00 0.000000000000000000e+00 0.000000000000000000e+00 0.000000000000000000e+00 0.000000000000000000e+00 0.000000000000000000e+00 0.000000000000000000e+00 0.000000000000000000e+00 0.000000000000000000e+00 0.000000000000000000e+00 0.000000000000000000e+00 0.000000000000000000e+00 0.000000000000000000e+00 0.000000000000000000e+00 0.000000000000000000e+00 0.000000000000000000e+00 0.000000000000000000e+00 0.000000000000000000e+00 0.000000000000000000e+00 0.000000000000000000e+00 0.000000000000000000e+00 0.000000000000000000e+00 0.000000000000000000e+00 0.000000000000000000e+00 0.000000000000000000e+00 0.000000000000000000e+00 0.000000000000000000e+00 0.000000000000000000e+00 3.209746479519725626e-316 1.439095005943671298e-292 7.661055134708767624e-270 4.843135414230449206e-248 3.636384510476429885e-227 3.243348251364687357e-207 3.437038076981699354e-188 4.328541896659878832e-170 6.480088722710792721e-153 1.153552664283024728e-136 2.442701550851046707e-121 6.155589729115672458e-107 1.846986034548195105e-93 6.602835822246368606e-81 2.814582508402305186e-69 1.432007285006736671e-58 8.707131637466476617e-49 6.337568238934189017e-40 5.534142218956889058e-32 5.815488562508244878e-25 7.386389593011701175e-19 1.141407412580007763e-13 2.168443019962622832e-09 5.156310476459894388e-06 1.587728924442491580e-03 6.812116501460005469e-02 4.881768877018116681e-01 9.237347557363040362e-01 9.980795483752923358e-01 9.999932312522505917e-01 9.999999969046360349e-01 9.999999999998225864e-01 1.000000000000000000e+00 1.000000000000000000e+00 1.000000000000000000e+00 1.000000000000000000e+00 1.000000000000000000e+00 1.000000000000000000e+00 1.000000000000000000e+00 1.000000000000000000e+00 1.000000000000000000e+00 1.000000000000000000e+00 1.000000000000000000e+00 1.000000000000000000e+00 1.000000000000000000e+00 1.000000000000000000e+00 1.000000000000000000e+00 1.000000000000000000e+00 1.000000000000000000e+00 1.000000000000000000e+00 1.000000000000000000e+00 1.000000000000000000e+00 1.000000000000000000e+00 1.000000000000000000e+00 1.000000000000000000e+00 1.000000000000000000e+00 1.000000000000000000e+00 1.000000000000000000e+00 1.000000000000000000e+00 1.000000000000000000e+00 1.000000000000000000e+00 1.000000000000000000e+00 1.000000000000000000e+00 1.000000000000000000e+00 1.000000000000000000e+00
0.000000000000000000e+00 0.000000000000000000e+00 0.000000000000000000e+00 0.000000000000000000e+00 0.000000000000000000e+00 0.000000000000000000e+00 0.000000000000000000e+00 0.000000000000000000e+00 0.000000000000000000e+00 0.000000000000000000e+00 0.000000000000000000e+00 0.000000000000000000e+00 0.000000000000000000e+00 0.000000000000000000e+00 0.000000000000000000e+00 0.000000000000000000e+00 0.000000000000000000e+00 0.000000000000000000e+00 0.000000000000000000e+00 0.000000000000000000e+00 0.000000000000000000e+00 0.000000000000000000e+00 0.000000000000000000e+00 0.000000000000000000e+00 0.000000000000000000e+00 0.000000000000000000e+00 0.000000000000000000e+00 0.000000000000000000e+00 0.000000000000000000e+00 0.000000000000000000e+00 0.000000000000000000e+00 0.000000000000000000e+00 0.000000000000000000e+00 0.000000000000000000e+00 0.000000000000000000e+00 0.000000000000000000e+00 0.000000000000000000e+00 0.000000000000000000e+00 3.145697338326040303e-314 8.256416200603869226e-287 1.190792596115179843e-260 9.439467863052881973e-236 4.113751916744207812e-212 9.859142012957217307e-190 1.299885733405290091e-168 9.432353721394390804e-149 3.768814037416798526e-130 8.297125604769349903e-113 1.007209966594618193e-96 6.748328391353092340e-82 2.498529528878804969e-68 5.120029329719857068e-56 5.819394180948755668e-45 3.679278374663475244e-35 1.299356639403296701e-26 2.579094751688801432e-19 2.905692369624315130e-13 1.889730153559290899e-08 7.326386305993784075e-05 1.817883918608695359e-02 3.486649115864075554e-01 9.057533907134448503e-01 9.987320592092274740e-01 9.999988380675390864e-01 9.999999999349183932e-01 9.999999999999997780e-01 1.000000000000000000e+00 1.000000000000000000e+00 1.000000000000000000e+00 1.000000000000000000e+00 1.000000000000000000e+00 1.000000000000000000e+00 1.000000000000000000e+00 1.000000000000000000e+00 1.000000000000000000e+00 1.000000000000000000e+00 1.000000000000000000e+00 1.000000000000000000e+00 1.000000000000000000e+00 1.000000000000000000e+00 1.000000000000000000e+00 1.000000000000000000e+00 1.000000000000000000e+00 1.000000000000000000e+00 1.000000000000000000e+00 1.000000000000000000e+00 1.000000000000000000e+00 1.000000000000000000e+00 1.000000000000000000e+00 1.000000000000000000e+00 1.000000000000000000e+00 1.000000000000000000e+00 1.000000000000000000e+00 1.000000000000000000e+00 1.000000000000000000e+00 1.000000000000000000e+00 1.000000000000000000e+00 1.000000000000000000e+00 1.000000000000000000e+00 1.000000000000000000e+00
0.000000000000000000e+00 0.000000000000000000e+00 0.000000000000000000e+00 0.000000000000000000e+00 0.000000000000000000e+00 0.000000000000000000e+00 0.000000000000000000e+00 0.000000000000000000e+00 0.000000000000000000e+00 0.000000000000000000e+00 0.000000000000000000e+00 0.000000000000000000e+00 0.000000000000000000e+00 0.000000000000000000e+00 0.000000000000000000e+00 0.000000000000000000e+00 0.000000000000000000e+00 0.000000000000000000e+00 0.000000000000000000e+00 0.000000000000000000e+00 0.000000000000000000e+00 0.000000000000000000e+00 0.000000000000000000e+00 0.000000000000000000e+00 0.000000000000000000e+00 0.000000000000000000e+00 0.000000000000000000e+00 0.000000000000000000e+00 0.000000000000000000e+00 0.000000000000000000e+00 0.000000000000000000e+00 0.000000000000000000e+00 0.000000000000000000e+00 0.000000000000000000e+00 0.000000000000000000e+00 0.000000000000000000e+00 0.000000000000000000e+00 0.000000000000000000e+00 0.000000000000000000e+00 0.000000000000000000e+00 7.507159230359803628e-311 5.825165395210690098e-280 1.066143005522713184e-250 4.604119066525086261e-223 4.693304448662532270e-197 1.129859686667006231e-172 6.427494657528286094e-150 8.646638892314762918e-129 2.753194768249128895e-109 2.077366568200435687e-91 3.719868763861995560e-75 1.583967578772785216e-60 1.608251625378945128e-47 3.908692430204690093e-36 2.287036723409035804e-26 3.250890677404710486e-18 1.139951347449812285e-11 1.015146725642391706e-06 2.447236126708854549e-03 1.901317055884249874e-01 8.552174406620313141e-01 9.986303077021549957e-01 9.999995931455171183e-01 9.999999999967568165e-01 1.000000000000000000e+00 1.000000000000000000e+00 1.000000000000000000e+00 1.000000000000000000e+00 1.000000000000000000e+00 1.000000000000000000e+00 1.000000000000000000e+00 1.000000000000000000e+00 1.000000000000000000e+00 1.000000000000000000e+00 1.000000000000000000e+00 1.000000000000000000e+00 1.000000000000000000e+00 1.000000000000000000e+00 1.000000000000000000e+00 1.000000000000000000e+00 1.000000000000000000e+00 1.000000000000000000e+00 1.000000000000000000e+00 1.000000000000000000e+00 1.000000000000000000e+00 1.000000000000000000e+00 1.000000000000000000e+00 1.000000000000000000e+00 1.000000000000000000e+00 1.000000000000000000e+00 1.000000000000000000e+00 1.000000000000000000e+00 1.000000000000000000e+00 1.000000000000000000e+00 1.000000000000000000e+00 1.000000000000000000e+00 1.000000000000000000e+00 1.000000000000000000e+00 1.000000000000000000e+00 1.000000000000000000e+00
0.000000000000000000e+00 0.000000000000000000e+00 0.000000000000000000e+00 0.000000000000000000e+00 0.000000000000000000e+00 0.000000000000000000e+00 0.000000000000000000e+00 0.000000000000000000e+00 0.000000000000000000e+00 0.000000000000000000e+00 0.000000000000000000e+00 0.000000000000000000e+00 0.000000000000000000e+00 0.000000000000000000e+00 0.000000000000000000e+00 0.000000000000000000e+00 0.000000000000000000e+00 0.000000000000000000e+00 0.000000000000000000e+00 0.000000000000000000e+00 0.000000000000000000e+00 0.000000000000000000e+00 0.000000000000000000e+00 0.000000000000000000e+00 0.000000000000000000e+00 0.000000000000000000e+00 0.000000000000000000e+00 0.000000000000000000e+00 0.000000000000000000e+00 0.000000000000000000e+00 0.000000000000000000e+00 0.000000000000000000e+00 0.000000000000000000e+00 0.000000000000000000e+00 0.000000000000000000e+00 0.000000000000000000e+00 0.000000000000000000e+00 0.000000000000000000e+00 0.000000000000000000e+00 0.000000000000000000e+00 0.000000000000000000e+00 0.000000000000000000e+00 4.272953349100079988e-305 5.626317696729038772e-270 5.102282897574703973e-237 3.188558943773093646e-206 1.374088761007960214e-177 4.086952867582502717e-151 8.398895926975353519e-127 1.194244306696263076e-104 1.177116448893245987e-84 8.063018493134162487e-67 3.851866169876961488e-51 1.290055270688579697e-37 3.053757648924972750e-26 5.179086044005707521e-17 6.453954876668158322e-10 6.240721096783524301e-05 5.431240277136502315e-02 7.348872941312650786e-01 9.978799837135956530e-01 9.999998226561097603e-01 9.999999999998795408e-01 1.000000000000000000e+00 1.000000000000000000e+00 1.000000000000000000e+00 1.000000000000000000e+00 1.000000000000000000e+00 1.000000000000000000e+00 1.000000000000000000e+00 1.000000000000000000e+00 1.000000000000000000e+00 1.000000000000000000e+00 1.000000000000000000e+00 1.000000000000000000e+00 1.000000000000000000e+00 1.000000000000000000e+00 1.000000000000000000e+00 1.000000000000000000e+00 1.000000000000000000e+00 1.000000000000000000e+00 1.000000000000000000e+00 1.000000000000000000e+00 1.000000000000000000e+00 1.000000000000000000e+00 1.000000000000000000e+00 1.000000000000000000e+00 1.000000000000000000e+00 1.000000000000000000e+00 1.000000000000000000e+00 1.000000000000000000e+00 1.000000000000000000e+00 1.000000000000000000e+00 1.000000000000000000e+00 1.000000000000000000e+00 1.000000000000000000e+00 1.000000000000000000e+00 1.000000000000000000e+00 1.000000000000000000e+00 1.000000000000000000e+00
0.000000000000000000e+00 0.000000000000000000e+00 0.000000000000000000e+00 0.000000000000000000e+00 0.000000000000000000e+00 0.000000000000000000e+00 0.000000000000000000e+00 0.000000000000000000e+00 0.000000000000000000e+00 0.000000000000000000e+00 0.000000000000000000e+00 0.000000000000000000e+00 0.000000000000000000e+00 0.000000000000000000e+00 0.000000000000000000e+00 0.000000000000000000e+00 0.000000000000000000e+00 0.000000000000000000e+00 0.000000000000000000e+00 0.000000000000000000e+00 0.000000000000000000e+00 0.000000000000000000e+00 0.000000000000000000e+00 0.000000000000000000e+00 0.000000000000000000e+00 0.000000000000000000e+00 0.000000000000000000e+00 0.000000000000000000e+00 0.000000000000000000e+00 0.000000000000000000e+00 0.000000000000000000e+00 0.000000000000000000e+00 0.000000000000000000e+00 0.000000000000000000e+00 0.000000000000000000e+00 0.000000000000000000e+00 0.000000000000000000e+00 0.000000000000000000e+00 0.000000000000000000e+00 0.000000000000000000e+00 0.000000000000000000e+00 0.000000000000000000e+00 0.000000000000000000e+00 4.349753945986334575e-320 5.843426789386361636e-279 1.118287799598499488e-240 3.051126698434735104e-205 1.188062044230717180e-172 6.611054748924435272e-143 5.266460200287941637e-116 6.020269063333145116e-92 9.908459489326541857e-71 2.359368908820915033e-52 8.188946544668449388e-37 4.194386752204286746e-24 3.242890726966387891e-14 3.970516158966572266e-07 8.756867691138712009e-03 5.735142771963572805e-01 9.969873207154668071e-01 9.999999444207245958e-01 9.999999999999982236e-01 1.000000000000000000e+00 1.000000000000000000e+00 1.000000000000000000e+00 1.000000000000000000e+00 1.000000000000000000e+00 1.000000000000000000e+00 1.000000000000000000e+00 1.000000000000000000e+00 1.000000000000000000e+00 1.000000000000000000e+00 1.000000000000000000e+00 1.000000000000000000e+00 1.000000000000000000e+00 1.000000000000000000e+00 1.000000000000000000e+00 1.000000000000000000e+00 1.000000000000000000e+00 1.000000000000000000e+00 1.000000000000000000e+00 1.000000000000000000e+00 1.000000000000000000e+00 1.000000000000000000e+00 1.000000000000000000e+00 1.000000000000000000e+00 1.000000000000000000e+00 1.000000000000000000e+00 1.000000000000000000e+00 1.000000000000000000e+00 1.000000000000000000e+00 1.000000000000000000e+00 1.000000000000000000e+00 1.000000000000000000e+00 1.000000000000000000e+00 1.000000000000000000e+00 1.000000000000000000e+00 1.000000000000000000e+00 1.000000000000000000e+00 1.000000000000000000e+00
0.000000000000000000e+00 0.000000000000000000e+00 0.000000000000000000e+00 0.000000000000000000e+00 0.000000000000000000e+00 0.000000000000000000e+00 0.000000000000000000e+00 0.000000000000000000e+00 0.000000000000000000e+00 0.000000000000000000e+00 0.000000000000000000e+00 0.000000000000000000e+00 0.000000000000000000e+00 0.000000000000000000e+00 0.000000000000000000e+00 0.000000000000000000e+00 0.000000000000000000e+00 0.000000000000000000e+00 0.000000000000000000e+00 0.000000000000000000e+00 0.000000000000000000e+00 0.000000000000000000e+00 0.000000000000000000e+00 0.000000000000000000e+00 0.000000000000000000e+00 0.000000000000000000e+00 0.000000000000000000e+00 0.000000000000000000e+00 0.000000000000000000e+00 0.000000000000000000e+00 0.000000000000000000e+00 0.000000000000000000e+00 0.000000000000000000e+00 0.000000000000000000e+00 0.000000000000000000e+00 0.000000000000000000e+00 0.000000000000000000e+00 0.000000000000000000e+00 0.000000000000000000e+00 0.000000000000000000e+00 0.000000000000000000e+00 0.000000000000000000e+00 0.000000000000000000e+00 0.000000000000000000e+00 0.000000000000000000e+00 6.795390336446180872e-294 6.163599047339110255e-248 6.504024226470322032e-206 7.997891635620372367e-168 1.148627779949727947e-133 1.932560926109274827e-103 3.826254951334031149e-77 8.975326891093599686e-55 2.522154078914259018e-36 8.661016674673824889e-22 3.786991113633125033e-11 2.346628069038775473e-04 3.132953979848525083e-01 9.942087811534354724e-01 9.999999845063862747e-01 1.000000000000000000e+00 1.000000000000000000e+00 1.000000000000000000e+00 1.000000000000000000e+00 1.000000000000000000e+00 1.000000000000000000e+00 1.000000000000000000e+00 1.000000000000000000e+00 1.000000000000000000e+00 1.000000000000000000e+00 1.000000000000000000e+00 1.000000000000000000e+00 1.000000000000000000e+00 1.000000000000000000e+00 1.000000000000000000e+00 1.000000000000000000e+00 1.000000000000000000e+00 1.000000000000000000e+00 1.000000000000000000e+00 1.000000000000000000e+00 1.000000000000000000e+00 1.000000000000000000e+00 1.000000000000000000e+00 1.000000000000000000e+00 1.000000000000000000e+00 1.000000000000000000e+00 1.000000000000000000e+00 1.000000000000000000e+00 1.000000000000000000e+00 1.000000000000000000e+00 1.000000000000000000e+00 1.000000000000000000e+00 1.000000000000000000e+00 1.000000000000000000e+00 1.000000000000000000e+00 1.000000000000000000e+00 1.000000000000000000e+00 1.000000000000000000e+00 1.000000000000000000e+00 1.000000000000000000e+00
0.000000000000000000e+00 0.000000000000000000e+00 0.000000000000000000e+00 0.000000000000000000e+00 0.000000000000000000e+00 0.000000000000000000e+00 0.000000000000000000e+00 0.000000000000000000e+00 0.000000000000000000e+00 0.000000000000000000e+00 0.000000000000000000e+00 0.000000000000000000e+00 0.000000000000000000e+00 0.000000000000000000e+00 0.000000000000000000e+00 0.000000000000000000e+00 0.000000000000000000e+00 0.000000000000000000e+00 0.000000000000000000e+00 0.000000000000000000e+00 0.000000000000000000e+00 0.000000000000000000e+00 0.000000000000000000e+00 0.000000000000000000e+00 0.000000000000000000e+00 0.000000000000000000e+00 0.000000000000000000e+00 0.000000000000000000e+00 0.000000000000000000e+00 0.000000000000000000e+00 0.000000000000000000e+00 0.000000000000000000e+00 0.000000000000000000e+00 0.000000000000000000e+00 0.000000000000000000e+00 0.000000000000000000e+00 0.000000000000000000e+00 0.000000000000000000e+00 0.000000000000000000e+00 0.000000000000000000e+00 0.000000000000000000e+00 0.000000000000000000e+00 0.000000000000000000e+00 0.000000000000000000e+00 0.000000000000000000e+00 0.000000000000000000e+00 4.318577584092548656e-301 1.319856888976781528e-246 1.354823822281141978e-197 4.684183258705880732e-154 5.476868052295900507e-116 2.178760540180790228e-83 2.977695111959738009e-56 1.422075534038767078e-34 2.455049731172190921e-18 1.665787570905952469e-07 6.034705933338770784e-02 9.772455683422986983e-01 9.999999858553632048e-01 1.000000000000000000e+00 1.000000000000000000e+00 1.000000000000000000e+00 1.000000000000000000e+00 1.000000000000000000e+00 1.000000000000000000e+00 1.000000000000000000e+00 1.000000000000000000e+00 1.000000000000000000e+00 1.000000000000000000e+00 1.000000000000000000e+00 1.000000000000000000e+00 1.000000000000000000e+00 1.000000000000000000e+00 1.000000000000000000e+00 1.000000000000000000e+00 1.000000000000000000e+00 1.000000000000000000e+00 1.000000000000000000e+00 1.000000000000000000e+00 1.000000000000000000e+00 1.000000000000000000e+00 1.000000000000000000e+00 1.000000000000000000e+00 1.000000000000000000e+00 1.000000000000000000e+00 1.000000000000000000e+00 1.000000000000000000e+00 1.000000000000000000e+00 1.000000000000000000e+00 1.000000000000000000e+00 1.000000000000000000e+00 1.000000000000000000e+00 1.000000000000000000e+00 1.000000000000000000e+00 1.000000000000000000e+00 1.000000000000000000e+00 1.000000000000000000e+00 1.000000000000000000e+00 1.000000000000000000e+00 1.000000000000000000e+00
0.000000000000000000e+00 0.000000000000000000e+00 0.000000000000000000e+00 0.000000000000000000e+00 0.000000000000000000e+00 0.000000000000000000e+00 0.000000000000000000e+00 0.000000000000000000e+00 0.000000000000000000e+00 0.000000000000000000e+00 0.000000000000000000e+00 0.000000000000000000e+00 0.000000000000000000e+00 0.000000000000000000e+00 0.000000000000000000e+00 0.000000000000000000e+00 0.000000000000000000e+00 0.000000000000000000e+00 0.000000000000000000e+00 0.000000000000000000e+00 0.000000000000000000e+00 0.000000000000000000e+00 0.000000000000000000e+00 0.000000000000000000e+00 0.000000000000000000e+00 0.000000000000000000e+00 0.000000000000000000e+00 0.000000000000000000e+00 0.000000000000000000e+00 0.000000000000000000e+00 0.000000000000000000e+00 0.000000000000000000e+00 0.000000000000000000e+00 0.000000000000000000e+00 0.000000000000000000e+00 0.000000000000000000e+00 0.000000000000000000e+00 0.000000000000000000e+00 0.000000000000000000e+00 0.000000000000000000e+00 0.000000000000000000e+00 0.000000000000000000e+00 0.000000000000000000e+00 0.000000000000000000e+00 0.000000000000000000e+00 0.000000000000000000e+00 0.000000000000000000e+00 9.479222788629244713e-288 1.676566142850500899e-226 1.242273858189858113e-172 3.876518294167466462e-126 5.136430461345975575e-87 2.930385801130702059e-55 7.391743640490579114e-31 8.758917942578735655e-14 5.917661422592239038e-04 8.108009944006370207e-01 9.999997199974436368e-01 1.000000000000000000e+00 1.000000000000000000e+00 1.000000000000000000e+00 1.000000000000000000e+00 1.000000000000000000e+00 1.000000000000000000e+00 1.000000000000000000e+00 1.000000000000000000e+00 1.000000000000000000e+00 1.000000000000000000e+00 1.000000000000000000e+00 1.000000000000000000e+00 1.000000000000000000e+00 1.000000000000000000e+00 1.000000000000000000e+00 1.000000000000000000e+00 1.000000000000000000e+00 1.000000000000000000e+00 1.000000000000000000e+00 1.000000000000000000e+00 1.000000000000000000e+00 1.000000000000000000e+00 1.000000000000000000e+00 1.000000000000000000e+00 1.000000000000000000e+00 1.000000000000000000e+00 1.000000000000000000e+00 1.000000000000000000e+00 1.000000000000000000e+00 1.000000000000000000e+00 1.000000000000000000e+00 1.000000000000000000e+00 1.000000000000000000e+00 1.000000000000000000e+00 1.000000000000000000e+00 1.000000000000000000e+00 1.000000000000000000e+00 1.000000000000000000e+00 1.000000000000000000e+00 1.000000000000000000e+00 1.000000000000000000e+00 1.000000000000000000e+00
0.000000000000000000e+00 0.000000000000000000e+00 0.000000000000000000e+00 0.000000000000000000e+00 0.000000000000000000e+00 0.000000000000000000e+00 0.000000000000000000e+00 0.000000000000000000e+00 0.000000000000000000e+00 0.000000000000000000e+00 0.000000000000000000e+00 0.000000000000000000e+00 0.000000000000000000e+00 0.000000000000000000e+00 0.000000000000000000e+00 0.000000000000000000e+00 0.000000000000000000e+00 0.000000000000000000e+00 0.000000000000000000e+00 0.000000000000000000e+00 0.000000000000000000e+00 0.000000000000000000e+00 0.000000000000000000e+00 0.000000000000000000e+00 0.000000000000000000e+00 0.000000000000000000e+00 0.000000000000000000e+00 0.000000000000000000e+00 0.000000000000000000e+00 0.000000000000000000e+00 0.000000000000000000e+00 0.000000000000000000e+00 0.000000000000000000e+00 0.000000000000000000e+00 0.000000000000000000e+00 0.000000000000000000e+00 0.000000000000000000e+00 0.000000000000000000e+00 0.000000000000000000e+00 0.000000000000000000e+00 0.000000000000000000e+00 0.000000000000000000e+00 0.000000000000000000e+00 0.000000000000000000e+00 0.000000000000000000e+00 0.000000000000000000e+00 0.000000000000000000e+00 2.899816349914126916e-314 1.067974434626227834e-242 1.965864929435724699e-180 1.821057302412396296e-127 8.585161498683299635e-84 2.102181618882353352e-49 2.791068395140393525e-24 2.262335525229088836e-08 2.007030406621552188e-01 9.999249244914365509e-01 1.000000000000000000e+00 1.000000000000000000e+00 1.000000000000000000e+00 1.000000000000000000e+00 1.000000000000000000e+00 1.000000000000000000e+00 1.000000000000000000e+00 1.000000000000000000e+00 1.000000000000000000e+00 1.000000000000000000e+00 1.000000000000000000e+00 1.000000000000000000e+00 1.000000000000000000e+00 1.000000000000000000e+00 1.000000000000000000e+00 1.000000000000000000e+00 1.000000000000000000e+00 1.000000000000000000e+00 1.000000000000000000e+00 1.000000000000000000e+00 1.000000000000000000e+00 1.000000000000000000e+00 1.000000000000000000e+00 1.000000000000000000e+00 1.000000000000000000e+00 1.000000000000000000e+00 1.000000000000000000e+00 1.000000000000000000e+00 1.000000000000000000e+00 1.000000000000000000e+00 1.000000000000000000e+00 1.000000000000000000e+00 1.000000000000000000e+00 1.000000000000000000e+00 1.000000000000000000e+00 1.000000000000000000e+00 1.000000000000000000e+00 1.000000000000000000e+00 1.000000000000000000e+00 1.000000000000000000e+00 1.000000000000000000e+00 1.000000000000000000e+00 1.000000000000000000e+00
0.000000000000000000e+00 0.000000000000000000e+00 0.000000000000000000e+00 0.000000000000000000e+00 0.000000000000000000e+00 0.000000000000000000e+00 0.000000000000000000e+00 0.000000000000000000e+00 0.000000000000000000e+00 0.000000000000000000e+00 0.000000000000000000e+00 0.000000000000000000e+00 0.000000000000000000e+00 0.000000000000000000e+00 0.000000000000000000e+00 0.000000000000000000e+00 0.000000000000000000e+00 0.000000000000000000e+00 0.000000000000000000e+00 0.000000000000000000e+00 0.000000000000000000e+00 0.000000000000000000e+00 0.000000000000000000e+00 0.000000000000000000e+00 0.000000000000000000e+00 0.000000000000000000e+00 0.000000000000000000e+00 0.000000000000000000e+00 0.000000000000000000e+00 0.000000000000000000e+00 0.000000000000000000e+00 0.000000000000000000e+00 0.000000000000000000e+00 0.000000000000000000e+00 0.000000000000000000e+00 0.000000000000000000e+00 0.000000000000000000e+00 0.000000000000000000e+00 0.000000000000000000e+00 0.000000000000000000e+00 0.000000000000000000e+00 0.000000000000000000e+00 0.000000000000000000e+00 0.000000000000000000e+00 0.000000000000000000e+00 0.000000000000000000e+00 0.000000000000000000e+00 2.878103889338391575e-297 3.856760025374235004e-225 4.266512425853610437e-163 3.931061451211405368e-111 3.063192053276542354e-69 2.079894538770084938e-37 1.321871500651279271e-15 1.014897695657336705e-03 9.586287279742902179e-01 9.999999999723312438e-01 1.000000000000000000e+00 1.000000000000000000e+00 1.000000000000000000e+00 1.000000000000000000e+00 1.000000000000000000e+00 1.000000000000000000e+00 1.000000000000000000e+00 1.000000000000000000e+00 1.000000000000000000e+00 1.000000000000000000e+00 1.000000000000000000e+00 1.000000000000000000e+00 1.000000000000000000e+00 1.000000000000000000e+00 1.000000000000000000e+00 1.000000000000000000e+00 1.000000000000000000e+00 1.000000000000000000e+00 1.000000000000000000e+00 1.000000000000000000e+00 1.000000000000000000e+00 1.000000000000000000e+00 1.000000000000000000e+00 1.000000000000000000e+00 1.000000000000000000e+00 1.000000000000000000e+00 1.000000000000000000e+00 1.000000000000000000e+00 1.000000000000000000e+00 1.000000000000000000e+00 1.000000000000000000e+00 1.000000000000000000e+00 1.000000000000000000e+00 1.000000000000000000e+00 1.000000000000000000e+00 1.000000000000000000e+00 1.000000000000000000e+00 1.000000000000000000e+00 1.000000000000000000e+00 1.000000000000000000e+00 1.000000000000000000e+00 1.000000000000000000e+00 1.000000000000000000e+00
0.000000000000000000e+00 0.000000000000000000e+00 0.000000000000000000e+00 0.000000000000000000e+00 0.000000000000000000e+00 0.000000000000000000e+00 0.000000000000000000e+00 0.000000000000000000e+00 0.000000000000000000e+00 0.000000000000000000e+00 0.000000000000000000e+00 0.000000000000000000e+00 0.000000000000000000e+00 0.000000000000000000e+00 0.000000000000000000e+00 0.000000000000000000e+00 0.000000000000000000e+00 0.000000000000000000e+00 0.000000000000000000e+00 0.000000000000000000e+00 0.000000000000000000e+00 0.000000000000000000e+00 0.000000000000000000e+00 0.000000000000000000e+00 0.000000000000000000e+00 0.000000000000000000e+00 0.000000000000000000e+00 0.000000000000000000e+00 0.000000000000000000e+00 0.000000000000000000e+00 0.000000000000000000e+00 0.000000000000000000e+00 0.000000000000000000e+00 0.000000000000000000e+00 0.000000000000000000e+00 0.000000000000000000e+00 0.000000000000000000e+00 0.000000000000000000e+00 0.000000000000000000e+00 0.000000000000000000e+00 0.000000000000000000e+00 0.000000000000000000e+00 0.000000000000000000e+00 0.000000000000000000e+00 0.000000000000000000e+00 0.000000000000000000e+00 0.000000000000000000e+00 4.279179108843666198e-302 9.592894747344937144e-225 6.712469415647590709e-159 1.482438156387226670e-104 1.054267832986028509e-61 2.518771631369373256e-30 2.271615488061139080e-10 1.390774297020181960e-01 9.999760016110341709e-01 1.000000000000000000e+00 1.000000000000000000e+00 1.000000000000000000e+00 1.000000000000000000e+00 1.000000000000000000e+00 1.000000000000000000e+00 1.000000000000000000e+00 1.000000000000000000e+00 1.000000000000000000e+00 1.000000000000000000e+00 1.000000000000000000e+00 1.000000000000000000e+00 1.000000000000000000e+00 1.000000000000000000e+00 1.000000000000000000e+00 1.000000000000000000e+00 1.000000000000000000e+00 1.000000000000000000e+00 1.000000000000000000e+00 1.000000000000000000e+00 1.000000000000000000e+00 1.000000000000000000e+00 1.000000000000000000e+00 1.000000000000000000e+00 1.000000000000000000e+00 1.000000000000000000e+00 1.000000000000000000e+00 1.000000000000000000e+00 1.000000000000000000e+00 1.000000000000000000e+00 1.000000000000000000e+00 1.000000000000000000e+00 1.000000000000000000e+00 1.000000000000000000e+00 1.000000000000000000e+00 1.000000000000000000e+00 1.000000000000000000e+00 1.000000000000000000e+00 1.000000000000000000e+00 1.000000000000000000e+00 1.000000000000000000e+00 1.000000000000000000e+00 1.000000000000000000e+00 1.000000000000000000e+00
0.000000000000000000e+00 0.000000000000000000e+00 0.000000000000000000e+00 0.000000000000000000e+00 0.000000000000000000e+00 0.000000000000000000e+00 0.000000000000000000e+00 0.000000000000000000e+00 0.000000000000000000e+00 0.000000000000000000e+00 0.000000000000000000e+00 0.000000000000000000e+00 0.000000000000000000e+00 0.000000000000000000e+00 0.000000000000000000e+00 0.000000000000000000e+00 0.000000000000000000e+00 0.000000000000000000e+00 0.000000000000000000e+00 0.000000000000000000e+00 0.000000000000000000e+00 0.000000000000000000e+00 0.000000000000000000e+00 0.000000000000000000e+00 0.000000000000000000e+00 0.000000000000000000e+00 0.000000000000000000e+00 0.000000000000000000e+00 0.000000000000000000e+00 0.000000000000000000e+00 0.000000000000000000e+00 0.000000000000000000e+00 0.000000000000000000e+00 0.000000000000000000e+00 0.000000000000000000e+00 0.000000000000000000e+00 0.000000000000000000e+00 0.000000000000000000e+00 0.000000000000000000e+00 0.000000000000000000e+00 0.000000000000000000e+00 0.000000000000000000e+00 0.000000000000000000e+00 0.000000000000000000e+00 0.000000000000000000e+00 0.000000000000000000e+00 0.000000000000000000e+00 4.215158049625367780e-301 3.560193703660027097e-220 5.501484532103840512e-152 1.576730572671052120e-96 8.601380445843974240e-54 9.477185688817808660e-24 2.558010856158294684e-06 8.046724884796621069e-01 9.999999998272306456e-01 1.000000000000000000e+00 1.000000000000000000e+00 1.000000000000000000e+00 1.000000000000000000e+00 1.000000000000000000e+00 1.000000000000000000e+00 1.000000000000000000e+00 1.000000000000000000e+00 1.000000000000000000e+00 1.000000000000000000e+00 1.000000000000000000e+00 1.000000000000000000e+00 1.000000000000000000e+00 1.000000000000000000e+00 1.000000000000000000e+00 1.000000000000000000e+00 1.000000000000000000e+00 1.000000000000000000e+00 1.000000000000000000e+00 1.000000000000000000e+00 1.000000000000000000e+00 1.000000000000000000e+00 1.000000000000000000e+00 1.000000000000000000e+00 1.000000000000000000e+00 1.000000000000000000e+00 1.000000000000000000e+00 1.000000000000000000e+00 1.000000000000000000e+00 1.000000000000000000e+00 1.000000000000000000e+00 1.000000000000000000e+00 1.000000000000000000e+00 1.000000000000000000e+00 1.000000000000000000e+00 1.000000000000000000e+00 1.000000000000000000e+00 1.000000000000000000e+00 1.000000000000000000e+00 1.000000000000000000e+00 1.000000000000000000e+00 1.000000000000000000e+00 1.000000000000000000e+00 1.000000000000000000e+00
0.000000000000000000e+00 0.000000000000000000e+00 0.000000000000000000e+00 0.000000000000000000e+00 0.000000000000000000e+00 0.000000000000000000e+00 0.000000000000000000e+00 0.000000000000000000e+00 0.000000000000000000e+00 0.000000000000000000e+00 0.000000000000000000e+00 0.000000000000000000e+00 0.000000000000000000e+00 0.000000000000000000e+00 0.000000000000000000e+00 0.000000000000000000e+00 0.000000000000000000e+00 0.000000000000000000e+00 0.000000000000000000e+00 0.000000000000000000e+00 0.000000000000000000e+00 0.000000000000000000e+00 0.000000000000000000e+00 0.000000000000000000e+00 0.000000000000000000e+00 0.000000000000000000e+00 0.000000000000000000e+00 0.000000000000000000e+00 0.000000000000000000e+00 0.000000000000000000e+00 0.000000000000000000e+00 0.000000000000000000e+00 0.000000000000000000e+00 0.000000000000000000e+00 0.000000000000000000e+00 0.000000000000000000e+00 0.000000000000000000e+00 0.000000000000000000e+00 0.000000000000000000e+00 0.000000000000000000e+00 0.000000000000000000e+00 0.000000000000000000e+00 0.000000000000000000e+00 0.000000000000000000e+00 0.000000000000000000e+00 0.000000000000000000e+00 0.000000000000000000e+00 1.233784990670204223e-297 4.380083652078343103e-214 2.241199874584359714e-144 1.680342785664744392e-88 1.907844434716907928e-46 3.561503737859888249e-18 1.515538619055508546e-03 9.963601550042375798e-01 1.000000000000000000e+00 1.000000000000000000e+00 1.000000000000000000e+00 1.000000000000000000e+00 1.000000000000000000e+00 1.000000000000000000e+00 1.000000000000000000e+00 1.000000000000000000e+00 1.000000000000000000e+00 1.000000000000000000e+00 1.000000000000000000e+00 1.000000000000000000e+00 1.000000000000000000e+00 1.000000000000000000e+00 1.000000000000000000e+00 1.000000000000000000e+00 1.000000000000000000e+00 1.000000000000000000e+00 1.000000000000000000e+00 1.000000000000000000e+00 1.000000000000000000e+00 1.000000000000000000e+00 1.000000000000000000e+00 1.000000000000000000e+00 1.000000000000000000e+00 1.000000000000000000e+00 1.000000000000000000e+00 1.000000000000000000e+00 1.000000000000000000e+00 1.000000000000000000e+00 1.000000000000000000e+00 1.000000000000000000e+00 1.000000000000000000e+00 1.000000000000000000e+00 1.000000000000000000e+00 1.000000000000000000e+00 1.000000000000000000e+00 1.000000000000000000e+00 1.000000000000000000e+00 1.000000000000000000e+00 1.000000000000000000e+00 1.000000000000000000e+00 1.000000000000000000e+00 1.000000000000000000e+00 1.000000000000000000e+00
0.000000000000000000e+00 0.000000000000000000e+00 0.000000000000000000e+00 0.000000000000000000e+00 0.000000000000000000e+00 0.000000000000000000e+00 0.000000000000000000e+00 0.000000000000000000e+00 0.000000000000000000e+00 0.000000000000000000e+00 0.000000000000000000e+00 0.000000000000000000e+00 0.000000000000000000e+00 0.000000000000000000e+00 0.000000000000000000e+00 0.000000000000000000e+00 0.000000000000000000e+00 0.000000000000000000e+00 0.000000000000000000e+00 0.000000000000000000e+00 0.000000000000000000e+00 0.000000000000000000e+00 0.000000000000000000e+00 0.000000000000000000e+00 0.000000000000000000e+00 0.000000000000000000e+00 0.000000000000000000e+00 0.000000000000000000e+00 0.000000000000000000e+00 0.000000000000000000e+00 0.000000000000000000e+00 0.000000000000000000e+00 0.000000000000000000e+00 0.000000000000000000e+00 0.000000000000000000e+00 0.000000000000000000e+00 0.000000000000000000e+00 0.000000000000000000e+00 0.000000000000000000e+00 0.000000000000000000e+00 0.000000000000000000e+00 0.000000000000000000e+00 0.000000000000000000e+00 0.000000000000000000e+00 0.000000000000000000e+00 0.000000000000000000e+00 0.000000000000000000e+00 4.940656458412465442e-323 9.049575587105481754e-229 7.568709649042686505e-151 2.945949018252394193e-89 5.560149067515345888e-44 5.695294647430264547e-15 5.640268948156870049e-02 9.999973337925065486e-01 1.000000000000000000e+00 1.000000000000000000e+00 1.000000000000000000e+00 1.000000000000000000e+00 1.000000000000000000e+00 1.000000000000000000e+00 1.000000000000000000e+00 1.000000000000000000e+00 1.000000000000000000e+00 1.000000000000000000e+00 1.000000000000000000e+00 1.000000000000000000e+00 1.000000000000000000e+00 1.000000000000000000e+00 1.000000000000000000e+00 1.000000000000000000e+00 1.000000000000000000e+00 1.000000000000000000e+00 1.000000000000000000e+00 1.000000000000000000e+00 1.000000000000000000e+00 1.000000000000000000e+00 1.000000000000000000e+00 1.000000000000000000e+00 1.000000000000000000e+00 1.000000000000000000e+00 1.000000000000000000e+00 1.000000000000000000e+00 1.000000000000000000e+00 1.000000000000000000e+00 1.000000000000000000e+00 1.000000000000000000e+00 1.000000000000000000e+00 1.000000000000000000e+00 1.000000000000000000e+00 1.000000000000000000e+00 1.000000000000000000e+00 1.000000000000000000e+00 1.000000000000000000e+00 1.000000000000000000e+00 1.000000000000000000e+00 1.000000000000000000e+00 1.000000000000000000e+00 1.000000000000000000e+00 1.000000000000000000e+00
0.000000000000000000e+00 0.000000000000000000e+00 0.000000000000000000e+00 0.000000000000000000e+00 0.000000000000000000e+00 0.000000000000000000e+00 0.000000000000000000e+00 0.000000000000000000e+00 0.000000000000000000e+00 0.000000000000000000e+00 0.000000000000000000e+00 0.000000000000000000e+00 0.000000000000000000e+00 0.000000000000000000e+00 0.000000000000000000e+00 0.000000000000000000e+00 0.000000000000000000e+00 0.000000000000000000e+00 0.000000000000000000e+00 0.000000000000000000e+00 0.000000000000000000e+00 0.000000000000000000e+00 0.000000000000000000e+00 0.000000000000000000e+00 0.000000000000000000e+00 0.000000000000000000e+00 0.000000000000000000e+00 0.000000000000000000e+00 0.000000000000000000e+00 0.000000000000000000e+00 0.000000000000000000e+00 0.000000000000000000e+00 0.000000000000000000e+00 0.000000000000000000e+00 0.000000000000000000e+00 0.000000000000000000e+00 0.000000000000000000e+00 0.000000000000000000e+00 0.000000000000000000e+00 0.000000000000000000e+00 0.000000000000000000e+00 0.000000000000000000e+00 0.000000000000000000e+00 0.000000000000000000e+00 0.000000000000000000e+00 0.000000000000000000e+00 0.000000000000000000e+00 0.000000000000000000e+00 3.079124448587605413e-242 3.515685719848949978e-156 4.066050212143568580e-89 5.012241764257816625e-41 7.688430286571892398e-12 4.497981064864833289e-01 9.999999999576352216e-01 1.000000000000000000e+00 1.000000000000000000e+00 1.000000000000000000e+00 1.000000000000000000e+00 1.000000000000000000e+00 1.000000000000000000e+00 1.000000000000000000e+00 1.000000000000000000e+00 1.000000000000000000e+00 1.000000000000000000e+00 1.000000000000000000e+00 1.000000000000000000e+00 1.000000000000000000e+00 1.000000000000000000e+00 1.000000000000000000e+00 1.000000000000000000e+00 1.000000000000000000e+00 1.000000000000000000e+00 1.000000000000000000e+00 1.000000000000000000e+00 1.000000000000000000e+00 1.000000000000000000e+00 1.000000000000000000e+00 1.000000000000000000e+00 1.000000000000000000e+00 1.000000000000000000e+00 1.000000000000000000e+00 1.000000000000000000e+00 1.000000000000000000e+00 1.000000000000000000e+00 1.000000000000000000e+00 1.000000000000000000e+00 1.000000000000000000e+00 1.000000000000000000e+00 1.000000000000000000e+00 1.000000000000000000e+00 1.000000000000000000e+00 1.000000000000000000e+00 1.000000000000000000e+00 1.000000000000000000e+00 1.000000000000000000e+00 1.000000000000000000e+00 1.000000000000000000e+00 1.000000000000000000e+00 1.000000000000000000e+00
