1.430550000000000051e-02
1.759410000000000140e-02
2.348499999999999893e-02
3.447420000000000345e-02
6.156729999999999842e-02
1.222159999999999913e-01
2.555170000000000496e-01
5.223450000000000593e-01
9.767639999999999656e-01
1.622813999999999979e+00
2.415532999999999930e+00
3.294184000000000001e+00
4.214332000000000633e+00
5.132553999999999839e+00
6.032653999999999961e+00
6.889311999999999436e+00
7.699837000000000486e+00
8.453932000000000002e+00
9.154188000000001324e+00
9.795084000000001012e+00
1.037913099999999922e+01
1.091554399999999880e+01
1.139670399999999972e+01
1.182516699999999865e+01
1.221584000000000003e+01
1.256994000000000078e+01
1.288516300000000037e+01
1.317924799999999941e+01
1.344662699999999944e+01
1.369392299999999985e+01
1.392189100000000046e+01
