0.000000000000000000e+00 0.000000000000000000e+00 0.000000000000000000e+00 0.000000000000000000e+00 0.000000000000000000e+00 0.000000000000000000e+00 0.000000000000000000e+00 0.000000000000000000e+00 0.000000000000000000e+00 0.000000000000000000e+00 0.000000000000000000e+00 0.000000000000000000e+00 0.000000000000000000e+00 0.000000000000000000e+00 0.000000000000000000e+00 0.000000000000000000e+00 0.000000000000000000e+00 0.000000000000000000e+00 0.000000000000000000e+00 0.000000000000000000e+00 0.000000000000000000e+00 0.000000000000000000e+00 0.000000000000000000e+00 0.000000000000000000e+00 0.000000000000000000e+00 0.000000000000000000e+00 0.000000000000000000e+00 0.000000000000000000e+00 0.000000000000000000e+00 0.000000000000000000e+00 0.000000000000000000e+00 0.000000000000000000e+00 0.000000000000000000e+00 0.000000000000000000e+00 0.000000000000000000e+00 0.000000000000000000e+00 0.000000000000000000e+00 0.000000000000000000e+00 0.000000000000000000e+00 0.000000000000000000e+00 0.000000000000000000e+00 1.628499962331435836e-266 9.950193774272360116e-211 1.534069583798902710e-161 5.997441559785478559e-119 5.991078873181526766e-83 1.548791037161875478e-53 1.061023141096590387e-30 2.029377394655770298e-14 1.264525763378699134e-04 5.950277281041074229e-01 9.999826570363821165e-01 9.999999999999995559e-01 1.000000000000000000e+00 1.000000000000000000e+00 1.000000000000000000e+00 1.000000000000000000e+00 1.000000000000000000e+00 1.000000000000000000e+00 1.000000000000000000e+00 1.000000000000000000e+00 1.000000000000000000e+00 1.000000000000000000e+00 1.000000000000000000e+00 1.000000000000000000e+00 1.000000000000000000e+00 1.000000000000000000e+00 1.000000000000000000e+00 1.000000000000000000e+00 1.000000000000000000e+00 1.000000000000000000e+00 1.000000000000000000e+00 1.000000000000000000e+00 1.000000000000000000e+00 1.000000000000000000e+00 1.000000000000000000e+00 1.000000000000000000e+00 1.000000000000000000e+00 1.000000000000000000e+00 1.000000000000000000e+00 1.000000000000000000e+00 1.000000000000000000e+00 1.000000000000000000e+00 1.000000000000000000e+00 1.000000000000000000e+00 1.000000000000000000e+00 1.000000000000000000e+00 1.000000000000000000e+00 1.000000000000000000e+00 1.000000000000000000e+00 1.000000000000000000e+00 1.000000000000000000e+00 1.000000000000000000e+00 1.000000000000000000e+00 1.000000000000000000e+00 1.000000000000000000e+00 1.000000000000000000e+00 1.000000000000000000e+00 1.000000000000000000e+00 1.000000000000000000e+00
0.000000000000000000e+00 0.000000000000000000e+00 0.000000000000000000e+00 0.000000000000000000e+00 0.000000000000000000e+00 0.000000000000000000e+00 0.000000000000000000e+00 0.000000000000000000e+00 0.000000000000000000e+00 0.000000000000000000e+00 0.000000000000000000e+00 0.000000000000000000e+00 0.000000000000000000e+00 0.000000000000000000e+00 0.000000000000000000e+00 0.000000000000000000e+00 0.000000000000000000e+00 0.000000000000000000e+00 0.000000000000000000e+00 0.000000000000000000e+00 0.000000000000000000e+00 0.000000000000000000e+00 0.000000000000000000e+00 0.000000000000000000e+00 0.000000000000000000e+00 0.000000000000000000e+00 0.000000000000000000e+00 0.000000000000000000e+00 0.000000000000000000e+00 0.000000000000000000e+00 0.000000000000000000e+00 0.000000000000000000e+00 0.000000000000000000e+00 0.000000000000000000e+00 0.000000000000000000e+00 0.000000000000000000e+00 0.000000000000000000e+00 0.000000000000000000e+00 0.000000000000000000e+00 0.000000000000000000e+00 0.000000000000000000e+00 1.628499962331435836e-266 9.950193774272360116e-211 1.534069583798902710e-161 5.997441559785478559e-119 5.991078873181526766e-83 1.548791037161875478e-53 1.061023141096590387e-30 2.029377394655770298e-14 1.264525763378699134e-04 5.950277281041074229e-01 9.999826570363821165e-01 9.999999999999995559e-01 1.000000000000000000e+00 1.000000000000000000e+00 1.000000000000000000e+00 1.000000000000000000e+00 1.000000000000000000e+00 1.000000000000000000e+00 1.000000000000000000e+00 1.000000000000000000e+00 1.000000000000000000e+00 1.000000000000000000e+00 1.000000000000000000e+00 1.000000000000000000e+00 1.000000000000000000e+00 1.000000000000000000e+00 1.000000000000000000e+00 1.000000000000000000e+00 1.000000000000000000e+00 1.000000000000000000e+00 1.000000000000000000e+00 1.000000000000000000e+00 1.000000000000000000e+00 1.000000000000000000e+00 1.000000000000000000e+00 1.000000000000000000e+00 1.000000000000000000e+00 1.000000000000000000e+00 1.000000000000000000e+00 1.000000000000000000e+00 1.000000000000000000e+00 1.000000000000000000e+00 1.000000000000000000e+00 1.000000000000000000e+00 1.000000000000000000e+00 1.000000000000000000e+00 1.000000000000000000e+00 1.000000000000000000e+00 1.000000000000000000e+00 1.000000000000000000e+00 1.000000000000000000e+00 1.000000000000000000e+00 1.000000000000000000e+00 1.000000000000000000e+00 1.000000000000000000e+00 1.000000000000000000e+00 1.000000000000000000e+00 1.000000000000000000e+00 1.000000000000000000e+00
0.000000000000000000e+00 0.000000000000000000e+00 0.000000000000000000e+00 0.000000000000000000e+00 0.000000000000000000e+00 0.000000000000000000e+00 0.000000000000000000e+00 0.000000000000000000e+00 0.000000000000000000e+00 0.000000000000000000e+00 0.000000000000000000e+00 0.000000000000000000e+00 0.000000000000000000e+00 0.000000000000000000e+00 0.000000000000000000e+00 0.000000000000000000e+00 0.000000000000000000e+00 0.000000000000000000e+00 0.000000000000000000e+00 0.000000000000000000e+00 0.000000000000000000e+00 0.000000000000000000e+00 0.000000000000000000e+00 0.000000000000000000e+00 0.000000000000000000e+00 0.000000000000000000e+00 0.000000000000000000e+00 0.000000000000000000e+00 0.000000000000000000e+00 0.000000000000000000e+00 0.000000000000000000e+00 0.000000000000000000e+00 0.000000000000000000e+00 0.000000000000000000e+00 0.000000000000000000e+00 0.000000000000000000e+00 0.000000000000000000e+00 0.000000000000000000e+00 0.000000000000000000e+00 0.000000000000000000e+00 0.000000000000000000e+00 1.628499962331435836e-266 9.950193774272360116e-211 1.534069583798902710e-161 5.997441559785478559e-119 5.991078873181526766e-83 1.548791037161875478e-53 1.061023141096590387e-30 2.029377394655770298e-14 1.264525763378699134e-04 5.950277281041074229e-01 9.999826570363821165e-01 9.999999999999995559e-01 1.000000000000000000e+00 1.000000000000000000e+00 1.000000000000000000e+00 1.000000000000000000e+00 1.000000000000000000e+00 1.000000000000000000e+00 1.000000000000000000e+00 1.000000000000000000e+00 1.000000000000000000e+00 1.000000000000000000e+00 1.000000000000000000e+00 1.000000000000000000e+00 1.000000000000000000e+00 1.000000000000000000e+00 1.000000000000000000e+00 1.000000000000000000e+00 1.000000000000000000e+00 1.000000000000000000e+00 1.000000000000000000e+00 1.000000000000000000e+00 1.000000000000000000e+00 1.000000000000000000e+00 1.000000000000000000e+00 1.000000000000000000e+00 1.000000000000000000e+00 1.000000000000000000e+00 1.000000000000000000e+00 1.000000000000000000e+00 1.000000000000000000e+00 1.000000000000000000e+00 1.000000000000000000e+00 1.000000000000000000e+00 1.000000000000000000e+00 1.000000000000000000e+00 1.000000000000000000e+00 1.000000000000000000e+00 1.000000000000000000e+00 1.000000000000000000e+00 1.000000000000000000e+00 1.000000000000000000e+00 1.000000000000000000e+00 1.000000000000000000e+00 1.000000000000000000e+00 1.000000000000000000e+00 1.000000000000000000e+00 1.000000000000000000e+00 1.000000000000000000e+00
0.000000000000000000e+00 0.000000000000000000e+00 0.000000000000000000e+00 0.000000000000000000e+00 0.000000000000000000e+00 0.000000000000000000e+00 0.000000000000000000e+00 0.000000000000000000e+00 0.000000000000000000e+00 0.000000000000000000e+00 0.000000000000000000e+00 0.000000000000000000e+00 0.000000000000000000e+00 0.000000000000000000e+00 0.000000000000000000e+00 0.000000000000000000e+00 0.000000000000000000e+00 0.000000000000000000e+00 0.000000000000000000e+00 0.000000000000000000e+00 0.000000000000000000e+00 0.000000000000000000e+00 0.000000000000000000e+00 0.000000000000000000e+00 0.000000000000000000e+00 0.000000000000000000e+00 0.000000000000000000e+00 0.000000000000000000e+00 0.000000000000000000e+00 0.000000000000000000e+00 0.000000000000000000e+00 0.000000000000000000e+00 0.000000000000000000e+00 0.000000000000000000e+00 0.000000000000000000e+00 0.000000000000000000e+00 0.000000000000000000e+00 0.000000000000000000e+00 0.000000000000000000e+00 0.000000000000000000e+00 0.000000000000000000e+00 1.628499962331435836e-266 9.950193774272360116e-211 1.534069583798902710e-161 5.997441559785478559e-119 5.991078873181526766e-83 1.548791037161875478e-53 1.061023141096590387e-30 2.029377394655770298e-14 1.264525763378699134e-04 5.950277281041074229e-01 9.999826570363821165e-01 9.999999999999995559e-01 1.000000000000000000e+00 1.000000000000000000e+00 1.000000000000000000e+00 1.000000000000000000e+00 1.000000000000000000e+00 1.000000000000000000e+00 1.000000000000000000e+00 1.000000000000000000e+00 1.000000000000000000e+00 1.000000000000000000e+00 1.000000000000000000e+00 1.000000000000000000e+00 1.000000000000000000e+00 1.000000000000000000e+00 1.000000000000000000e+00 1.000000000000000000e+00 1.000000000000000000e+00 1.000000000000000000e+00 1.000000000000000000e+00 1.000000000000000000e+00 1.000000000000000000e+00 1.000000000000000000e+00 1.000000000000000000e+00 1.000000000000000000e+00 1.000000000000000000e+00 1.000000000000000000e+00 1.000000000000000000e+00 1.000000000000000000e+00 1.000000000000000000e+00 1.000000000000000000e+00 1.000000000000000000e+00 1.000000000000000000e+00 1.000000000000000000e+00 1.000000000000000000e+00 1.000000000000000000e+00 1.000000000000000000e+00 1.000000000000000000e+00 1.000000000000000000e+00 1.000000000000000000e+00 1.000000000000000000e+00 1.000000000000000000e+00 1.000000000000000000e+00 1.000000000000000000e+00 1.000000000000000000e+00 1.000000000000000000e+00 1.000000000000000000e+00 1.000000000000000000e+00
0.000000000000000000e+00 0.000000000000000000e+00 0.000000000000000000e+00 0.000000000000000000e+00 0.000000000000000000e+00 0.000000000000000000e+00 0.000000000000000000e+00 0.000000000000000000e+00 0.000000000000000000e+00 0.000000000000000000e+00 0.000000000000000000e+00 0.000000000000000000e+00 0.000000000000000000e+00 0.000000000000000000e+00 0.000000000000000000e+00 0.000000000000000000e+00 0.000000000000000000e+00 0.000000000000000000e+00 0.000000000000000000e+00 0.000000000000000000e+00 0.000000000000000000e+00 0.000000000000000000e+00 0.000000000000000000e+00 0.000000000000000000e+00 0.000000000000000000e+00 0.000000000000000000e+00 0.000000000000000000e+00 0.000000000000000000e+00 0.000000000000000000e+00 0.000000000000000000e+00 0.000000000000000000e+00 0.000000000000000000e+00 0.000000000000000000e+00 0.000000000000000000e+00 0.000000000000000000e+00 0.000000000000000000e+00 0.000000000000000000e+00 0.000000000000000000e+00 0.000000000000000000e+00 0.000000000000000000e+00 0.000000000000000000e+00 1.628499962331435836e-266 9.950193774272360116e-211 1.534069583798902710e-161 5.997441559785478559e-119 5.991078873181526766e-83 1.548791037161875478e-53 1.061023141096590387e-30 2.029377394655770298e-14 1.264525763378699134e-04 5.950277281041074229e-01 9.999826570363821165e-01 9.999999999999995559e-01 1.000000000000000000e+00 1.000000000000000000e+00 1.000000000000000000e+00 1.000000000000000000e+00 1.000000000000000000e+00 1.000000000000000000e+00 1.000000000000000000e+00 1.000000000000000000e+00 1.000000000000000000e+00 1.000000000000000000e+00 1.000000000000000000e+00 1.000000000000000000e+00 1.000000000000000000e+00 1.000000000000000000e+00 1.000000000000000000e+00 1.000000000000000000e+00 1.000000000000000000e+00 1.000000000000000000e+00 1.000000000000000000e+00 1.000000000000000000e+00 1.000000000000000000e+00 1.000000000000000000e+00 1.000000000000000000e+00 1.000000000000000000e+00 1.000000000000000000e+00 1.000000000000000000e+00 1.000000000000000000e+00 1.000000000000000000e+00 1.000000000000000000e+00 1.000000000000000000e+00 1.000000000000000000e+00 1.000000000000000000e+00 1.000000000000000000e+00 1.000000000000000000e+00 1.000000000000000000e+00 1.000000000000000000e+00 1.000000000000000000e+00 1.000000000000000000e+00 1.000000000000000000e+00 1.000000000000000000e+00 1.000000000000000000e+00 1.000000000000000000e+00 1.000000000000000000e+00 1.000000000000000000e+00 1.000000000000000000e+00 1.000000000000000000e+00 1.000000000000000000e+00
0.000000000000000000e+00 0.000000000000000000e+00 0.000000000000000000e+00 0.000000000000000000e+00 0.000000000000000000e+00 0.000000000000000000e+00 0.000000000000000000e+00 0.000000000000000000e+00 0.000000000000000000e+00 0.000000000000000000e+00 0.000000000000000000e+00 0.000000000000000000e+00 0.000000000000000000e+00 0.000000000000000000e+00 0.000000000000000000e+00 0.000000000000000000e+00 0.000000000000000000e+00 0.000000000000000000e+00 0.000000000000000000e+00 0.000000000000000000e+00 0.000000000000000000e+00 0.000000000000000000e+00 0.000000000000000000e+00 0.000000000000000000e+00 0.000000000000000000e+00 0.000000000000000000e+00 0.000000000000000000e+00 0.000000000000000000e+00 0.000000000000000000e+00 0.000000000000000000e+00 0.000000000000000000e+00 0.000000000000000000e+00 0.000000000000000000e+00 0.000000000000000000e+00 0.000000000000000000e+00 0.000000000000000000e+00 0.000000000000000000e+00 0.000000000000000000e+00 0.000000000000000000e+00 0.000000000000000000e+00 0.000000000000000000e+00 1.628499962331435836e-266 9.950193774272360116e-211 1.534069583798902710e-161 5.997441559785478559e-119 5.991078873181526766e-83 1.548791037161875478e-53 1.061023141096590387e-30 2.029377394655770298e-14 1.264525763378699134e-04 5.950277281041074229e-01 9.999826570363821165e-01 9.999999999999995559e-01 1.000000000000000000e+00 1.000000000000000000e+00 1.000000000000000000e+00 1.000000000000000000e+00 1.000000000000000000e+00 1.000000000000000000e+00 1.000000000000000000e+00 1.000000000000000000e+00 1.000000000000000000e+00 1.000000000000000000e+00 1.000000000000000000e+00 1.000000000000000000e+00 1.000000000000000000e+00 1.000000000000000000e+00 1.000000000000000000e+00 1.000000000000000000e+00 1.000000000000000000e+00 1.000000000000000000e+00 1.000000000000000000e+00 1.000000000000000000e+00 1.000000000000000000e+00 1.000000000000000000e+00 1.000000000000000000e+00 1.000000000000000000e+00 1.000000000000000000e+00 1.000000000000000000e+00 1.000000000000000000e+00 1.000000000000000000e+00 1.000000000000000000e+00 1.000000000000000000e+00 1.000000000000000000e+00 1.000000000000000000e+00 1.000000000000000000e+00 1.000000000000000000e+00 1.000000000000000000e+00 1.000000000000000000e+00 1.000000000000000000e+00 1.000000000000000000e+00 1.000000000000000000e+00 1.000000000000000000e+00 1.000000000000000000e+00 1.000000000000000000e+00 1.000000000000000000e+00 1.000000000000000000e+00 1.000000000000000000e+00 1.000000000000000000e+00 1.000000000000000000e+00
0.000000000000000000e+00 0.000000000000000000e+00 0.000000000000000000e+00 0.000000000000000000e+00 0.000000000000000000e+00 0.000000000000000000e+00 0.000000000000000000e+00 0.000000000000000000e+00 0.000000000000000000e+00 0.000000000000000000e+00 0.000000000000000000e+00 0.000000000000000000e+00 0.000000000000000000e+00 0.000000000000000000e+00 0.000000000000000000e+00 0.000000000000000000e+00 0.000000000000000000e+00 0.000000000000000000e+00 0.000000000000000000e+00 0.000000000000000000e+00 0.000000000000000000e+00 0.000000000000000000e+00 0.000000000000000000e+00 0.000000000000000000e+00 0.000000000000000000e+00 0.000000000000000000e+00 0.000000000000000000e+00 0.000000000000000000e+00 0.000000000000000000e+00 0.000000000000000000e+00 0.000000000000000000e+00 0.000000000000000000e+00 0.000000000000000000e+00 0.000000000000000000e+00 0.000000000000000000e+00 0.000000000000000000e+00 0.000000000000000000e+00 0.000000000000000000e+00 0.000000000000000000e+00 0.000000000000000000e+00 0.000000000000000000e+00 1.628499962331435836e-266 9.950193774272360116e-211 1.534069583798902710e-161 5.997441559785478559e-119 5.991078873181526766e-83 1.548791037161875478e-53 1.061023141096590387e-30 2.029377394655770298e-14 1.264525763378699134e-04 5.950277281041074229e-01 9.999826570363821165e-01 9.999999999999995559e-01 1.000000000000000000e+00 1.000000000000000000e+00 1.000000000000000000e+00 1.000000000000000000e+00 1.000000000000000000e+00 1.000000000000000000e+00 1.000000000000000000e+00 1.000000000000000000e+00 1.000000000000000000e+00 1.000000000000000000e+00 1.000000000000000000e+00 1.000000000000000000e+00 1.000000000000000000e+00 1.000000000000000000e+00 1.000000000000000000e+00 1.000000000000000000e+00 1.000000000000000000e+00 1.000000000000000000e+00 1.000000000000000000e+00 1.000000000000000000e+00 1.000000000000000000e+00 1.000000000000000000e+00 1.000000000000000000e+00 1.000000000000000000e+00 1.000000000000000000e+00 1.000000000000000000e+00 1.000000000000000000e+00 1.000000000000000000e+00 1.000000000000000000e+00 1.000000000000000000e+00 1.000000000000000000e+00 1.000000000000000000e+00 1.000000000000000000e+00 1.000000000000000000e+00 1.000000000000000000e+00 1.000000000000000000e+00 1.000000000000000000e+00 1.000000000000000000e+00 1.000000000000000000e+00 1.000000000000000000e+00 1.000000000000000000e+00 1.000000000000000000e+00 1.000000000000000000e+00 1.000000000000000000e+00 1.000000000000000000e+00 1.000000000000000000e+00 1.000000000000000000e+00
0.000000000000000000e+00 0.000000000000000000e+00 0.000000000000000000e+00 0.000000000000000000e+00 0.000000000000000000e+00 0.000000000000000000e+00 0.000000000000000000e+00 0.000000000000000000e+00 0.000000000000000000e+00 0.000000000000000000e+00 0.000000000000000000e+00 0.000000000000000000e+00 0.000000000000000000e+00 0.000000000000000000e+00 0.000000000000000000e+00 0.000000000000000000e+00 0.000000000000000000e+00 0.000000000000000000e+00 0.000000000000000000e+00 0.000000000000000000e+00 0.000000000000000000e+00 0.000000000000000000e+00 0.000000000000000000e+00 0.000000000000000000e+00 0.000000000000000000e+00 0.000000000000000000e+00 0.000000000000000000e+00 0.000000000000000000e+00 0.000000000000000000e+00 0.000000000000000000e+00 0.000000000000000000e+00 0.000000000000000000e+00 0.000000000000000000e+00 0.000000000000000000e+00 0.000000000000000000e+00 0.000000000000000000e+00 0.000000000000000000e+00 0.000000000000000000e+00 0.000000000000000000e+00 0.000000000000000000e+00 0.000000000000000000e+00 1.628499962331435836e-266 9.950193774272360116e-211 1.534069583798902710e-161 5.997441559785478559e-119 5.991078873181526766e-83 1.548791037161875478e-53 1.061023141096590387e-30 2.029377394655770298e-14 1.264525763378699134e-04 5.950277281041074229e-01 9.999826570363821165e-01 9.999999999999995559e-01 1.000000000000000000e+00 1.000000000000000000e+00 1.000000000000000000e+00 1.000000000000000000e+00 1.000000000000000000e+00 1.000000000000000000e+00 1.000000000000000000e+00 1.000000000000000000e+00 1.000000000000000000e+00 1.000000000000000000e+00 1.000000000000000000e+00 1.000000000000000000e+00 1.000000000000000000e+00 1.000000000000000000e+00 1.000000000000000000e+00 1.000000000000000000e+00 1.000000000000000000e+00 1.000000000000000000e+00 1.000000000000000000e+00 1.000000000000000000e+00 1.000000000000000000e+00 1.000000000000000000e+00 1.000000000000000000e+00 1.000000000000000000e+00 1.000000000000000000e+00 1.000000000000000000e+00 1.000000000000000000e+00 1.000000000000000000e+00 1.000000000000000000e+00 1.000000000000000000e+00 1.000000000000000000e+00 1.000000000000000000e+00 1.000000000000000000e+00 1.000000000000000000e+00 1.000000000000000000e+00 1.000000000000000000e+00 1.000000000000000000e+00 1.000000000000000000e+00 1.000000000000000000e+00 1.000000000000000000e+00 1.000000000000000000e+00 1.000000000000000000e+00 1.000000000000000000e+00 1.000000000000000000e+00 1.000000000000000000e+00 1.000000000000000000e+00 1.000000000000000000e+00
0.000000000000000000e+00 0.000000000000000000e+00 0.000000000000000000e+00 0.000000000000000000e+00 0.000000000000000000e+00 0.000000000000000000e+00 0.000000000000000000e+00 0.000000000000000000e+00 0.000000000000000000e+00 0.000000000000000000e+00 0.000000000000000000e+00 0.000000000000000000e+00 0.000000000000000000e+00 0.000000000000000000e+00 0.000000000000000000e+00 0.000000000000000000e+00 0.000000000000000000e+00 0.000000000000000000e+00 0.000000000000000000e+00 0.000000000000000000e+00 0.000000000000000000e+00 0.000000000000000000e+00 0.000000000000000000e+00 0.000000000000000000e+00 0.000000000000000000e+00 0.000000000000000000e+00 0.000000000000000000e+00 0.000000000000000000e+00 0.000000000000000000e+00 0.000000000000000000e+00 0.000000000000000000e+00 0.000000000000000000e+00 0.000000000000000000e+00 0.000000000000000000e+00 0.000000000000000000e+00 0.000000000000000000e+00 0.000000000000000000e+00 0.000000000000000000e+00 0.000000000000000000e+00 0.000000000000000000e+00 0.000000000000000000e+00 1.697091006137383431e-266 1.027731804693860543e-210 1.572151231323224058e-161 6.105010245546307608e-119 6.064103449660988517e-83 1.560506588316331845e-53 1.065316705790194506e-30 2.032671795654004449e-14 1.264882099704133563e-04 5.950019195087768997e-01 9.999826415007996294e-01 9.999999999999995559e-01 1.000000000000000000e+00 1.000000000000000000e+00 1.000000000000000000e+00 1.000000000000000000e+00 1.000000000000000000e+00 1.000000000000000000e+00 1.000000000000000000e+00 1.000000000000000000e+00 1.000000000000000000e+00 1.000000000000000000e+00 1.000000000000000000e+00 1.000000000000000000e+00 1.000000000000000000e+00 1.000000000000000000e+00 1.000000000000000000e+00 1.000000000000000000e+00 1.000000000000000000e+00 1.000000000000000000e+00 1.000000000000000000e+00 1.000000000000000000e+00 1.000000000000000000e+00 1.000000000000000000e+00 1.000000000000000000e+00 1.000000000000000000e+00 1.000000000000000000e+00 1.000000000000000000e+00 1.000000000000000000e+00 1.000000000000000000e+00 1.000000000000000000e+00 1.000000000000000000e+00 1.000000000000000000e+00 1.000000000000000000e+00 1.000000000000000000e+00 1.000000000000000000e+00 1.000000000000000000e+00 1.000000000000000000e+00 1.000000000000000000e+00 1.000000000000000000e+00 1.000000000000000000e+00 1.000000000000000000e+00 1.000000000000000000e+00 1.000000000000000000e+00 1.000000000000000000e+00 1.000000000000000000e+00 1.000000000000000000e+00 1.000000000000000000e+00 1.000000000000000000e+00
0.000000000000000000e+00 0.000000000000000000e+00 0.000000000000000000e+00 0.000000000000000000e+00 0.000000000000000000e+00 0.000000000000000000e+00 0.000000000000000000e+00 0.000000000000000000e+00 0.000000000000000000e+00 0.000000000000000000e+00 0.000000000000000000e+00 0.000000000000000000e+00 0.000000000000000000e+00 0.000000000000000000e+00 0.000000000000000000e+00 0.000000000000000000e+00 0.000000000000000000e+00 0.000000000000000000e+00 0.000000000000000000e+00 0.000000000000000000e+00 0.000000000000000000e+00 0.000000000000000000e+00 0.000000000000000000e+00 0.000000000000000000e+00 0.000000000000000000e+00 0.000000000000000000e+00 0.000000000000000000e+00 0.000000000000000000e+00 0.000000000000000000e+00 0.000000000000000000e+00 0.000000000000000000e+00 0.000000000000000000e+00 0.000000000000000000e+00 0.000000000000000000e+00 0.000000000000000000e+00 0.000000000000000000e+00 0.000000000000000000e+00 0.000000000000000000e+00 0.000000000000000000e+00 0.000000000000000000e+00 0.000000000000000000e+00 3.080448765574454777e-266 1.640353176411477989e-210 2.241193476200549139e-161 7.895459877504970767e-119 7.226729422636750760e-83 1.740613383598728462e-53 1.129672120795803188e-30 2.081360840953384995e-14 1.270213236113188968e-04 5.946438145822044996e-01 9.999824187573093104e-01 9.999999999999995559e-01 1.000000000000000000e+00 1.000000000000000000e+00 1.000000000000000000e+00 1.000000000000000000e+00 1.000000000000000000e+00 1.000000000000000000e+00 1.000000000000000000e+00 1.000000000000000000e+00 1.000000000000000000e+00 1.000000000000000000e+00 1.000000000000000000e+00 1.000000000000000000e+00 1.000000000000000000e+00 1.000000000000000000e+00 1.000000000000000000e+00 1.000000000000000000e+00 1.000000000000000000e+00 1.000000000000000000e+00 1.000000000000000000e+00 1.000000000000000000e+00 1.000000000000000000e+00 1.000000000000000000e+00 1.000000000000000000e+00 1.000000000000000000e+00 1.000000000000000000e+00 1.000000000000000000e+00 1.000000000000000000e+00 1.000000000000000000e+00 1.000000000000000000e+00 1.000000000000000000e+00 1.000000000000000000e+00 1.000000000000000000e+00 1.000000000000000000e+00 1.000000000000000000e+00 1.000000000000000000e+00 1.000000000000000000e+00 1.000000000000000000e+00 1.000000000000000000e+00 1.000000000000000000e+00 1.000000000000000000e+00 1.000000000000000000e+00 1.000000000000000000e+00 1.000000000000000000e+00 1.000000000000000000e+00 1.000000000000000000e+00 1.000000000000000000e+00 1.000000000000000000e+00
0.000000000000000000e+00 0.000000000000000000e+00 0.000000000000000000e+00 0.000000000000000000e+00 0.000000000000000000e+00 0.000000000000000000e+00 0.000000000000000000e+00 0.000000000000000000e+00 0.000000000000000000e+00 0.000000000000000000e+00 0.000000000000000000e+00 0.000000000000000000e+00 0.000000000000000000e+00 0.000000000000000000e+00 0.000000000000000000e+00 0.000000000000000000e+00 0.000000000000000000e+00 0.000000000000000000e+00 0.000000000000000000e+00 0.000000000000000000e+00 0.000000000000000000e+00 0.000000000000000000e+00 0.000000000000000000e+00 0.000000000000000000e+00 0.000000000000000000e+00 0.000000000000000000e+00 0.000000000000000000e+00 0.000000000000000000e+00 0.000000000000000000e+00 0.000000000000000000e+00 0.000000000000000000e+00 0.000000000000000000e+00 0.000000000000000000e+00 0.000000000000000000e+00 0.000000000000000000e+00 0.000000000000000000e+00 0.000000000000000000e+00 0.000000000000000000e+00 0.000000000000000000e+00 0.000000000000000000e+00 0.000000000000000000e+00 8.645210929598983301e-265 2.242504151252552533e-209 1.628613429519999744e-160 3.327868556189912969e-118 1.927905436923719703e-82 3.207023346608417631e-53 1.568548685622499018e-30 2.376267186444803609e-14 1.300523764171289875e-04 5.926405698313357284e-01 9.999811208499873594e-01 9.999999999999993339e-01 1.000000000000000000e+00 1.000000000000000000e+00 1.000000000000000000e+00 1.000000000000000000e+00 1.000000000000000000e+00 1.000000000000000000e+00 1.000000000000000000e+00 1.000000000000000000e+00 1.000000000000000000e+00 1.000000000000000000e+00 1.000000000000000000e+00 1.000000000000000000e+00 1.000000000000000000e+00 1.000000000000000000e+00 1.000000000000000000e+00 1.000000000000000000e+00 1.000000000000000000e+00 1.000000000000000000e+00 1.000000000000000000e+00 1.000000000000000000e+00 1.000000000000000000e+00 1.000000000000000000e+00 1.000000000000000000e+00 1.000000000000000000e+00 1.000000000000000000e+00 1.000000000000000000e+00 1.000000000000000000e+00 1.000000000000000000e+00 1.000000000000000000e+00 1.000000000000000000e+00 1.000000000000000000e+00 1.000000000000000000e+00 1.000000000000000000e+00 1.000000000000000000e+00 1.000000000000000000e+00 1.000000000000000000e+00 1.000000000000000000e+00 1.000000000000000000e+00 1.000000000000000000e+00 1.000000000000000000e+00 1.000000000000000000e+00 1.000000000000000000e+00 1.000000000000000000e+00 1.000000000000000000e+00 1.000000000000000000e+00 1.000000000000000000e+00 1.000000000000000000e+00
0.000000000000000000e+00 0.000000000000000000e+00 0.000000000000000000e+00 0.000000000000000000e+00 0.000000000000000000e+00 0.000000000000000000e+00 0.000000000000000000e+00 0.000000000000000000e+00 0.000000000000000000e+00 0.000000000000000000e+00 0.000000000000000000e+00 0.000000000000000000e+00 0.000000000000000000e+00 0.000000000000000000e+00 0.000000000000000000e+00 0.000000000000000000e+00 0.000000000000000000e+00 0.000000000000000000e+00 0.000000000000000000e+00 0.000000000000000000e+00 0.000000000000000000e+00 0.000000000000000000e+00 0.000000000000000000e+00 0.000000000000000000e+00 0.000000000000000000e+00 0.000000000000000000e+00 0.000000000000000000e+00 0.000000000000000000e+00 0.000000000000000000e+00 0.000000000000000000e+00 0.000000000000000000e+00 0.000000000000000000e+00 0.000000000000000000e+00 0.000000000000000000e+00 0.000000000000000000e+00 0.000000000000000000e+00 0.000000000000000000e+00 0.000000000000000000e+00 0.000000000000000000e+00 0.000000000000000000e+00 1.975878200292521687e-317 2.797885091801634673e-257 1.739021946487885960e-203 4.760374827906196477e-156 5.767239857122156804e-115 3.115888212069221633e-80 7.602981420133555209e-52 8.578248569939867634e-30 4.712674671943884443e-14 1.467337618740957323e-04 5.818846041745286968e-01 9.999726328869952274e-01 9.999999999999981126e-01 1.000000000000000000e+00 1.000000000000000000e+00 1.000000000000000000e+00 1.000000000000000000e+00 1.000000000000000000e+00 1.000000000000000000e+00 1.000000000000000000e+00 1.000000000000000000e+00 1.000000000000000000e+00 1.000000000000000000e+00 1.000000000000000000e+00 1.000000000000000000e+00 1.000000000000000000e+00 1.000000000000000000e+00 1.000000000000000000e+00 1.000000000000000000e+00 1.000000000000000000e+00 1.000000000000000000e+00 1.000000000000000000e+00 1.000000000000000000e+00 1.000000000000000000e+00 1.000000000000000000e+00 1.000000000000000000e+00 1.000000000000000000e+00 1.000000000000000000e+00 1.000000000000000000e+00 1.000000000000000000e+00 1.000000000000000000e+00 1.000000000000000000e+00 1.000000000000000000e+00 1.000000000000000000e+00 1.000000000000000000e+00 1.000000000000000000e+00 1.000000000000000000e+00 1.000000000000000000e+00 1.000000000000000000e+00 1.000000000000000000e+00 1.000000000000000000e+00 1.000000000000000000e+00 1.000000000000000000e+00 1.000000000000000000e+00 1.000000000000000000e+00 1.000000000000000000e+00 1.000000000000000000e+00 1.000000000000000000e+00 1.000000000000000000e+00 1.000000000000000000e+00
0.000000000000000000e+00 0.000000000000000000e+00 0.000000000000000000e+00 0.000000000000000000e+00 0.000000000000000000e+00 0.000000000000000000e+00 0.000000000000000000e+00 0.000000000000000000e+00 0.000000000000000000e+00 0.000000000000000000e+00 0.000000000000000000e+00 0.000000000000000000e+00 0.000000000000000000e+00 0.000000000000000000e+00 0.000000000000000000e+00 0.000000000000000000e+00 0.000000000000000000e+00 0.000000000000000000e+00 0.000000000000000000e+00 0.000000000000000000e+00 0.000000000000000000e+00 0.000000000000000000e+00 0.000000000000000000e+00 0.000000000000000000e+00 0.000000000000000000e+00 0.000000000000000000e+00 0.000000000000000000e+00 0.000000000000000000e+00 0.000000000000000000e+00 0.000000000000000000e+00 0.000000000000000000e+00 0.000000000000000000e+00 0.000000000000000000e+00 0.000000000000000000e+00 0.000000000000000000e+00 0.000000000000000000e+00 0.000000000000000000e+00 0.000000000000000000e+00 0.000000000000000000e+00 0.000000000000000000e+00 8.912396675874760543e-278 2.401588846649249992e-225 1.943698238232087383e-178 4.740478000478753605e-137 3.500881057526573341e-101 7.887398103597535539e-71 5.488783487131259120e-46 1.207118617309420071e-26 8.817413756847403768e-13 2.466584143722281761e-04 5.331911306998626809e-01 9.998693625958736675e-01 9.999999999997373212e-01 1.000000000000000000e+00 1.000000000000000000e+00 1.000000000000000000e+00 1.000000000000000000e+00 1.000000000000000000e+00 1.000000000000000000e+00 1.000000000000000000e+00 1.000000000000000000e+00 1.000000000000000000e+00 1.000000000000000000e+00 1.000000000000000000e+00 1.000000000000000000e+00 1.000000000000000000e+00 1.000000000000000000e+00 1.000000000000000000e+00 1.000000000000000000e+00 1.000000000000000000e+00 1.000000000000000000e+00 1.000000000000000000e+00 1.000000000000000000e+00 1.000000000000000000e+00 1.000000000000000000e+00 1.000000000000000000e+00 1.000000000000000000e+00 1.000000000000000000e+00 1.000000000000000000e+00 1.000000000000000000e+00 1.000000000000000000e+00 1.000000000000000000e+00 1.000000000000000000e+00 1.000000000000000000e+00 1.000000000000000000e+00 1.000000000000000000e+00 1.000000000000000000e+00 1.000000000000000000e+00 1.000000000000000000e+00 1.000000000000000000e+00 1.000000000000000000e+00 1.000000000000000000e+00 1.000000000000000000e+00 1.000000000000000000e+00 1.000000000000000000e+00 1.000000000000000000e+00 1.000000000000000000e+00 1.000000000000000000e+00 1.000000000000000000e+00 1.000000000000000000e+00
0.000000000000000000e+00 0.000000000000000000e+00 0.000000000000000000e+00 0.000000000000000000e+00 0.000000000000000000e+00 0.000000000000000000e+00 0.000000000000000000e+00 0.000000000000000000e+00 0.000000000000000000e+00 0.000000000000000000e+00 0.000000000000000000e+00 0.000000000000000000e+00 0.000000000000000000e+00 0.000000000000000000e+00 0.000000000000000000e+00 0.000000000000000000e+00 0.000000000000000000e+00 0.000000000000000000e+00 0.000000000000000000e+00 0.000000000000000000e+00 0.000000000000000000e+00 0.000000000000000000e+00 0.000000000000000000e+00 0.000000000000000000e+00 0.000000000000000000e+00 0.000000000000000000e+00 0.000000000000000000e+00 0.000000000000000000e+00 0.000000000000000000e+00 0.000000000000000000e+00 0.000000000000000000e+00 0.000000000000000000e+00 0.000000000000000000e+00 0.000000000000000000e+00 0.000000000000000000e+00 0.000000000000000000e+00 0.000000000000000000e+00 3.807831607068826345e-289 4.507631908402720663e-247 2.488899947802325592e-208 6.418147244435504385e-173 7.742518142768250494e-141 4.379287725889176444e-112 1.165020553717648973e-86 1.464340018664809179e-64 8.756536175389640463e-46 2.519498199960942624e-30 3.559734185557512245e-18 2.575978925735688749e-09 1.065248330817150559e-03 3.818468460349658811e-01 9.932470519723766156e-01 9.999999201111660074e-01 9.999999999999994449e-01 1.000000000000000000e+00 1.000000000000000000e+00 1.000000000000000000e+00 1.000000000000000000e+00 1.000000000000000000e+00 1.000000000000000000e+00 1.000000000000000000e+00 1.000000000000000000e+00 1.000000000000000000e+00 1.000000000000000000e+00 1.000000000000000000e+00 1.000000000000000000e+00 1.000000000000000000e+00 1.000000000000000000e+00 1.000000000000000000e+00 1.000000000000000000e+00 1.000000000000000000e+00 1.000000000000000000e+00 1.000000000000000000e+00 1.000000000000000000e+00 1.000000000000000000e+00 1.000000000000000000e+00 1.000000000000000000e+00 1.000000000000000000e+00 1.000000000000000000e+00 1.000000000000000000e+00 1.000000000000000000e+00 1.000000000000000000e+00 1.000000000000000000e+00 1.000000000000000000e+00 1.000000000000000000e+00 1.000000000000000000e+00 1.000000000000000000e+00 1.000000000000000000e+00 1.000000000000000000e+00 1.000000000000000000e+00 1.000000000000000000e+00 1.000000000000000000e+00 1.000000000000000000e+00 1.000000000000000000e+00 1.000000000000000000e+00 1.000000000000000000e+00 1.000000000000000000e+00 1.000000000000000000e+00 1.000000000000000000e+00 1.000000000000000000e+00
0.000000000000000000e+00 0.000000000000000000e+00 0.000000000000000000e+00 0.000000000000000000e+00 0.000000000000000000e+00 0.000000000000000000e+00 0.000000000000000000e+00 0.000000000000000000e+00 0.000000000000000000e+00 0.000000000000000000e+00 0.000000000000000000e+00 0.000000000000000000e+00 0.000000000000000000e+00 0.000000000000000000e+00 0.000000000000000000e+00 0.000000000000000000e+00 0.000000000000000000e+00 0.000000000000000000e+00 0.000000000000000000e+00 0.000000000000000000e+00 0.000000000000000000e+00 0.000000000000000000e+00 0.000000000000000000e+00 0.000000000000000000e+00 0.000000000000000000e+00 0.000000000000000000e+00 0.000000000000000000e+00 5.715845456737381270e-320 1.335986645850605147e-293 2.255238636674280759e-268 2.749978357598075243e-244 2.422728002188237393e-221 1.542500398964494370e-199 7.099297170192211511e-179 2.362766017624595143e-159 5.688715035936811363e-141 9.912942618569373265e-124 1.250939676798451463e-107 1.143990953718807125e-92 7.588281457930994706e-79 3.654960212244704096e-66 1.280161817869662610e-54 3.266747853449912891e-44 6.089153440206406980e-35 8.320828141813638780e-27 8.380282873115149936e-20 6.272112409077342557e-14 3.536472110911840460e-09 1.540037655638476562e-05 5.452255840716499491e-03 1.777368198917957942e-01 7.573161265011834065e-01 9.898137278376997195e-01 9.999594514655154587e-01 9.999999867301323508e-01 9.999999999996629363e-01 1.000000000000000000e+00 1.000000000000000000e+00 1.000000000000000000e+00 1.000000000000000000e+00 1.000000000000000000e+00 1.000000000000000000e+00 1.000000000000000000e+00 1.000000000000000000e+00 1.000000000000000000e+00 1.000000000000000000e+00 1.000000000000000000e+00 1.000000000000000000e+00 1.000000000000000000e+00 1.000000000000000000e+00 1.000000000000000000e+00 1.000000000000000000e+00 1.000000000000000000e+00 1.000000000000000000e+00 1.000000000000000000e+00 1.000000000000000000e+00 1.000000000000000000e+00 1.000000000000000000e+00 1.000000000000000000e+00 1.000000000000000000e+00 1.000000000000000000e+00 1.000000000000000000e+00 1.000000000000000000e+00 1.000000000000000000e+00 1.000000000000000000e+00 1.000000000000000000e+00 1.000000000000000000e+00 1.000000000000000000e+00 1.000000000000000000e+00 1.000000000000000000e+00 1.000000000000000000e+00 1.000000000000000000e+00 1.000000000000000000e+00 1.000000000000000000e+00 1.000000000000000000e+00 1.000000000000000000e+00 1.000000000000000000e+00 1.000000000000000000e+00 1.000000000000000000e+00 1.000000000000000000e+00
0.000000000000000000e+00 0.000000000000000000e+00 0.000000000000000000e+00 0.000000000000000000e+00 0.000000000000000000e+00 0.000000000000000000e+00 0.000000000000000000e+00 0.000000000000000000e+00 6.485876409719714483e-318 1.188764297077208928e-303 1.020264027093176876e-289 4.100440679940050420e-276 7.717238547953171557e-263 6.801739234068556817e-250 2.807494748289156099e-237 5.427180308515200318e-225 4.913631003400236692e-213 2.083636206050727889e-201 4.138585824148049125e-190 3.850473662568675044e-179 1.678154144216145686e-168 3.426341516041796631e-158 3.277469607114962507e-148 1.468881960863500383e-138 3.084675956184041909e-129 3.035600224106965931e-120 1.400019913366230797e-111 3.026395195810470865e-103 3.066703463517223534e-95 1.456908562909408997e-87 3.245448515174564129e-80 3.390595400114443091e-73 1.661590805553418191e-66 3.820502706363370723e-60 4.122711638809256447e-54 2.088569824572230737e-48 4.969134887139028682e-43 5.554835669349890887e-38 2.919121173953707850e-33 7.216146944932405861e-29 8.398043207952912602e-25 4.605791148271575051e-21 1.191887603442592376e-17 1.457759828177390479e-14 8.445071016683927865e-12 2.324209740803595481e-09 3.051462726704384153e-07 1.922765700708176933e-05 5.868243237781045922e-04 8.801937618165748753e-03 6.648599255624544624e-02 2.639800511105208081e-01 5.949273784198824133e-01 8.668449838726985934e-01 9.763141622998043889e-01 9.978435715874702794e-01 9.999026073576939844e-01 9.999978573949120930e-01 9.999999772952998800e-01 9.999999998849460336e-01 9.999999999997225553e-01 9.999999999999996669e-01 1.000000000000000000e+00 1.000000000000000000e+00 1.000000000000000000e+00 1.000000000000000000e+00 1.000000000000000000e+00 1.000000000000000000e+00 1.000000000000000000e+00 1.000000000000000000e+00 1.000000000000000000e+00 1.000000000000000000e+00 1.000000000000000000e+00 1.000000000000000000e+00 1.000000000000000000e+00 1.000000000000000000e+00 1.000000000000000000e+00 1.000000000000000000e+00 1.000000000000000000e+00 1.000000000000000000e+00 1.000000000000000000e+00 1.000000000000000000e+00 1.000000000000000000e+00 1.000000000000000000e+00 1.000000000000000000e+00 1.000000000000000000e+00 1.000000000000000000e+00 1.000000000000000000e+00 1.000000000000000000e+00 1.000000000000000000e+00 1.000000000000000000e+00 1.000000000000000000e+00 1.000000000000000000e+00 1.000000000000000000e+00 1.000000000000000000e+00 1.000000000000000000e+00 1.000000000000000000e+00 1.000000000000000000e+00 1.000000000000000000e+00 1.000000000000000000e+00
9.793298556219739109e-150 2.546690094206468245e-144 5.248096212194477337e-139 8.570614816578108306e-134 1.109207835315379050e-128 1.137656833659154614e-123 9.247281399770753958e-119 5.957016346828074035e-114 3.041328925444560963e-109 1.230626748500231845e-104 3.946632646744035740e-100 1.003169003370782908e-95 2.021058449581969273e-91 3.227394586587234258e-87 4.085126800763593576e-83 4.098755778199684250e-79 3.259907548610630568e-75 2.055322878405464126e-71 1.027288294449011956e-67 4.070609390868503904e-64 1.278792536917569320e-60 3.185185493688215748e-57 6.290505848044550241e-54 9.850922532886300945e-51 1.223306632006051210e-47 1.204730943642717069e-44 9.409646121434237174e-42 5.829355811553373102e-39 2.864648271058720332e-36 1.116784473108951782e-33 3.454329148656875411e-31 8.478309302698835664e-29 1.651459013088529277e-26 2.553343651739737803e-24 3.134102195450990193e-22 3.054712145900909610e-20 2.364749281334305549e-18 1.454381561072733827e-16 7.108708513449030601e-15 2.762403576996473480e-13 8.538129129098269970e-12 2.100149463060046941e-10 4.113673783101654542e-09 6.421591980965307368e-08 7.996658504696692281e-07 7.953357035512250851e-06 6.327457103923232956e-05 4.034516411448759972e-04 2.066994776347134966e-03 8.537497028641882063e-03 2.855777814608127796e-02 7.783849180011072344e-02 1.743539380580118592e-01 3.247578565003492734e-01 5.112600012093455604e-01 6.952866041533831698e-01 8.397802934482351267e-01 9.300574130484354773e-01 9.749367093205345558e-01 9.926877310373962704e-01 9.982733367999894192e-01 9.996714410441236431e-01 9.999497819777244390e-01 9.999938499480536258e-01 9.999993976499325088e-01 9.999999528884164768e-01 9.999999970609597666e-01 9.999999998538923185e-01 9.999999999942164042e-01 9.999999999998178124e-01 9.999999999999954481e-01 9.999999999999998890e-01 1.000000000000000000e+00 1.000000000000000000e+00 1.000000000000000000e+00 1.000000000000000000e+00 1.000000000000000000e+00 1.000000000000000000e+00 1.000000000000000000e+00 1.000000000000000000e+00 1.000000000000000000e+00 1.000000000000000000e+00 1.000000000000000000e+00 1.000000000000000000e+00 1.000000000000000000e+00 1.000000000000000000e+00 1.000000000000000000e+00 1.000000000000000000e+00 1.000000000000000000e+00 1.000000000000000000e+00 1.000000000000000000e+00 1.000000000000000000e+00 1.000000000000000000e+00 1.000000000000000000e+00 1.000000000000000000e+00 1.000000000000000000e+00 1.000000000000000000e+00 1.000000000000000000e+00 1.000000000000000000e+00 1.000000000000000000e+00
3.232734534378307824e-87 3.331253619631165655e-84 3.030866239086039547e-81 2.434739374032075940e-78 1.726912520920522166e-75 1.081499132177588375e-72 5.980343859889134178e-70 2.919959389747918957e-67 1.258882125696673011e-64 4.792457558048890590e-62 1.611032308830203301e-59 4.782239329016120122e-57 1.253569177990105405e-54 2.901781445272903078e-52 5.931855849315468234e-50 1.070870068068548086e-47 1.707319704858912282e-45 2.404015347389529128e-43 2.989628948148171697e-41 3.283744838007334058e-39 3.185730964269753955e-37 2.729940287124811358e-35 2.066425368041644770e-33 1.381747047385617584e-31 8.162083881415801395e-30 4.259519654729426692e-28 1.963960766449183165e-26 8.001024138830829830e-25 2.880246671625616521e-23 9.162605237959523800e-22 2.576029712793259210e-20 6.401280000378113704e-19 1.406089471728731366e-17 2.730490868180581821e-16 4.688217965399138232e-15 7.118344555970045754e-14 9.559333614678541587e-13 1.135629760040495359e-11 1.193716627526509546e-10 1.110528519473785035e-09 9.146341871803581228e-09 6.671133053833427803e-08 4.310778085666335515e-07 2.468963336910169915e-06 1.254041672063572270e-05 5.652340167922745778e-05 2.262563598280493385e-04 8.050780640621011969e-04 2.549406395950933220e-03 7.194810499397026604e-03 1.812775080735136435e-02 4.086690673803278218e-02 8.266346456241135954e-02 1.505587563721496047e-01 2.480296868685099299e-01 3.716954235511299443e-01 5.103595610593002485e-01 6.477701536796979243e-01 7.681122296330956667e-01 8.612562722650218827e-01 9.249697299984530607e-01 9.634859037136256354e-01 9.840631617641837359e-01 9.937785466091109132e-01 9.978322839940753086e-01 9.993270338870625658e-01 9.998141049121178625e-01 9.999543603702993888e-01 9.999900500968592620e-01 9.999980752687656071e-01 9.999996698415025698e-01 9.999999498066226566e-01 9.999999932399854519e-01 9.999999991937670307e-01 9.999999999148777574e-01 9.999999999920462512e-01 9.999999999993424149e-01 9.999999999999519273e-01 9.999999999999968914e-01 9.999999999999997780e-01 1.000000000000000000e+00 1.000000000000000000e+00 1.000000000000000000e+00 1.000000000000000000e+00 1.000000000000000000e+00 1.000000000000000000e+00 1.000000000000000000e+00 1.000000000000000000e+00 1.000000000000000000e+00 1.000000000000000000e+00 1.000000000000000000e+00 1.000000000000000000e+00 1.000000000000000000e+00 1.000000000000000000e+00 1.000000000000000000e+00 1.000000000000000000e+00 1.000000000000000000e+00 1.000000000000000000e+00 1.000000000000000000e+00 1.000000000000000000e+00
1.756920756501995560e-67 3.115687832821209625e-65 5.049393355559038275e-63 7.478468927345311531e-61 1.012230415506641238e-58 1.252115875105626813e-56 1.415512318867376008e-54 1.462489090792144665e-52 1.380980878013341855e-50 1.191805283086925199e-48 9.400533839275596568e-47 6.776987476493077630e-45 4.465454330972382226e-43 2.689352769495217846e-41 1.480443853603265731e-39 7.449165819608548233e-38 3.426139229001599891e-36 1.440439013794742692e-34 5.535907875733415911e-33 1.944909497912859944e-31 6.246545181633296140e-30 1.834107226844667268e-28 4.923448907134547319e-27 1.208344581721318348e-25 2.711483497632965585e-24 5.563365842962792873e-23 1.043768418034421628e-21 1.790728962178681479e-20 2.809571995486413649e-19 4.031465053442287815e-18 5.290888185769022611e-17 6.351419412046648027e-16 6.974716505547483373e-15 7.007076531752169499e-14 6.440909080269068950e-13 5.417614751955278355e-12 4.170386372037564891e-11 2.938428639628440701e-10 1.895379309775921478e-09 1.119437973888237854e-08 6.055061737117953638e-08 3.000242768234359947e-07 1.362176716225670208e-06 5.668758396310790898e-06 2.163116859657332071e-05 7.571746455309329323e-05 2.432510577336763932e-04 7.176516056407554597e-04 1.945711715934069115e-03 4.851925734266466193e-03 1.113932808626267972e-02 2.357452216043074561e-02 4.605850728847082215e-02 8.322357723491566328e-02 1.393851002562764285e-01 2.169715969463135719e-01 3.149606602364409258e-01 4.281000646096636553e-01 5.475250978835031201e-01 6.627701262191114662e-01 7.644404665306590019e-01 8.464399792726251537e-01 9.069006013208262829e-01 9.476552814272393155e-01 9.727698004492340011e-01 9.869184006123641328e-01 9.942052840599433505e-01 9.976361852045152467e-01 9.991129478499023442e-01 9.996940429038392306e-01 9.999030761305618409e-01 9.999718166207618442e-01 9.999924816673810835e-01 9.999981608228402097e-01 9.999995875854049698e-01 9.999999152556926507e-01 9.999999840474671498e-01 9.999999972496764755e-01 9.999999995658110929e-01 9.999999999372474191e-01 9.999999999916981963e-01 9.999999999989948041e-01 9.999999999998886446e-01 9.999999999999886757e-01 9.999999999999988898e-01 9.999999999999998890e-01 1.000000000000000000e+00 1.000000000000000000e+00 1.000000000000000000e+00 1.000000000000000000e+00 1.000000000000000000e+00 1.000000000000000000e+00 1.000000000000000000e+00 1.000000000000000000e+00 1.000000000000000000e+00 1.000000000000000000e+00 1.000000000000000000e+00 1.000000000000000000e+00 1.000000000000000000e+00 1.000000000000000000e+00
1.854689719696471232e-64 2.427468722792954000e-62 2.922256528966660015e-60 3.235712093864530094e-58 3.295436970632058454e-56 3.087114733226674118e-54 2.660078486193096827e-52 2.108354538931480903e-50 1.537114640179454994e-48 1.030833567782186111e-46 6.359121860471864762e-45 3.608602685539237601e-43 1.883743510830219517e-41 9.045928990753936141e-40 3.996149369859232598e-38 1.624038672288432323e-36 6.071929423852384058e-35 2.088540932974698892e-33 6.609310301913630996e-32 1.924322658556745387e-30 5.154906910120298398e-29 1.270569605818055335e-27 2.881544638588561956e-26 6.013359772776154534e-25 1.154757847041891917e-23 2.040632976229093583e-22 3.318631406399847178e-21 4.967008447250057376e-20 6.842205083968546407e-19 8.675375663508738738e-18 1.012510727086839180e-16 1.087829852164025319e-15 1.075985074199195559e-14 9.798799944365891479e-14 8.216792456704643358e-13 6.345129380240219561e-12 4.512721671073265810e-11 2.956335216214778043e-10 1.784226381999291150e-09 9.922006911151562626e-09 5.084917434481575411e-08 2.402125101661471051e-07 1.046261282941088324e-06 4.202796155253750261e-06 1.557504167411848735e-05 5.326890352048852125e-05 1.682128487722117703e-04 4.906869056641792286e-04 1.323022956604525281e-03 3.299536336326098097e-03 7.617705790983511985e-03 1.629731282499041062e-02 3.234832186305104662e-02 5.965744676834750654e-02 1.024056146753899860e-01 1.639704113411793729e-01 2.455447165316491098e-01 3.449892479457397076e-01 4.565253436887315441e-01 5.716205473457104391e-01 6.808919040771183040e-01 7.763389861984789642e-01 8.530443792872477449e-01 9.097590743121434231e-01 9.483398646068176285e-01 9.724862229833917127e-01 9.863901085604132035e-01 9.937559708957217630e-01 9.973461206649296695e-01 9.989560307361052827e-01 9.996202158273368443e-01 9.998723160946438870e-01 9.999603504616820793e-01 9.999886333581264886e-01 9.999969929683283354e-01 9.999992661615970668e-01 9.999998348474838927e-01 9.999999657330475022e-01 9.999999934465617635e-01 9.999999988450140043e-01 9.999999998124491363e-01 9.999999999719439980e-01 9.999999999961342034e-01 9.999999999995095035e-01 9.999999999999427125e-01 9.999999999999937828e-01 9.999999999999993339e-01 1.000000000000000000e+00 1.000000000000000000e+00 1.000000000000000000e+00 1.000000000000000000e+00 1.000000000000000000e+00 1.000000000000000000e+00 1.000000000000000000e+00 1.000000000000000000e+00 1.000000000000000000e+00 1.000000000000000000e+00 1.000000000000000000e+00 1.000000000000000000e+00 1.000000000000000000e+00
3.682397106070180833e-70 7.120554501989187279e-68 1.259085486594219839e-65 2.035913051465707356e-63 3.010443420155602694e-61 4.070744291142129306e-59 5.033782285025996880e-57 5.692430185788045742e-55 5.886937305470102211e-53 5.567696897705476284e-51 4.815735802159297249e-49 3.809407371977543867e-47 2.755923104055937838e-45 1.823473057193097739e-43 1.103474580869409281e-41 6.107517516838385794e-40 3.091831127263817208e-38 1.431612034209916942e-36 6.063229449617036672e-35 2.348892034487287250e-33 8.323665355799387068e-32 2.698184749538818533e-30 8.001073581488866227e-29 2.170498212842326356e-27 5.386683540775405162e-26 1.223071797749978434e-24 2.540797017791297767e-23 4.829433858662044811e-22 8.399496126569132458e-21 1.336797340408334681e-19 1.946973739828669606e-18 2.595172480925844255e-17 3.166039356092399284e-16 3.535460317916115851e-15 3.614053437774965710e-14 3.382250374433178087e-13 2.898197927052463628e-12 2.274131510495341628e-11 1.634289486443633686e-10 1.075812112318885580e-09 6.488059545788247671e-09 3.585513551813218380e-08 1.816123271402633822e-07 8.433546709240166395e-07 3.591507059492682355e-06 1.403122636450485360e-05 5.030861245321125417e-05 1.656234482770812502e-04 5.009277555740827620e-04 1.392795331893345980e-03 3.562853032603281993e-03 8.392929771654461177e-03 1.822739179818615857e-02 3.654474819188682777e-02 6.775463315906260497e-02 1.163998434612776717e-01 1.857596204023780895e-01 2.762278084968252667e-01 3.841735188188798444e-01 5.019982984761622857e-01 6.196477384144174483e-01 7.271122497207486157e-01 8.169092878310044714e-01 8.855497546171287038e-01 9.335472990660967918e-01 9.642500621459233479e-01 9.822161866932284102e-01 9.918333831200589756e-01 9.965427022444643956e-01 9.986522119150309518e-01 9.995166157665182904e-01 9.998406280335059293e-01 9.999517278715064350e-01 9.999865752457813839e-01 9.999965736026323881e-01 9.999991977381652575e-01 9.999998277372400546e-01 9.999999660895471099e-01 9.999999938817156764e-01 9.999999989884653662e-01 9.999999998467854478e-01 9.999999999787425597e-01 9.999999999972988274e-01 9.999999999996856959e-01 9.999999999999664713e-01 9.999999999999966693e-01 9.999999999999997780e-01 1.000000000000000000e+00 1.000000000000000000e+00 1.000000000000000000e+00 1.000000000000000000e+00 1.000000000000000000e+00 1.000000000000000000e+00 1.000000000000000000e+00 1.000000000000000000e+00 1.000000000000000000e+00 1.000000000000000000e+00 1.000000000000000000e+00 1.000000000000000000e+00 1.000000000000000000e+00
1.370972424906549292e-92 1.537318899552041436e-89 1.529008177484584941e-86 1.348871990225599188e-83 1.055483580970015452e-80 7.325833274715239175e-78 4.510167214359271493e-75 2.462996968832785932e-72 1.193099339868662649e-69 5.126689836327782628e-67 1.954122459423288303e-64 6.607357214750186638e-62 1.981857795364554096e-59 5.273437034766714392e-57 1.244801209565742311e-54 2.606754539020156105e-52 4.842880065307641328e-50 7.982169036841659185e-48 1.167246730387757375e-45 1.514400138416678354e-43 1.743280984063370574e-41 1.780559189483325763e-39 1.613697921645644299e-37 1.297718652516496368e-35 9.260795376011921145e-34 5.864673314599885108e-32 3.295999129581827936e-30 1.643992221945560327e-28 7.277889789953842208e-27 2.859763202378397182e-25 9.974746459823860875e-24 3.088530928233837285e-22 8.490135319329409719e-21 2.072181117994604612e-19 4.490898525479572915e-18 8.643266586584844882e-17 1.477453599064622104e-15 2.243362696711576419e-14 3.026220530290512906e-13 3.627365856875751181e-12 3.864169431350844825e-11 3.659241959246289378e-10 3.081105009743648688e-09 2.307434407788669699e-08 1.537471544937426085e-07 9.118252670370775600e-07 4.815539558125482450e-06 2.265927515822370133e-05 9.506037868370867297e-05 3.558340729009952129e-04 1.189608608312850164e-03 3.556107384726645698e-03 9.518804601989944505e-03 2.285596772807296090e-02 4.933933487276257607e-02 9.602420098768015000e-02 1.690835300731915458e-01 2.705855426267591568e-01 3.957771122647820716e-01 5.328584346240137215e-01 6.661138367851011655e-01 7.811129586918974521e-01 8.692191569112744931e-01 9.291456653576872782e-01 9.653307566406275075e-01 9.847277962681477703e-01 9.939584513417004663e-01 9.978580186597996171e-01 9.993204721165531712e-01 9.998073541116818674e-01 9.999512456096769641e-01 9.999889949622360330e-01 9.999977859877455799e-01 9.999996032495047649e-01 9.999999367029419606e-01 9.999999910134866887e-01 9.999999988650390970e-01 9.999999998725278560e-01 9.999999999872715151e-01 9.999999999988702371e-01 9.999999999999109601e-01 9.999999999999937828e-01 9.999999999999995559e-01 1.000000000000000000e+00 1.000000000000000000e+00 1.000000000000000000e+00 1.000000000000000000e+00 1.000000000000000000e+00 1.000000000000000000e+00 1.000000000000000000e+00 1.000000000000000000e+00 1.000000000000000000e+00 1.000000000000000000e+00 1.000000000000000000e+00 1.000000000000000000e+00 1.000000000000000000e+00 1.000000000000000000e+00 1.000000000000000000e+00 1.000000000000000000e+00 1.000000000000000000e+00
3.806160258070964111e-89 3.322326717189544951e-86 2.582566220576577600e-83 1.787800165879170518e-80 1.102172626549414000e-77 6.051296430507052341e-75 2.958834616632516136e-72 1.288463155143115819e-69 4.996987705166436097e-67 1.725980087069994754e-64 5.309591817017941275e-62 1.454760088466933925e-59 3.550045965312769058e-57 7.716082652549205185e-55 1.493786442111659067e-52 2.575834233556097089e-50 3.956349742351163576e-48 5.412888532592979831e-46 6.596781942286365352e-44 7.161691300559164147e-42 6.926153985830945180e-40 5.967265658625261612e-38 4.580152570683244742e-36 3.131999459999518026e-34 1.908172691768869013e-32 1.035825188797228563e-30 5.010120474029333898e-29 2.159358081907831439e-27 8.293537777844648370e-26 2.838701597315518145e-24 8.659503759851263974e-23 2.354458489936148734e-21 5.706219433669167186e-20 1.232831071260929604e-18 2.374645516103779205e-17 4.078320354413336480e-16 6.246028200071427192e-15 8.531505782198821301e-14 1.039472672968877334e-12 1.129903219238358691e-11 1.095962021481413331e-10 9.487967002215692749e-10 7.333069644853089581e-09 5.061300004950196001e-08 3.120693814375602724e-07 1.719598753752435297e-06 8.472165324186528473e-06 3.734176814811571290e-05 1.473386191664376350e-04 5.208413595789451473e-04 1.651125383801200271e-03 4.699492996179436242e-03 1.202669631895541755e-02 2.772327415964057767e-02 5.769223385420461231e-02 1.086889084420736284e-01 1.860314596457739167e-01 2.905766131385464357e-01 4.165270814786938280e-01 5.517677139224756999e-01 6.811952032891737119e-01 7.915922712226597380e-01 8.755188133047620003e-01 9.323845087020166122e-01 9.667251524936929519e-01 9.852080801276952293e-01 9.940742069639345591e-01 9.978646849096136640e-01 9.993089480174178751e-01 9.997993880255838794e-01 9.999478130439559687e-01 9.999878447340493359e-01 9.999974668335753769e-01 9.999995279284141780e-01 9.999999213707240209e-01 9.999999882992889333e-01 9.999999984449757795e-01 9.999999998154874836e-01 9.999999999804582984e-01 9.999999999981530330e-01 9.999999999998442357e-01 9.999999999999882316e-01 9.999999999999992228e-01 1.000000000000000000e+00 1.000000000000000000e+00 1.000000000000000000e+00 1.000000000000000000e+00 1.000000000000000000e+00 1.000000000000000000e+00 1.000000000000000000e+00 1.000000000000000000e+00 1.000000000000000000e+00 1.000000000000000000e+00 1.000000000000000000e+00 1.000000000000000000e+00 1.000000000000000000e+00 1.000000000000000000e+00 1.000000000000000000e+00 1.000000000000000000e+00 1.000000000000000000e+00
6.077499642562595543e-92 7.361976820938090028e-89 7.881792364792847689e-86 7.457981887169988680e-83 6.237182575631971886e-80 4.610326383405015786e-77 3.012010976406860787e-74 1.739277954804223399e-71 8.877184438350084727e-69 4.004810019279992796e-66 1.596967348033699411e-63 5.628919630194705694e-61 1.753787112777864680e-58 4.830142556559799634e-56 1.175934840470627244e-53 2.530791653076835149e-51 4.814925885676645813e-49 8.098300145741709217e-47 1.204150973713840213e-44 1.582936342740318349e-42 1.839733747221685256e-40 1.890471540058850257e-38 1.717610728017567670e-36 1.379862609658483741e-34 9.802163609934159422e-33 6.157481650488706824e-31 3.420591675200457573e-29 1.680506134621010639e-27 7.302066495025942915e-26 2.806382322750369030e-24 9.540577141365268240e-23 2.869219762486639747e-21 7.634007507345975762e-20 1.797146068450021320e-18 3.743720417762467403e-17 6.901848247967071175e-16 1.126233633983319198e-14 1.626893881013917197e-13 2.080812065229370759e-12 2.356865867681524897e-11 2.364627998331569896e-10 2.101980599322238811e-09 1.656005188423431378e-08 1.156676137455430340e-07 7.165626451854835576e-07 3.939081255823197849e-06 1.922552635911719420e-05 8.336725254765160428e-05 3.214381043954379403e-04 1.103085881413100669e-03 3.373277640272173000e-03 9.205945407926963142e-03 2.246251668279887134e-02 4.911635688319606480e-02 9.652500572585424876e-02 1.711232178844427354e-01 2.749657737577857475e-01 4.028451984894910187e-01 5.421627253274564628e-01 6.764365014749759153e-01 7.909236557000188794e-01 8.772814098065868649e-01 9.349080127706188570e-01 9.689268185777493159e-01 9.866926665704910393e-01 9.949003263970448430e-01 9.982547216748796082e-01 9.994674537317045360e-01 9.998553046157352409e-01 9.999650299654082586e-01 9.999924889068509959e-01 9.999985672760145494e-01 9.999997574437402559e-01 9.999999635722167657e-01 9.999999951489411121e-01 9.999999994273827131e-01 9.999999999401065764e-01 9.999999999944504392e-01 9.999999999995445865e-01 9.999999999999669154e-01 9.999999999999978906e-01 9.999999999999998890e-01 1.000000000000000000e+00 1.000000000000000000e+00 1.000000000000000000e+00 1.000000000000000000e+00 1.000000000000000000e+00 1.000000000000000000e+00 1.000000000000000000e+00 1.000000000000000000e+00 1.000000000000000000e+00 1.000000000000000000e+00 1.000000000000000000e+00 1.000000000000000000e+00 1.000000000000000000e+00 1.000000000000000000e+00 1.000000000000000000e+00 1.000000000000000000e+00 1.000000000000000000e+00 1.000000000000000000e+00
1.251893856875548900e-69 2.571301832904761799e-67 4.815908903990678826e-65 8.225224988189949007e-63 1.281051367940794256e-60 1.819448316926127182e-58 2.356529045377255990e-56 2.783373888824357759e-54 2.998072262348044467e-52 2.945038098617996204e-50 2.638304252889310128e-48 2.155516055908133726e-46 1.606119337463377593e-44 1.091472394905879699e-42 6.764954261676895877e-41 3.824225427758874789e-39 1.971780642884573269e-37 9.273013243076258363e-36 3.977789142947333876e-34 1.556443968209106117e-32 5.555322106813135744e-31 1.808769342058753324e-29 5.372427825727312517e-28 1.455753816683032878e-26 3.598761517952822847e-25 8.116808797537066842e-24 1.670343081601872043e-22 3.136440340742626469e-21 5.374082216672240315e-20 8.403008278399540616e-19 1.199108281112926414e-17 1.561737465563600465e-16 1.856606785195797047e-15 2.014810531759892354e-14 1.996159973463059682e-13 1.805730039843255296e-12 1.491632816844207603e-11 1.125342242806394859e-10 7.755157417606940237e-10 4.882684817032529157e-09 2.809171361238950034e-08 1.477240304995718890e-07 7.102220956752405761e-07 3.122782547086650084e-06 1.256172984851598304e-05 4.624858593379227076e-05 1.559196790302764743e-04 4.816226072934178828e-04 1.363994759067296966e-03 3.544640914527325340e-03 8.460781711715791020e-03 1.857125157684497152e-02 3.753954508411702640e-02 7.000315599394890675e-02 1.206880488944612612e-01 1.928776501265028198e-01 2.866740471678914659e-01 3.978507575409824248e-01 5.180656072908997878e-01 6.366477450917971126e-01 7.433558121551284703e-01 8.309533195867839783e-01 8.965530717648964032e-01 9.413685237387314775e-01 9.692982973874311181e-01 9.851771740148980161e-01 9.934125471103614213e-01 9.973088805316205896e-01 9.989905329183239591e-01 9.996526295020260466e-01 9.998904279298536091e-01 9.999683385076169051e-01 9.999916237513604145e-01 9.999979720739258227e-01 9.999995508762498098e-01 9.999999090416897829e-01 9.999999831596007027e-01 9.999999971503994445e-01 9.999999995594053281e-01 9.999999999377653381e-01 9.999999999919705340e-01 9.999999999990538679e-01 9.999999999998981925e-01 9.999999999999900080e-01 9.999999999999991118e-01 1.000000000000000000e+00 1.000000000000000000e+00 1.000000000000000000e+00 1.000000000000000000e+00 1.000000000000000000e+00 1.000000000000000000e+00 1.000000000000000000e+00 1.000000000000000000e+00 1.000000000000000000e+00 1.000000000000000000e+00 1.000000000000000000e+00 1.000000000000000000e+00 1.000000000000000000e+00 1.000000000000000000e+00 1.000000000000000000e+00
3.018464000581998376e-56 2.210564043394860243e-54 1.502476398512038728e-52 9.477730695541048289e-51 5.548788388092229478e-49 3.015048256452628641e-47 1.520541166232290424e-45 7.117307378198967950e-44 3.092096482224169937e-42 1.246856966846934393e-40 4.666738017537207675e-39 1.621252697851839955e-37 5.228008493667342509e-36 1.564870517700996059e-34 4.347963488893885648e-33 1.121419520218254185e-31 2.684943170747101715e-30 5.967570519278714956e-29 1.231308746976263940e-27 2.358607129084177274e-26 4.194466096724441968e-25 6.925392753028439150e-24 1.061632153632414427e-22 1.511061583357872912e-21 1.997039072760627144e-20 2.450792799405032265e-19 2.792950626002243272e-18 2.955829550541265430e-17 2.905225704662627128e-16 2.652112480470866306e-15 2.248771731169468759e-14 1.771221641269837055e-13 1.296016678350512503e-12 8.810452497979479799e-12 5.565188249203349539e-11 3.266664236703013418e-10 1.782078020352635555e-09 9.036651990549302715e-09 4.260058462126932358e-08 1.867359505302629696e-07 7.612583089913110126e-07 2.886869320033841862e-06 1.018653322904592184e-05 3.345489571842440797e-05 1.023001876398708650e-04 2.913732434249845867e-04 7.733581417816873336e-04 1.913836207612032306e-03 4.418741999049657573e-03 9.525531414392576085e-03 1.918954731710290074e-02 3.616500120647241773e-02 6.384334268488456310e-02 1.057337293403281531e-01 1.645835216881078589e-01 2.413253731558666904e-01 3.342170461031993556e-01 4.385877853515964819e-01 5.474402771355759700e-01 6.528196707132304377e-01 7.475154603929928809e-01 8.265038278120876436e-01 8.876617641773314471e-01 9.316158587301660576e-01 9.609384391251374335e-01 9.790961358357200828e-01 9.895331035150554122e-01 9.951016532916372448e-01 9.978594556229599677e-01 9.991272137277595888e-01 9.996681682592710727e-01 9.998824252563853765e-01 9.999611947097060138e-01 9.999880746196594394e-01 9.999965888119703994e-01 9.999990920560235530e-01 9.999997751891840370e-01 9.999999482298776998e-01 9.999999889144757237e-01 9.999999977931648409e-01 9.999999995916331041e-01 9.999999999297677356e-01 9.999999999887754232e-01 9.999999999983331112e-01 9.999999999997699618e-01 9.999999999999704681e-01 9.999999999999964473e-01 9.999999999999995559e-01 1.000000000000000000e+00 1.000000000000000000e+00 1.000000000000000000e+00 1.000000000000000000e+00 1.000000000000000000e+00 1.000000000000000000e+00 1.000000000000000000e+00 1.000000000000000000e+00 1.000000000000000000e+00 1.000000000000000000e+00 1.000000000000000000e+00 1.000000000000000000e+00
1.359773176180766774e-55 1.014069251418295107e-53 7.007731479723865166e-52 4.487463378926184485e-50 2.662828596706288772e-48 1.464231779287531384e-46 7.461163686948490194e-45 3.523218411004943146e-43 1.541754842533702070e-41 6.252313063087475139e-40 2.349757554168692402e-38 8.184084330975683702e-37 2.641740109071358558e-35 7.902997082849478671e-34 2.191213301211825002e-32 5.630910038333044766e-31 1.341171477024236059e-29 2.960828516672289628e-28 6.058675510031494265e-27 1.149187236436251869e-25 2.020536600649923563e-24 3.293219952281133714e-23 4.975873290644324770e-22 6.969959497367876424e-21 9.051547945585031365e-20 1.089853344082281152e-18 1.216714410778861889e-17 1.259532758524489195e-16 1.209087276557035499e-15 1.076373352713558889e-14 8.887057362045974669e-14 6.805793224657037172e-13 4.834649025648959991e-12 3.186108607194068024e-11 1.948114579670191963e-10 1.105302611034649239e-09 5.819981676242864216e-09 2.844488488001726753e-08 1.290642591765740334e-07 5.437688220924135906e-07 2.127787487455382925e-06 7.735011931755872541e-06 2.613017132970748999e-05 8.205811626907572650e-05 2.396469682025760713e-04 6.511707958151986397e-04 1.647123672551627357e-03 3.880995487654288843e-03 8.524593352342322433e-03 1.747059529501263780e-02 3.344344592698789143e-02 5.987458277736291967e-02 1.004095686337182075e-01 1.580232544796425498e-01 2.339165322411210501e-01 3.265703712912652046e-01 4.314053734196078849e-01 5.413394109636907592e-01 6.481811888706153768e-01 7.444161876960506685e-01 8.247517479137367324e-01 8.869051861824290839e-01 9.314712858896492254e-01 9.610872380838524354e-01 9.793273594601539234e-01 9.897387785449303088e-01 9.952464931467066567e-01 9.979467882259087652e-01 9.991737420292563510e-01 9.996904214584296788e-01 9.998920670748157047e-01 9.999650010077721918e-01 9.999894489437013423e-01 9.999970438928535987e-01 9.999992305261129477e-01 9.999998139626877780e-01 9.999999582327134817e-01 9.999999912941242020e-01 9.999999983155847261e-01 9.999999996975343919e-01 9.999999999496000935e-01 9.999999999922078997e-01 9.999999999988823385e-01 9.999999999998512301e-01 9.999999999999815703e-01 9.999999999999978906e-01 9.999999999999997780e-01 1.000000000000000000e+00 1.000000000000000000e+00 1.000000000000000000e+00 1.000000000000000000e+00 1.000000000000000000e+00 1.000000000000000000e+00 1.000000000000000000e+00 1.000000000000000000e+00 1.000000000000000000e+00 1.000000000000000000e+00 1.000000000000000000e+00 1.000000000000000000e+00 1.000000000000000000e+00
2.250544417766230098e-67 4.436544819330811235e-65 7.961380443940003170e-63 1.300538328606449028e-60 1.933991409878388896e-58 2.618111657058400677e-56 3.226487458466685274e-54 3.619814315802364117e-52 3.697121952047893430e-50 3.437712164460875499e-48 2.910120786518969561e-46 2.242829607336350139e-44 1.573743007373410024e-42 1.005385641471438613e-40 5.847935164016136776e-39 3.097089538798566132e-37 1.493473003782828663e-35 6.557604944943038498e-34 2.621863662065486460e-32 9.545652533441269543e-31 3.164801931052801174e-29 9.555397085566889458e-28 2.627419485712463196e-26 6.579716374136429648e-25 1.500728749550578743e-23 3.117715368333438234e-22 5.899753857566200711e-21 1.016999268281801973e-19 1.597075134115389227e-18 2.284964551693491526e-17 2.978637342616414675e-16 3.538165000609100977e-15 3.830038930040875701e-14 3.778679236530617301e-13 3.398138650570038843e-12 2.785897537188896590e-11 2.082467131753753574e-10 1.419562695793567630e-09 8.826300715784613477e-09 5.006641714217752128e-08 2.591597986271628424e-07 1.224526251048927932e-06 5.283156557336176728e-06 2.082154104007044799e-05 7.499353756761062938e-05 2.469782228690001300e-04 7.442042068326234485e-04 2.053295406332252687e-03 5.191930027716843560e-03 1.204474304566516100e-02 2.567037079763661439e-02 5.034244598838195917e-02 9.102592748656854194e-02 1.521194684524891372e-01 2.356679297216519309e-01 3.397194731514021071e-01 4.577314735920557931e-01 5.796225110614922071e-01 6.942755125438940800e-01 7.924880545319501479e-01 8.691034196125344558e-01 9.235325568827871257e-01 9.587463372594716704e-01 9.794934744190251230e-01 9.906253018143036382e-01 9.960645099729534824e-01 9.984847795563177586e-01 9.994655069927069757e-01 9.998274055579550179e-01 9.999490175941525560e-01 9.999862322848651619e-01 9.999966027255290379e-01 9.999992343356394198e-01 9.999998424480047721e-01 9.999999704097992659e-01 9.999999949290447887e-01 9.999999992072352573e-01 9.999999998869633089e-01 9.999999999853028676e-01 9.999999999982577270e-01 9.999999999998117062e-01 9.999999999999814593e-01 9.999999999999983347e-01 9.999999999999998890e-01 1.000000000000000000e+00 1.000000000000000000e+00 1.000000000000000000e+00 1.000000000000000000e+00 1.000000000000000000e+00 1.000000000000000000e+00 1.000000000000000000e+00 1.000000000000000000e+00 1.000000000000000000e+00 1.000000000000000000e+00 1.000000000000000000e+00 1.000000000000000000e+00 1.000000000000000000e+00 1.000000000000000000e+00 1.000000000000000000e+00 1.000000000000000000e+00
4.319535436416538662e-48 1.878805086285661896e-46 7.636801110221206995e-45 2.900891311671054369e-43 1.029786278882791160e-41 3.416364176072601049e-40 1.059226188474912393e-38 3.069214099949341521e-37 8.311633757313640004e-36 2.103650451552484509e-34 4.976183619768257789e-33 1.100178146275611295e-31 2.273432738216354176e-30 4.390994935907653608e-29 7.927118773044927883e-28 1.337672948667484424e-26 2.109978157207765952e-25 3.111082319617267881e-24 4.288086643229148923e-23 5.525200672863559265e-22 6.655489966669708369e-21 7.495069770024148167e-20 7.891371635364288415e-19 7.768361470177767262e-18 7.150345260553014899e-17 6.154143046473341010e-16 4.953081429794782718e-15 3.728011161456972326e-14 2.624229677208790775e-13 1.727751368881397889e-12 1.064021619090543381e-11 6.129825322916408526e-11 3.303824062852890164e-10 1.666112335693665916e-09 7.862541073600454611e-09 3.472575589148410546e-08 1.435610230331291277e-07 5.556374920752222158e-07 2.013725739910826567e-06 6.835300446071564694e-06 2.173557618268089685e-05 6.476853303577059296e-05 1.809162437980419899e-04 4.738866484561441643e-04 1.164510324594147895e-03 2.685984944026414967e-03 5.818508568725221444e-03 1.184592477200743267e-02 2.268459272248435007e-02 4.089959360348632833e-02 6.950786487191892848e-02 1.114995858049542821e-01 1.691026788544563730e-01 2.429506151827432736e-01 3.314299062331318990e-01 4.305030219582145490e-01 5.341796952705365475e-01 6.355748921138408836e-01 7.282503591728601844e-01 8.074135249165514949e-01 8.706099211277352756e-01 9.177588691644895658e-01 9.506335771912937105e-01 9.720556552473972323e-01 9.851014519250205215e-01 9.925263137312544393e-01 9.964755605668590421e-01 9.984386840613748149e-01 9.993506689332609660e-01 9.997466126775834683e-01 9.999072639891493086e-01 9.999681810638296753e-01 9.999897682855769521e-01 9.999969174671681227e-01 9.999991301370436680e-01 9.999997701318321663e-01 9.999999431272175165e-01 9.999999868280351478e-01 9.999999971447213198e-01 9.999999994207885434e-01 9.999999998900584997e-01 9.999999999804758399e-01 9.999999999967563724e-01 9.999999999994959587e-01 9.999999999999267253e-01 9.999999999999900080e-01 9.999999999999986677e-01 9.999999999999997780e-01 1.000000000000000000e+00 1.000000000000000000e+00 1.000000000000000000e+00 1.000000000000000000e+00 1.000000000000000000e+00 1.000000000000000000e+00 1.000000000000000000e+00 1.000000000000000000e+00 1.000000000000000000e+00 1.000000000000000000e+00 1.000000000000000000e+00 1.000000000000000000e+00
2.339467948185168531e-51 1.290610837960021486e-49 6.628470456444366589e-48 3.169393869591175917e-46 1.410877522279839460e-44 5.847338925466736364e-43 2.256259422824750997e-41 8.105651331828619431e-40 2.711200296897712518e-38 8.443396229184503596e-37 2.448285928020636608e-35 6.610046135174877293e-34 1.661700431268239543e-32 3.889698293933766565e-31 8.478200830507082263e-30 1.720784154097915096e-28 3.252333287711989430e-27 5.724287730314231254e-26 9.382494293162867709e-25 1.432185345614360247e-23 2.036005112356708664e-22 2.695709115892913184e-21 3.324289068295908065e-20 3.818339960745858860e-19 4.085267318064840539e-18 4.071535163155631443e-17 3.780170581388087286e-16 3.269685153589097591e-15 2.634935886468417527e-14 1.978493924775705290e-13 1.384312003680671532e-12 9.026208567184737546e-12 5.485173022441172868e-11 3.106954261255680913e-10 1.640552286950968992e-09 8.076310828734473195e-09 3.707383997798852564e-08 1.587177427478586465e-07 6.338225601861914630e-07 2.361488768983527313e-06 8.210777759181176659e-06 2.664906631380508579e-05 8.076358649408869948e-05 2.286349269497784569e-04 6.048467540048685538e-04 1.496016191598770022e-03 3.461496143415721677e-03 7.497563968648657436e-03 1.521424807528938203e-02 2.895106964983334627e-02 5.171911847047928890e-02 8.685493541174525711e-02 1.373396093227197967e-01 2.048786353918019554e-01 2.890057818224265329e-01 3.865730042612778306e-01 4.919287784341841441e-01 5.978540202917487223e-01 6.970119186870235017e-01 7.834373990286331857e-01 8.535736819941233122e-01 9.065680681278728281e-01 9.438503760477465754e-01 9.682712413755840686e-01 9.831649922673276754e-01 9.916222828014312762e-01 9.960936650964786754e-01 9.982947404792921198e-01 9.993035511765528955e-01 9.997340431843656505e-01 9.999050841272447698e-01 9.999683564079133724e-01 9.999901487587312676e-01 9.999971370428537565e-01 9.999992235098945637e-01 9.999998035066473001e-01 9.999999536171726433e-01 9.999999897886883149e-01 9.999999979037275111e-01 9.999999995987722823e-01 9.999999999284099328e-01 9.999999999880935242e-01 9.999999999981543652e-01 9.999999999997333244e-01 9.999999999999641398e-01 9.999999999999955591e-01 9.999999999999995559e-01 1.000000000000000000e+00 1.000000000000000000e+00 1.000000000000000000e+00 1.000000000000000000e+00 1.000000000000000000e+00 1.000000000000000000e+00 1.000000000000000000e+00 1.000000000000000000e+00 1.000000000000000000e+00 1.000000000000000000e+00 1.000000000000000000e+00 1.000000000000000000e+00 1.000000000000000000e+00
8.307912996315647871e-42 2.166861250654632972e-40 5.330537837359202153e-39 1.236849445135512920e-37 2.706910684273767148e-36 5.587891873258103190e-35 1.088040511982414714e-33 1.998349826974694665e-32 3.462056073325362264e-31 5.657700637738699759e-30 8.721611003377174516e-29 1.268272027254230301e-27 1.739785287324565147e-26 2.251415115987525941e-25 2.748539216105020757e-24 3.165520637637345827e-23 3.439508195139128801e-22 3.525879465580062690e-21 3.410132690833103859e-20 3.111870640783345809e-19 2.679371983602499146e-18 2.176815563318821571e-17 1.668801157719096560e-16 1.207259076434829900e-15 8.241939798845297760e-15 5.310230065292091504e-14 3.229058899749125619e-13 1.853289488711632370e-12 1.004022772462815790e-11 5.134615249030021630e-11 2.478964844837743624e-10 1.129974016633362185e-09 4.863440109908640986e-09 1.976703504116845036e-08 7.587753223175297490e-08 2.751155890783623313e-07 9.423468743706971472e-07 3.049796591950440451e-06 9.327712871236798505e-06 2.696582207897739816e-05 7.370353344760354982e-05 1.905088012826966471e-04 4.658287117454457289e-04 1.077888161153853653e-03 2.361196306999571899e-03 4.898954111347547137e-03 9.632120302115979027e-03 1.795811519794685701e-02 3.177161535236158740e-02 5.338659884252992122e-02 8.528654706603937263e-02 1.296892317894618452e-01 1.879817616477924835e-01 2.601591559712331803e-01 3.444488104094169945e-01 4.372881920524494537e-01 5.337321817442554073e-01 6.282259324719083882e-01 7.155463861516827562e-01 7.916514924895364791e-01 8.542114475044918498e-01 9.027139036564337804e-01 9.381801742128467181e-01 9.626398993583862307e-01 9.785499517867224384e-01 9.883105250542612019e-01 9.939581047106853529e-01 9.970401025924466865e-01 9.986264006976425245e-01 9.993964513662902949e-01 9.997490132163860954e-01 9.999012544522181134e-01 9.999632570193095482e-01 9.999870729088571331e-01 9.999957007681889998e-01 9.999986487019949521e-01 9.999995986724562469e-01 9.999998873941552402e-01 9.999999701549997511e-01 9.999999925291090941e-01 9.999999982339180526e-01 9.999999996057791218e-01 9.999999999169162379e-01 9.999999999834688902e-01 9.999999999968949282e-01 9.999999999994495514e-01 9.999999999999078515e-01 9.999999999999854561e-01 9.999999999999977796e-01 9.999999999999997780e-01 1.000000000000000000e+00 1.000000000000000000e+00 1.000000000000000000e+00 1.000000000000000000e+00 1.000000000000000000e+00 1.000000000000000000e+00 1.000000000000000000e+00 1.000000000000000000e+00 1.000000000000000000e+00 1.000000000000000000e+00
