0.000000000000000000e+00
0.000000000000000000e+00
0.000000000000000000e+00
0.000000000000000000e+00
0.000000000000000000e+00
0.000000000000000000e+00
0.000000000000000000e+00
0.000000000000000000e+00
0.000000000000000000e+00
1.210000000000000062e-06
7.359999999999999836e-06
1.710000000000000230e-05
3.389999999999999730e-05
6.470000000000000057e-05
1.240000000000000054e-04
2.500000000000000052e-04
5.400000000000000069e-04
1.299999999999999940e-03
3.559999999999999797e-03
1.113250000000000003e-02
4.020610000000000156e-02
1.560130000000000128e-01
5.298380000000000312e-01
1.300947999999999993e+00
2.381712999999999969e+00
3.548153999999999808e+00
4.628416999999999781e+00
5.521182000000000478e+00
6.184631000000000434e+00
6.632294000000000800e+00
6.908565000000000289e+00
