0.000000000000000000e+00
0.000000000000000000e+00
0.000000000000000000e+00
0.000000000000000000e+00
0.000000000000000000e+00
0.000000000000000000e+00
0.000000000000000000e+00
0.000000000000000000e+00
0.000000000000000000e+00
1.210327119999999994e-06
7.357948399999999702e-06
1.705785006000000030e-05
3.392174779999999890e-05
6.471684920000001428e-05
1.244539990000000020e-04
2.495229959999999917e-04
5.401954240000000820e-04
1.300583242000000021e-03
3.563177559999999768e-03
1.113249768000000063e-02
4.020605379999999535e-02
1.560125539999999700e-01
5.298383719999999464e-01
1.300947572000000108e+00
2.381712779999999530e+00
3.548154179999999602e+00
4.628417080000000183e+00
5.521182179999999384e+00
6.184630700000000481e+00
6.632294200000000473e+00
6.908564699999999448e+00
