1.163120209999999937e-03
1.442418114000000194e-03
1.949022534000000159e-03
2.914390139999999650e-03
5.402387979999999368e-03
1.151226177999999968e-02
2.764790699999999934e-02
7.232689919999998884e-02
1.927000703999999787e-01
4.699487459999999728e-01
9.655336360000000839e-01
1.658770684000000051e+00
2.483612060000000010e+00
3.365570540000000666e+00
4.264857899999999979e+00
5.141627879999999706e+00
5.984350280000000133e+00
6.776971800000000101e+00
7.518775899999999623e+00
8.201639560000000273e+00
8.826681680000000085e+00
9.402748479999999631e+00
9.920866099999999577e+00
1.038321627999999919e+01
1.080553300000000050e+01
1.118886809999999876e+01
1.153050646000000157e+01
1.184959268000000066e+01
1.213997056000000185e+01
1.240876975999999843e+01
1.265674672000000101e+01
