0.000000000000000000e+00 0.000000000000000000e+00 0.000000000000000000e+00 0.000000000000000000e+00 0.000000000000000000e+00 0.000000000000000000e+00 0.000000000000000000e+00 0.000000000000000000e+00 0.000000000000000000e+00 0.000000000000000000e+00 0.000000000000000000e+00 0.000000000000000000e+00 0.000000000000000000e+00 0.000000000000000000e+00 0.000000000000000000e+00 0.000000000000000000e+00 0.000000000000000000e+00 0.000000000000000000e+00 0.000000000000000000e+00 0.000000000000000000e+00 0.000000000000000000e+00 0.000000000000000000e+00 0.000000000000000000e+00 0.000000000000000000e+00 0.000000000000000000e+00 0.000000000000000000e+00 0.000000000000000000e+00 0.000000000000000000e+00 0.000000000000000000e+00 0.000000000000000000e+00 0.000000000000000000e+00 0.000000000000000000e+00 0.000000000000000000e+00 0.000000000000000000e+00 0.000000000000000000e+00 0.000000000000000000e+00 0.000000000000000000e+00 0.000000000000000000e+00 0.000000000000000000e+00 0.000000000000000000e+00 0.000000000000000000e+00 6.592051197551220308e-285 1.954934020217735028e-225 5.680184349845465320e-173 1.624890294347666743e-127 4.610870007025303114e-89 1.314263691312096347e-57 3.851443452833692667e-33 1.221045891119238753e-15 4.863611249012529425e-05 5.485293693659710756e-01 9.999827246078890619e-01 9.999999999999997780e-01 1.000000000000000000e+00 1.000000000000000000e+00 1.000000000000000000e+00 1.000000000000000000e+00 1.000000000000000000e+00 1.000000000000000000e+00 1.000000000000000000e+00 1.000000000000000000e+00 1.000000000000000000e+00 1.000000000000000000e+00 1.000000000000000000e+00 1.000000000000000000e+00 1.000000000000000000e+00 1.000000000000000000e+00 1.000000000000000000e+00 1.000000000000000000e+00 1.000000000000000000e+00 1.000000000000000000e+00 1.000000000000000000e+00 1.000000000000000000e+00 1.000000000000000000e+00 1.000000000000000000e+00 1.000000000000000000e+00 1.000000000000000000e+00 1.000000000000000000e+00 1.000000000000000000e+00 1.000000000000000000e+00 1.000000000000000000e+00 1.000000000000000000e+00 1.000000000000000000e+00 1.000000000000000000e+00 1.000000000000000000e+00 1.000000000000000000e+00 1.000000000000000000e+00 1.000000000000000000e+00 1.000000000000000000e+00 1.000000000000000000e+00 1.000000000000000000e+00 1.000000000000000000e+00 1.000000000000000000e+00 1.000000000000000000e+00 1.000000000000000000e+00 1.000000000000000000e+00 1.000000000000000000e+00 1.000000000000000000e+00 1.000000000000000000e+00 1.000000000000000000e+00
0.000000000000000000e+00 0.000000000000000000e+00 0.000000000000000000e+00 0.000000000000000000e+00 0.000000000000000000e+00 0.000000000000000000e+00 0.000000000000000000e+00 0.000000000000000000e+00 0.000000000000000000e+00 0.000000000000000000e+00 0.000000000000000000e+00 0.000000000000000000e+00 0.000000000000000000e+00 0.000000000000000000e+00 0.000000000000000000e+00 0.000000000000000000e+00 0.000000000000000000e+00 0.000000000000000000e+00 0.000000000000000000e+00 0.000000000000000000e+00 0.000000000000000000e+00 0.000000000000000000e+00 0.000000000000000000e+00 0.000000000000000000e+00 0.000000000000000000e+00 0.000000000000000000e+00 0.000000000000000000e+00 0.000000000000000000e+00 0.000000000000000000e+00 0.000000000000000000e+00 0.000000000000000000e+00 0.000000000000000000e+00 0.000000000000000000e+00 0.000000000000000000e+00 0.000000000000000000e+00 0.000000000000000000e+00 0.000000000000000000e+00 0.000000000000000000e+00 0.000000000000000000e+00 0.000000000000000000e+00 0.000000000000000000e+00 7.024892848924728823e-285 1.961260852408857272e-225 5.436819367921682881e-173 1.503758202008564697e-127 4.181148079020767667e-89 1.183398634806168372e-57 3.489491225657776783e-33 1.127842574583957846e-15 4.637209591945156296e-05 5.433003581477260369e-01 9.999815703912942055e-01 9.999999999999997780e-01 1.000000000000000000e+00 1.000000000000000000e+00 1.000000000000000000e+00 1.000000000000000000e+00 1.000000000000000000e+00 1.000000000000000000e+00 1.000000000000000000e+00 1.000000000000000000e+00 1.000000000000000000e+00 1.000000000000000000e+00 1.000000000000000000e+00 1.000000000000000000e+00 1.000000000000000000e+00 1.000000000000000000e+00 1.000000000000000000e+00 1.000000000000000000e+00 1.000000000000000000e+00 1.000000000000000000e+00 1.000000000000000000e+00 1.000000000000000000e+00 1.000000000000000000e+00 1.000000000000000000e+00 1.000000000000000000e+00 1.000000000000000000e+00 1.000000000000000000e+00 1.000000000000000000e+00 1.000000000000000000e+00 1.000000000000000000e+00 1.000000000000000000e+00 1.000000000000000000e+00 1.000000000000000000e+00 1.000000000000000000e+00 1.000000000000000000e+00 1.000000000000000000e+00 1.000000000000000000e+00 1.000000000000000000e+00 1.000000000000000000e+00 1.000000000000000000e+00 1.000000000000000000e+00 1.000000000000000000e+00 1.000000000000000000e+00 1.000000000000000000e+00 1.000000000000000000e+00 1.000000000000000000e+00 1.000000000000000000e+00 1.000000000000000000e+00 1.000000000000000000e+00
0.000000000000000000e+00 0.000000000000000000e+00 0.000000000000000000e+00 0.000000000000000000e+00 0.000000000000000000e+00 0.000000000000000000e+00 0.000000000000000000e+00 0.000000000000000000e+00 0.000000000000000000e+00 0.000000000000000000e+00 0.000000000000000000e+00 0.000000000000000000e+00 0.000000000000000000e+00 0.000000000000000000e+00 0.000000000000000000e+00 0.000000000000000000e+00 0.000000000000000000e+00 0.000000000000000000e+00 0.000000000000000000e+00 0.000000000000000000e+00 0.000000000000000000e+00 0.000000000000000000e+00 0.000000000000000000e+00 0.000000000000000000e+00 0.000000000000000000e+00 0.000000000000000000e+00 0.000000000000000000e+00 0.000000000000000000e+00 0.000000000000000000e+00 0.000000000000000000e+00 0.000000000000000000e+00 0.000000000000000000e+00 0.000000000000000000e+00 0.000000000000000000e+00 0.000000000000000000e+00 0.000000000000000000e+00 0.000000000000000000e+00 0.000000000000000000e+00 0.000000000000000000e+00 0.000000000000000000e+00 0.000000000000000000e+00 1.074540197160190050e-284 2.506409148371885107e-225 6.000636923581488154e-173 1.481709448453708613e-127 3.801895702208609956e-89 1.026415033586094451e-57 2.983765352176402549e-33 9.823299125225446050e-16 4.245412849179855803e-05 5.332106104624181331e-01 9.999790542999174026e-01 9.999999999999997780e-01 1.000000000000000000e+00 1.000000000000000000e+00 1.000000000000000000e+00 1.000000000000000000e+00 1.000000000000000000e+00 1.000000000000000000e+00 1.000000000000000000e+00 1.000000000000000000e+00 1.000000000000000000e+00 1.000000000000000000e+00 1.000000000000000000e+00 1.000000000000000000e+00 1.000000000000000000e+00 1.000000000000000000e+00 1.000000000000000000e+00 1.000000000000000000e+00 1.000000000000000000e+00 1.000000000000000000e+00 1.000000000000000000e+00 1.000000000000000000e+00 1.000000000000000000e+00 1.000000000000000000e+00 1.000000000000000000e+00 1.000000000000000000e+00 1.000000000000000000e+00 1.000000000000000000e+00 1.000000000000000000e+00 1.000000000000000000e+00 1.000000000000000000e+00 1.000000000000000000e+00 1.000000000000000000e+00 1.000000000000000000e+00 1.000000000000000000e+00 1.000000000000000000e+00 1.000000000000000000e+00 1.000000000000000000e+00 1.000000000000000000e+00 1.000000000000000000e+00 1.000000000000000000e+00 1.000000000000000000e+00 1.000000000000000000e+00 1.000000000000000000e+00 1.000000000000000000e+00 1.000000000000000000e+00 1.000000000000000000e+00 1.000000000000000000e+00 1.000000000000000000e+00
0.000000000000000000e+00 0.000000000000000000e+00 0.000000000000000000e+00 0.000000000000000000e+00 0.000000000000000000e+00 0.000000000000000000e+00 0.000000000000000000e+00 0.000000000000000000e+00 0.000000000000000000e+00 0.000000000000000000e+00 0.000000000000000000e+00 0.000000000000000000e+00 0.000000000000000000e+00 0.000000000000000000e+00 0.000000000000000000e+00 0.000000000000000000e+00 0.000000000000000000e+00 0.000000000000000000e+00 0.000000000000000000e+00 0.000000000000000000e+00 0.000000000000000000e+00 0.000000000000000000e+00 0.000000000000000000e+00 0.000000000000000000e+00 0.000000000000000000e+00 0.000000000000000000e+00 0.000000000000000000e+00 0.000000000000000000e+00 0.000000000000000000e+00 0.000000000000000000e+00 0.000000000000000000e+00 0.000000000000000000e+00 0.000000000000000000e+00 0.000000000000000000e+00 0.000000000000000000e+00 0.000000000000000000e+00 0.000000000000000000e+00 0.000000000000000000e+00 0.000000000000000000e+00 0.000000000000000000e+00 0.000000000000000000e+00 6.609322371923201125e-284 8.749433903072668872e-225 1.302316776885521316e-172 2.190080444715524290e-127 4.192194378217263748e-89 9.247732720178732610e-58 2.405381746053296525e-33 7.754588306243332115e-16 3.582280394675670451e-05 5.124905592151685063e-01 9.999725101428746932e-01 9.999999999999995559e-01 1.000000000000000000e+00 1.000000000000000000e+00 1.000000000000000000e+00 1.000000000000000000e+00 1.000000000000000000e+00 1.000000000000000000e+00 1.000000000000000000e+00 1.000000000000000000e+00 1.000000000000000000e+00 1.000000000000000000e+00 1.000000000000000000e+00 1.000000000000000000e+00 1.000000000000000000e+00 1.000000000000000000e+00 1.000000000000000000e+00 1.000000000000000000e+00 1.000000000000000000e+00 1.000000000000000000e+00 1.000000000000000000e+00 1.000000000000000000e+00 1.000000000000000000e+00 1.000000000000000000e+00 1.000000000000000000e+00 1.000000000000000000e+00 1.000000000000000000e+00 1.000000000000000000e+00 1.000000000000000000e+00 1.000000000000000000e+00 1.000000000000000000e+00 1.000000000000000000e+00 1.000000000000000000e+00 1.000000000000000000e+00 1.000000000000000000e+00 1.000000000000000000e+00 1.000000000000000000e+00 1.000000000000000000e+00 1.000000000000000000e+00 1.000000000000000000e+00 1.000000000000000000e+00 1.000000000000000000e+00 1.000000000000000000e+00 1.000000000000000000e+00 1.000000000000000000e+00 1.000000000000000000e+00 1.000000000000000000e+00 1.000000000000000000e+00 1.000000000000000000e+00
0.000000000000000000e+00 0.000000000000000000e+00 0.000000000000000000e+00 0.000000000000000000e+00 0.000000000000000000e+00 0.000000000000000000e+00 0.000000000000000000e+00 0.000000000000000000e+00 0.000000000000000000e+00 0.000000000000000000e+00 0.000000000000000000e+00 0.000000000000000000e+00 0.000000000000000000e+00 0.000000000000000000e+00 0.000000000000000000e+00 0.000000000000000000e+00 0.000000000000000000e+00 0.000000000000000000e+00 0.000000000000000000e+00 0.000000000000000000e+00 0.000000000000000000e+00 0.000000000000000000e+00 0.000000000000000000e+00 0.000000000000000000e+00 0.000000000000000000e+00 0.000000000000000000e+00 0.000000000000000000e+00 0.000000000000000000e+00 0.000000000000000000e+00 0.000000000000000000e+00 0.000000000000000000e+00 0.000000000000000000e+00 0.000000000000000000e+00 0.000000000000000000e+00 0.000000000000000000e+00 0.000000000000000000e+00 0.000000000000000000e+00 0.000000000000000000e+00 0.000000000000000000e+00 0.000000000000000000e+00 0.000000000000000000e+00 2.181130818763531826e-279 1.899831559311073068e-221 2.750966938609582627e-170 6.653539163789283413e-126 2.707630537942084112e-88 1.876520994438844631e-57 2.264750934873294163e-33 4.994572190038644543e-16 2.309640306857361174e-05 4.517639147927936527e-01 9.999363662100131389e-01 9.999999999999964473e-01 1.000000000000000000e+00 1.000000000000000000e+00 1.000000000000000000e+00 1.000000000000000000e+00 1.000000000000000000e+00 1.000000000000000000e+00 1.000000000000000000e+00 1.000000000000000000e+00 1.000000000000000000e+00 1.000000000000000000e+00 1.000000000000000000e+00 1.000000000000000000e+00 1.000000000000000000e+00 1.000000000000000000e+00 1.000000000000000000e+00 1.000000000000000000e+00 1.000000000000000000e+00 1.000000000000000000e+00 1.000000000000000000e+00 1.000000000000000000e+00 1.000000000000000000e+00 1.000000000000000000e+00 1.000000000000000000e+00 1.000000000000000000e+00 1.000000000000000000e+00 1.000000000000000000e+00 1.000000000000000000e+00 1.000000000000000000e+00 1.000000000000000000e+00 1.000000000000000000e+00 1.000000000000000000e+00 1.000000000000000000e+00 1.000000000000000000e+00 1.000000000000000000e+00 1.000000000000000000e+00 1.000000000000000000e+00 1.000000000000000000e+00 1.000000000000000000e+00 1.000000000000000000e+00 1.000000000000000000e+00 1.000000000000000000e+00 1.000000000000000000e+00 1.000000000000000000e+00 1.000000000000000000e+00 1.000000000000000000e+00 1.000000000000000000e+00 1.000000000000000000e+00
0.000000000000000000e+00 0.000000000000000000e+00 0.000000000000000000e+00 0.000000000000000000e+00 0.000000000000000000e+00 0.000000000000000000e+00 0.000000000000000000e+00 0.000000000000000000e+00 0.000000000000000000e+00 0.000000000000000000e+00 0.000000000000000000e+00 0.000000000000000000e+00 0.000000000000000000e+00 0.000000000000000000e+00 0.000000000000000000e+00 0.000000000000000000e+00 0.000000000000000000e+00 0.000000000000000000e+00 0.000000000000000000e+00 0.000000000000000000e+00 0.000000000000000000e+00 0.000000000000000000e+00 0.000000000000000000e+00 0.000000000000000000e+00 0.000000000000000000e+00 0.000000000000000000e+00 0.000000000000000000e+00 0.000000000000000000e+00 0.000000000000000000e+00 0.000000000000000000e+00 0.000000000000000000e+00 0.000000000000000000e+00 0.000000000000000000e+00 0.000000000000000000e+00 0.000000000000000000e+00 0.000000000000000000e+00 0.000000000000000000e+00 0.000000000000000000e+00 0.000000000000000000e+00 0.000000000000000000e+00 1.256303404952338272e-315 6.365470097560870110e-257 2.695951125490435427e-204 9.574055762642564952e-158 2.863842035398312477e-117 7.265695948305944935e-83 1.581289095874158065e-54 3.013605048079903105e-32 5.252038768646082631e-16 9.417922791410396200e-06 2.960820627193192500e-01 9.993290306467186301e-01 9.999999999981659116e-01 1.000000000000000000e+00 1.000000000000000000e+00 1.000000000000000000e+00 1.000000000000000000e+00 1.000000000000000000e+00 1.000000000000000000e+00 1.000000000000000000e+00 1.000000000000000000e+00 1.000000000000000000e+00 1.000000000000000000e+00 1.000000000000000000e+00 1.000000000000000000e+00 1.000000000000000000e+00 1.000000000000000000e+00 1.000000000000000000e+00 1.000000000000000000e+00 1.000000000000000000e+00 1.000000000000000000e+00 1.000000000000000000e+00 1.000000000000000000e+00 1.000000000000000000e+00 1.000000000000000000e+00 1.000000000000000000e+00 1.000000000000000000e+00 1.000000000000000000e+00 1.000000000000000000e+00 1.000000000000000000e+00 1.000000000000000000e+00 1.000000000000000000e+00 1.000000000000000000e+00 1.000000000000000000e+00 1.000000000000000000e+00 1.000000000000000000e+00 1.000000000000000000e+00 1.000000000000000000e+00 1.000000000000000000e+00 1.000000000000000000e+00 1.000000000000000000e+00 1.000000000000000000e+00 1.000000000000000000e+00 1.000000000000000000e+00 1.000000000000000000e+00 1.000000000000000000e+00 1.000000000000000000e+00 1.000000000000000000e+00 1.000000000000000000e+00 1.000000000000000000e+00
0.000000000000000000e+00 0.000000000000000000e+00 0.000000000000000000e+00 0.000000000000000000e+00 0.000000000000000000e+00 0.000000000000000000e+00 0.000000000000000000e+00 0.000000000000000000e+00 0.000000000000000000e+00 0.000000000000000000e+00 0.000000000000000000e+00 0.000000000000000000e+00 0.000000000000000000e+00 0.000000000000000000e+00 0.000000000000000000e+00 0.000000000000000000e+00 0.000000000000000000e+00 0.000000000000000000e+00 0.000000000000000000e+00 0.000000000000000000e+00 0.000000000000000000e+00 0.000000000000000000e+00 0.000000000000000000e+00 0.000000000000000000e+00 0.000000000000000000e+00 0.000000000000000000e+00 0.000000000000000000e+00 0.000000000000000000e+00 0.000000000000000000e+00 0.000000000000000000e+00 0.000000000000000000e+00 0.000000000000000000e+00 0.000000000000000000e+00 0.000000000000000000e+00 0.000000000000000000e+00 0.000000000000000000e+00 0.000000000000000000e+00 0.000000000000000000e+00 7.581596574514114852e-300 3.746294680567197485e-254 2.914460586416405997e-212 3.575060905917548676e-174 6.928647893777324716e-140 2.127395824437411694e-109 1.038927481481859431e-82 8.117125359486147313e-60 1.024098009027649197e-40 2.120301173865032874e-25 7.434564211325193440e-14 4.757428277906868573e-06 7.111931662863719972e-02 9.322688239493546192e-01 9.999957722342716071e-01 9.999999999999386047e-01 1.000000000000000000e+00 1.000000000000000000e+00 1.000000000000000000e+00 1.000000000000000000e+00 1.000000000000000000e+00 1.000000000000000000e+00 1.000000000000000000e+00 1.000000000000000000e+00 1.000000000000000000e+00 1.000000000000000000e+00 1.000000000000000000e+00 1.000000000000000000e+00 1.000000000000000000e+00 1.000000000000000000e+00 1.000000000000000000e+00 1.000000000000000000e+00 1.000000000000000000e+00 1.000000000000000000e+00 1.000000000000000000e+00 1.000000000000000000e+00 1.000000000000000000e+00 1.000000000000000000e+00 1.000000000000000000e+00 1.000000000000000000e+00 1.000000000000000000e+00 1.000000000000000000e+00 1.000000000000000000e+00 1.000000000000000000e+00 1.000000000000000000e+00 1.000000000000000000e+00 1.000000000000000000e+00 1.000000000000000000e+00 1.000000000000000000e+00 1.000000000000000000e+00 1.000000000000000000e+00 1.000000000000000000e+00 1.000000000000000000e+00 1.000000000000000000e+00 1.000000000000000000e+00 1.000000000000000000e+00 1.000000000000000000e+00 1.000000000000000000e+00 1.000000000000000000e+00 1.000000000000000000e+00 1.000000000000000000e+00 1.000000000000000000e+00
0.000000000000000000e+00 0.000000000000000000e+00 0.000000000000000000e+00 0.000000000000000000e+00 0.000000000000000000e+00 0.000000000000000000e+00 0.000000000000000000e+00 0.000000000000000000e+00 0.000000000000000000e+00 0.000000000000000000e+00 0.000000000000000000e+00 0.000000000000000000e+00 0.000000000000000000e+00 0.000000000000000000e+00 0.000000000000000000e+00 0.000000000000000000e+00 0.000000000000000000e+00 0.000000000000000000e+00 0.000000000000000000e+00 0.000000000000000000e+00 0.000000000000000000e+00 0.000000000000000000e+00 0.000000000000000000e+00 0.000000000000000000e+00 0.000000000000000000e+00 0.000000000000000000e+00 0.000000000000000000e+00 0.000000000000000000e+00 0.000000000000000000e+00 0.000000000000000000e+00 5.548749737952819561e-316 1.336398091274066600e-287 1.456459695194390516e-260 7.184386052012396550e-235 1.604477577004428164e-210 1.622842400292618028e-187 7.436877884330137293e-166 1.544840202489319801e-145 1.455478310616125492e-126 6.223929259025363263e-109 1.209046733807933087e-92 1.068134271033089698e-77 4.297731405198027493e-64 7.890633581246355534e-52 6.627825983589433856e-41 2.556259551185721193e-31 4.551434909641078867e-23 3.772484896359980250e-16 1.476023349972526715e-10 2.796858185027495642e-06 2.708694332484105124e-03 1.536219387303093264e-01 7.700654364309276190e-01 9.937753675419840338e-01 9.999897434616029646e-01 9.999999991242236597e-01 9.999999999999963363e-01 1.000000000000000000e+00 1.000000000000000000e+00 1.000000000000000000e+00 1.000000000000000000e+00 1.000000000000000000e+00 1.000000000000000000e+00 1.000000000000000000e+00 1.000000000000000000e+00 1.000000000000000000e+00 1.000000000000000000e+00 1.000000000000000000e+00 1.000000000000000000e+00 1.000000000000000000e+00 1.000000000000000000e+00 1.000000000000000000e+00 1.000000000000000000e+00 1.000000000000000000e+00 1.000000000000000000e+00 1.000000000000000000e+00 1.000000000000000000e+00 1.000000000000000000e+00 1.000000000000000000e+00 1.000000000000000000e+00 1.000000000000000000e+00 1.000000000000000000e+00 1.000000000000000000e+00 1.000000000000000000e+00 1.000000000000000000e+00 1.000000000000000000e+00 1.000000000000000000e+00 1.000000000000000000e+00 1.000000000000000000e+00 1.000000000000000000e+00 1.000000000000000000e+00 1.000000000000000000e+00 1.000000000000000000e+00 1.000000000000000000e+00 1.000000000000000000e+00 1.000000000000000000e+00 1.000000000000000000e+00 1.000000000000000000e+00 1.000000000000000000e+00 1.000000000000000000e+00
0.000000000000000000e+00 0.000000000000000000e+00 0.000000000000000000e+00 0.000000000000000000e+00 0.000000000000000000e+00 0.000000000000000000e+00 0.000000000000000000e+00 0.000000000000000000e+00 0.000000000000000000e+00 0.000000000000000000e+00 0.000000000000000000e+00 0.000000000000000000e+00 0.000000000000000000e+00 0.000000000000000000e+00 0.000000000000000000e+00 0.000000000000000000e+00 3.154509772332354676e-315 3.977183591435448074e-299 1.885229661703394449e-283 3.359812069261165589e-268 2.251368114981206629e-253 5.672561260368466409e-239 5.374464987539178441e-225 1.914868339586740292e-211 2.565764886485135872e-198 1.292999416961827534e-185 2.450843762593152361e-173 1.747448918611552290e-161 4.687104222895582325e-150 4.729990205485050169e-139 1.796060300529884926e-128 2.566506163735706593e-118 1.380344003401044797e-108 2.794649732053174280e-99 2.130315746692781006e-90 6.115482570333395278e-82 6.612959677494081233e-74 2.694420818226770809e-66 4.137969682343859859e-59 2.396275089161769877e-52 5.235076126731148224e-46 4.317174096802245539e-40 1.344857950677714981e-34 1.583939218136505810e-29 7.061086643427172270e-25 1.193162864072205708e-20 7.656720575068441569e-17 1.870702243934904734e-13 1.746292311228870351e-10 6.260103534951808760e-08 8.683640481820279364e-06 4.717304564887500238e-04 1.024010799938454910e-02 9.208937584854498537e-02 3.674690313198143987e-01 7.424346881304403345e-01 9.495289633959840270e-01 9.957274574640471165e-01 9.998522259870523676e-01 9.999979731027456298e-01 9.999999891604975932e-01 9.999999999776312265e-01 9.999999999999822364e-01 1.000000000000000000e+00 1.000000000000000000e+00 1.000000000000000000e+00 1.000000000000000000e+00 1.000000000000000000e+00 1.000000000000000000e+00 1.000000000000000000e+00 1.000000000000000000e+00 1.000000000000000000e+00 1.000000000000000000e+00 1.000000000000000000e+00 1.000000000000000000e+00 1.000000000000000000e+00 1.000000000000000000e+00 1.000000000000000000e+00 1.000000000000000000e+00 1.000000000000000000e+00 1.000000000000000000e+00 1.000000000000000000e+00 1.000000000000000000e+00 1.000000000000000000e+00 1.000000000000000000e+00 1.000000000000000000e+00 1.000000000000000000e+00 1.000000000000000000e+00 1.000000000000000000e+00 1.000000000000000000e+00 1.000000000000000000e+00 1.000000000000000000e+00 1.000000000000000000e+00 1.000000000000000000e+00 1.000000000000000000e+00 1.000000000000000000e+00 1.000000000000000000e+00 1.000000000000000000e+00 1.000000000000000000e+00 1.000000000000000000e+00
0.000000000000000000e+00 0.000000000000000000e+00 0.000000000000000000e+00 1.099335162351985437e-315 1.232907900087848913e-304 8.761472471370971990e-294 3.945252305362562665e-283 1.125717055702491782e-272 2.035384108717463238e-262 2.332020778015741470e-252 1.693144257172629601e-242 7.790010263543282388e-233 2.271287281468530489e-223 4.196662110198431237e-214 4.914080598991617002e-205 3.646665147547384716e-196 1.715040786615355135e-187 5.111969573095781615e-179 9.657135555172252463e-171 1.156289223875392373e-162 8.775167604326043216e-155 4.221131055820907974e-147 1.287067979208686646e-139 2.487650249578128299e-132 3.047962486911278117e-125 2.367451693751501339e-118 1.165800516607102205e-111 3.639663299890561558e-105 7.204707225877786946e-99 9.043077985933367152e-93 7.197643299264262639e-87 3.633044921935714044e-81 1.163036503955004510e-75 2.361553065972499018e-70 3.041781629626084664e-65 2.485614220500323419e-60 1.288754748447416306e-55 4.240336336269202480e-51 8.855127083894062578e-47 1.173909671111002268e-42 9.881269159152422152e-39 5.282457143188247001e-35 1.794026188405874594e-31 3.872011550673518487e-28 5.312896031392172567e-25 4.636788902172052351e-22 2.575376433571996863e-19 9.109632434484328956e-17 2.053839760258384590e-14 2.954600007065945169e-12 2.715703693652643198e-10 1.597621735951282112e-08 6.029359721110136445e-07 1.464269524450319656e-05 2.298208967365624117e-04 2.345511217889788454e-03 1.570647763426082782e-02 6.996055442084125886e-02 2.117488694572985386e-01 4.504000444505106282e-01 7.092059170802380574e-01 8.900480083558233169e-01 9.714471273244977834e-01 9.950344288352175326e-01 9.994309078781309363e-01 9.999574655249998667e-01 9.999979413235715597e-01 9.999999357898055052e-01 9.999999987139007729e-01 9.999999999834998654e-01 9.999999999998646638e-01 9.999999999999993339e-01 1.000000000000000000e+00 1.000000000000000000e+00 1.000000000000000000e+00 1.000000000000000000e+00 1.000000000000000000e+00 1.000000000000000000e+00 1.000000000000000000e+00 1.000000000000000000e+00 1.000000000000000000e+00 1.000000000000000000e+00 1.000000000000000000e+00 1.000000000000000000e+00 1.000000000000000000e+00 1.000000000000000000e+00 1.000000000000000000e+00 1.000000000000000000e+00 1.000000000000000000e+00 1.000000000000000000e+00 1.000000000000000000e+00 1.000000000000000000e+00 1.000000000000000000e+00 1.000000000000000000e+00 1.000000000000000000e+00 1.000000000000000000e+00 1.000000000000000000e+00 1.000000000000000000e+00 1.000000000000000000e+00 1.000000000000000000e+00
0.000000000000000000e+00 1.247515755749147524e-320 1.196201946372674222e-310 7.955719844965259997e-301 3.670159054403736841e-291 1.174423036203820514e-281 2.606768992313847074e-272 4.013498342704568534e-263 4.286379864059615676e-254 3.175484226184185896e-245 1.631871524811196576e-236 5.817332805426390515e-228 1.438564483208592700e-219 2.467789374615238705e-211 2.936745940478541906e-203 2.424436223043212854e-195 1.388507470908527849e-187 5.516786170584631303e-180 1.520661076073470998e-172 2.908006963564941213e-165 3.858194622755947542e-158 3.551469151043523488e-151 2.268179390169275202e-144 1.005085780119257335e-137 3.090273842733716785e-131 6.592824556805286187e-125 9.759787407432205541e-119 1.002577875342387471e-112 7.146947726858590243e-107 3.535614792019895490e-101 1.213863063276203847e-95 2.892378075165116185e-90 4.783469877651471426e-85 5.491078994052925041e-80 4.375476435919455264e-75 2.420332092620785084e-70 9.294764983622965666e-66 2.478283371506252548e-61 4.588298961759756468e-57 5.899078422229756373e-53 5.267408279826228633e-49 3.266966745863087788e-45 1.407631145240578216e-41 4.214044255040920531e-38 8.767073994574523315e-35 1.267787207926809153e-31 1.274614042297854395e-28 8.911952332759002893e-26 4.334812795695828577e-23 1.467363600126487419e-20 3.458380816969555555e-18 5.678225763378536193e-16 6.498970074928875156e-14 5.189441903667695042e-12 2.893866696019408616e-10 1.128417142669138662e-08 3.081774700924978821e-07 5.907375801904935448e-06 7.970389781728601697e-05 7.598532850702776091e-04 5.146143529627432781e-03 2.495064192381486398e-02 8.758667696830545191e-02 2.264092241464500666e-01 4.420861311928670490e-01 6.770122077358733392e-01 8.564267869070558703e-01 9.524853669581612170e-01 9.885316422722056906e-01 9.980086544195441167e-01 9.997535373739832032e-01 9.999783954260366148e-01 9.999986647240632909e-01 9.999999420030487585e-01 9.999999982339948801e-01 9.999999999623703228e-01 9.999999999994397815e-01 9.999999999999942268e-01 1.000000000000000000e+00 1.000000000000000000e+00 1.000000000000000000e+00 1.000000000000000000e+00 1.000000000000000000e+00 1.000000000000000000e+00 1.000000000000000000e+00 1.000000000000000000e+00 1.000000000000000000e+00 1.000000000000000000e+00 1.000000000000000000e+00 1.000000000000000000e+00 1.000000000000000000e+00 1.000000000000000000e+00 1.000000000000000000e+00 1.000000000000000000e+00 1.000000000000000000e+00 1.000000000000000000e+00 1.000000000000000000e+00 1.000000000000000000e+00 1.000000000000000000e+00 1.000000000000000000e+00
0.000000000000000000e+00 0.000000000000000000e+00 0.000000000000000000e+00 0.000000000000000000e+00 0.000000000000000000e+00 1.082337675200612217e-314 8.938941838770226796e-305 5.109576629844251190e-295 2.021449955452908399e-285 5.535085554907963177e-276 1.048994349716076355e-266 1.375985465647328650e-257 1.249254970907844690e-248 7.850363664228452736e-240 3.414562713237310117e-231 1.027998567857831894e-222 2.142238435863891653e-214 3.090061385728621400e-206 3.085296416759729167e-198 2.132377296593655628e-190 1.020177823115219613e-182 3.378626225560898604e-175 7.745779531512821295e-168 1.229304986685221407e-160 1.350619751640256931e-153 1.027295896911899038e-146 5.409508249331785734e-140 1.972110980409593818e-133 4.977699259414799524e-127 8.698874154614673309e-121 1.052565002106800900e-114 8.818644392834749166e-109 5.116094786925610914e-103 2.055310405970478701e-97 5.717921256595207409e-92 1.101646918908320732e-86 1.469987916663898340e-81 1.358557462427355803e-76 8.696880752805006559e-72 3.856572412642891639e-67 1.184749187446956806e-62 2.521601879625429121e-58 3.718726994495139782e-54 3.800381602368080356e-50 2.691711143176847171e-46 1.321471904747955026e-42 4.497626811492033481e-39 1.061407011876976547e-35 1.737167248020755442e-32 1.972258240816364205e-29 1.553694711512668763e-26 8.495405469958983534e-24 3.225371460189629654e-21 8.506345017504220031e-19 1.559199470775518329e-16 1.987609944496934228e-14 1.763470394812350507e-12 1.090008334763355305e-10 4.699376329168835632e-09 1.415365663720940226e-07 2.983906201136083757e-06 4.415132017627786300e-05 4.601600467311422701e-04 3.395112340460944636e-03 1.785976963515762544e-02 6.768580435309724808e-02 1.877022512938492649e-01 3.899151429900740151e-01 6.282851661087354156e-01 8.248919362971414149e-01 9.383446903941056183e-01 9.841383758939399318e-01 9.970630218101224074e-01 9.996125257551377041e-01 9.999638285873966304e-01 9.999976223238725703e-01 9.999998903324320843e-01 9.999999964599097790e-01 9.999999999201805156e-01 9.999999999987447818e-01 9.999999999999862332e-01 9.999999999999998890e-01 1.000000000000000000e+00 1.000000000000000000e+00 1.000000000000000000e+00 1.000000000000000000e+00 1.000000000000000000e+00 1.000000000000000000e+00 1.000000000000000000e+00 1.000000000000000000e+00 1.000000000000000000e+00 1.000000000000000000e+00 1.000000000000000000e+00 1.000000000000000000e+00 1.000000000000000000e+00 1.000000000000000000e+00 1.000000000000000000e+00 1.000000000000000000e+00 1.000000000000000000e+00 1.000000000000000000e+00
0.000000000000000000e+00 0.000000000000000000e+00 0.000000000000000000e+00 0.000000000000000000e+00 0.000000000000000000e+00 0.000000000000000000e+00 0.000000000000000000e+00 0.000000000000000000e+00 0.000000000000000000e+00 0.000000000000000000e+00 0.000000000000000000e+00 0.000000000000000000e+00 0.000000000000000000e+00 9.145082008497302612e-314 8.121566546266047679e-303 4.595890269135021968e-292 1.657228347215273768e-281 3.807881512868560378e-271 5.575434248421373305e-261 5.202047823441484362e-251 3.092978429477687419e-241 1.171907378860892448e-231 2.829638153630557626e-222 4.354091694598316137e-213 4.269742060057095499e-204 2.668406618731298156e-195 1.062816243317403651e-186 2.697927807994497393e-178 4.364950442763665896e-170 4.501081091684043478e-162 2.958390025469674035e-154 1.239391739556978915e-146 3.309717310279430768e-139 5.634015967856248145e-132 6.113742524148620347e-125 4.229378879553136936e-118 1.865290621701699884e-111 5.244919003075682007e-105 9.403236434449416549e-99 1.074950412768232640e-92 7.836115147183421196e-87 3.642891414715766553e-81 1.080089550632759577e-75 2.042585939673703335e-70 2.464059942703296062e-65 1.896360812929798155e-60 9.312017539128263719e-56 2.917970935033644941e-51 5.835820022903627454e-47 7.450502836001429547e-43 6.073269246533996324e-39 3.161673468443760815e-35 1.051453306665820719e-31 2.234512762699681952e-28 3.035722931707166818e-25 2.637702964662886482e-22 1.466600607383923526e-19 5.221660933334366505e-17 1.191436795510503204e-14 1.743977377306727541e-12 1.639749446697987876e-10 9.919762332600020899e-09 3.869531805020410355e-07 9.761581399712040277e-06 1.598961534649247977e-04 1.710384786909690960e-03 1.204795207090455546e-02 5.659264928110043641e-02 1.807587378490794483e-01 4.048094358002516935e-01 6.666356113580927945e-01 8.648129646655855485e-01 9.619486668323657952e-01 9.927638322386572733e-01 9.990861215176585208e-01 9.999242019177206897e-01 9.999959020112008101e-01 9.999998563241755400e-01 9.999999967453708782e-01 9.999999999524930017e-01 9.999999999995541344e-01 9.999999999999973355e-01 1.000000000000000000e+00 1.000000000000000000e+00 1.000000000000000000e+00 1.000000000000000000e+00 1.000000000000000000e+00 1.000000000000000000e+00 1.000000000000000000e+00 1.000000000000000000e+00 1.000000000000000000e+00 1.000000000000000000e+00 1.000000000000000000e+00 1.000000000000000000e+00 1.000000000000000000e+00 1.000000000000000000e+00 1.000000000000000000e+00 1.000000000000000000e+00 1.000000000000000000e+00 1.000000000000000000e+00
0.000000000000000000e+00 0.000000000000000000e+00 0.000000000000000000e+00 0.000000000000000000e+00 0.000000000000000000e+00 0.000000000000000000e+00 0.000000000000000000e+00 0.000000000000000000e+00 0.000000000000000000e+00 0.000000000000000000e+00 0.000000000000000000e+00 0.000000000000000000e+00 0.000000000000000000e+00 0.000000000000000000e+00 0.000000000000000000e+00 0.000000000000000000e+00 5.384407732582474417e-314 1.351665291948815715e-302 2.081672822335708966e-291 1.966861469492691380e-280 1.140142970507264904e-269 4.054858674058183247e-259 8.847692675547657895e-249 1.184485384327757756e-238 9.729324812231698091e-229 4.903401833736554542e-219 1.516292846107662863e-209 2.877061547599403959e-200 3.349700713279077916e-191 2.393121247376338715e-182 1.049148851401606352e-173 2.822513198164968482e-165 4.659883438931642281e-157 4.721382042351578615e-149 2.935852752678744665e-141 1.120437873416026134e-133 2.624511673150017215e-126 3.773435610926882361e-119 3.330239219008490644e-112 1.804215472791298619e-105 6.000710088642514781e-99 1.225314599842400664e-92 1.536228332515756358e-86 1.182668601053600946e-80 5.591256209503526507e-75 1.623451092785483741e-69 2.895357908294011794e-64 3.172155151830289201e-59 2.135299433813686782e-54 8.832566304139934819e-50 2.245537915297488294e-45 3.509561493942792705e-41 3.372813806484860859e-37 1.993721757727654637e-33 7.251311273172136372e-30 1.623387413185995161e-26 2.238147142618015679e-23 1.901365060966146732e-20 9.959943518485785896e-18 3.219867484464498002e-15 6.431003201574527988e-13 7.946520396151959202e-11 6.085664368238023488e-09 2.895329392745019308e-07 8.584965133695025697e-06 1.593559923634880094e-04 1.863681397766403644e-03 1.386374025311006702e-02 6.656365669907393645e-02 2.110898554415147343e-01 4.588196710300941894e-01 7.243555551621237987e-01 9.023515285489561721e-01 9.769406414490640067e-01 9.964651464732490194e-01 9.996540646351788073e-01 9.999786182339152063e-01 9.999991712963353097e-01 9.999999799593708438e-01 9.999999996986650430e-01 9.999999999971900255e-01 9.999999999999837907e-01 1.000000000000000000e+00 1.000000000000000000e+00 1.000000000000000000e+00 1.000000000000000000e+00 1.000000000000000000e+00 1.000000000000000000e+00 1.000000000000000000e+00 1.000000000000000000e+00 1.000000000000000000e+00 1.000000000000000000e+00 1.000000000000000000e+00 1.000000000000000000e+00 1.000000000000000000e+00 1.000000000000000000e+00 1.000000000000000000e+00 1.000000000000000000e+00 1.000000000000000000e+00 1.000000000000000000e+00
0.000000000000000000e+00 0.000000000000000000e+00 0.000000000000000000e+00 0.000000000000000000e+00 0.000000000000000000e+00 0.000000000000000000e+00 0.000000000000000000e+00 0.000000000000000000e+00 0.000000000000000000e+00 0.000000000000000000e+00 0.000000000000000000e+00 0.000000000000000000e+00 0.000000000000000000e+00 0.000000000000000000e+00 0.000000000000000000e+00 0.000000000000000000e+00 0.000000000000000000e+00 0.000000000000000000e+00 0.000000000000000000e+00 3.428084364982405972e-318 7.289982345573623914e-306 8.815470460013923649e-294 6.062003180079177466e-282 2.370533828697986524e-270 5.271614782494890727e-259 6.666799727866869957e-248 4.794868379317932218e-237 1.961243238401781665e-226 4.562389584386201592e-216 6.036300244161681274e-206 4.542334605418656472e-196 1.944152958803594723e-186 4.733026961373083282e-177 6.554206546446136609e-168 5.162861592371134642e-159 2.313492378616553901e-150 5.897561455043922763e-142 8.553128875535476202e-134 7.057469081763322850e-126 3.313369555676828259e-118 8.851475853736035526e-111 1.345603918762254789e-103 1.164149054271157345e-96 5.732280931542177519e-90 1.606629920270286313e-83 2.563424991312074927e-77 2.328596879139794916e-71 1.204470394277400195e-65 3.548077100523626147e-60 5.953347841295054280e-55 5.690991216721172865e-50 3.100083097527635374e-45 9.625731717962472359e-41 1.704138321695767842e-36 1.720862815943817018e-32 9.916251102643410091e-29 3.262390216463200423e-25 6.131785523098571561e-22 6.589293838776369824e-19 4.052403051879039541e-16 1.428040597667464354e-13 2.888071638051166808e-11 3.359042314312520357e-09 2.253070906445179337e-07 8.749057149599838348e-06 1.977712619104048640e-04 2.623660120856500903e-03 2.068259552549146091e-02 9.882841468953926234e-02 2.957507525911138302e-01 5.850903181441281520e-01 8.331099583639991479e-01 9.571128716204807541e-01 9.932390060949574107e-01 9.993619741126187339e-01 9.999644995543363057e-01 9.999988465962132977e-01 9.999999782594019004e-01 9.999999997633197690e-01 9.999999999985165200e-01 9.999999999999946709e-01 1.000000000000000000e+00 1.000000000000000000e+00 1.000000000000000000e+00 1.000000000000000000e+00 1.000000000000000000e+00 1.000000000000000000e+00 1.000000000000000000e+00 1.000000000000000000e+00 1.000000000000000000e+00 1.000000000000000000e+00 1.000000000000000000e+00 1.000000000000000000e+00 1.000000000000000000e+00 1.000000000000000000e+00 1.000000000000000000e+00 1.000000000000000000e+00 1.000000000000000000e+00 1.000000000000000000e+00 1.000000000000000000e+00
0.000000000000000000e+00 0.000000000000000000e+00 0.000000000000000000e+00 0.000000000000000000e+00 0.000000000000000000e+00 0.000000000000000000e+00 0.000000000000000000e+00 0.000000000000000000e+00 0.000000000000000000e+00 0.000000000000000000e+00 0.000000000000000000e+00 0.000000000000000000e+00 0.000000000000000000e+00 0.000000000000000000e+00 0.000000000000000000e+00 0.000000000000000000e+00 0.000000000000000000e+00 0.000000000000000000e+00 0.000000000000000000e+00 0.000000000000000000e+00 0.000000000000000000e+00 0.000000000000000000e+00 1.897212080030386730e-321 4.692715416516383953e-308 6.001829089875487052e-295 3.965316549226011444e-282 1.353370255750670230e-269 2.386218954241964159e-257 2.173551670623850956e-245 1.022839735584682973e-233 2.486772096391102980e-222 3.123697485413172151e-211 2.027315998540538363e-200 6.798444317090085591e-190 1.178014742166673981e-179 1.054785023487831641e-169 4.880562443370029744e-160 1.167054133560122650e-150 1.442287930589339932e-141 9.212548652701689280e-133 3.041614676239900563e-124 5.191082876670439842e-116 4.580125714062053625e-108 2.089309758128234591e-100 4.928096893037787328e-93 6.011141757769901480e-86 3.792212405228697356e-79 1.237514427746873349e-72 2.089308022837735167e-66 1.825291437498737556e-60 8.253436237050267305e-55 1.932059110991666075e-49 2.342164329467455072e-44 1.470876738418751105e-39 4.787133143924381440e-35 8.078454284045030969e-31 7.072814661007791174e-27 3.215013308391848856e-23 7.594351894311591484e-20 9.332726008990076330e-17 5.975406418147921651e-14 1.997070696819127130e-11 3.492952996668601370e-09 3.208396278104336891e-07 1.555400967596384738e-05 4.009067773014892604e-04 5.556326458052357649e-03 4.216430039825612430e-02 1.806021065542870452e-01 4.601558153202127133e-01 7.620741865704265816e-01 9.364978334597766629e-01 9.903336781396687716e-01 9.991894562995364826e-01 9.999633200687028101e-01 9.999991154186651521e-01 9.999999887234636287e-01 9.999999999244262305e-01 9.999999999997347677e-01 9.999999999999995559e-01 1.000000000000000000e+00 1.000000000000000000e+00 1.000000000000000000e+00 1.000000000000000000e+00 1.000000000000000000e+00 1.000000000000000000e+00 1.000000000000000000e+00 1.000000000000000000e+00 1.000000000000000000e+00 1.000000000000000000e+00 1.000000000000000000e+00 1.000000000000000000e+00 1.000000000000000000e+00 1.000000000000000000e+00 1.000000000000000000e+00 1.000000000000000000e+00 1.000000000000000000e+00 1.000000000000000000e+00 1.000000000000000000e+00 1.000000000000000000e+00
0.000000000000000000e+00 0.000000000000000000e+00 0.000000000000000000e+00 0.000000000000000000e+00 0.000000000000000000e+00 0.000000000000000000e+00 0.000000000000000000e+00 0.000000000000000000e+00 0.000000000000000000e+00 0.000000000000000000e+00 0.000000000000000000e+00 0.000000000000000000e+00 0.000000000000000000e+00 0.000000000000000000e+00 0.000000000000000000e+00 0.000000000000000000e+00 0.000000000000000000e+00 0.000000000000000000e+00 0.000000000000000000e+00 0.000000000000000000e+00 0.000000000000000000e+00 0.000000000000000000e+00 0.000000000000000000e+00 0.000000000000000000e+00 0.000000000000000000e+00 3.244242427049514383e-311 4.693736638625271766e-297 3.162275816063078649e-283 9.921294768233735442e-270 1.449564035445319624e-256 9.863266461449980262e-244 3.125599980667805805e-231 4.613085161782684475e-219 3.171118907019675389e-207 1.015349593165474791e-195 1.514333092689162509e-184 1.052089250810723868e-173 3.405131210362461323e-163 5.134431435499591041e-153 3.607098226314405009e-143 1.180765462254586665e-133 1.801133375836240252e-124 1.280398704360939940e-115 4.242354361817751881e-107 6.552117837880473535e-99 4.717658606720501818e-91 1.583819976812834774e-83 2.479663993293345201e-76 1.810803051913948653e-69 6.169317381396905670e-63 9.808481483566788051e-57 7.279388177642343941e-51 2.522718387297887615e-45 4.084172277253955812e-40 3.090415818043634622e-35 1.093626581173794085e-30 1.811261600872821428e-26 1.405244454309686831e-22 5.113102911231155439e-19 8.738293036647446158e-16 7.027950606651102125e-13 2.667080721773706594e-10 4.793317922036422122e-08 4.101137090557789064e-06 1.683581701694371519e-04 3.356808519375983815e-03 3.316620132251361236e-02 1.681212624892342855e-01 4.653114154190989282e-01 7.845034909681769530e-01 9.517484539679915700e-01 9.944033104763246866e-01 9.996765618206661097e-01 9.999908922822162705e-01 9.999998767012922007e-01 9.999999992043107078e-01 9.999999999975660581e-01 9.999999999999964473e-01 1.000000000000000000e+00 1.000000000000000000e+00 1.000000000000000000e+00 1.000000000000000000e+00 1.000000000000000000e+00 1.000000000000000000e+00 1.000000000000000000e+00 1.000000000000000000e+00 1.000000000000000000e+00 1.000000000000000000e+00 1.000000000000000000e+00 1.000000000000000000e+00 1.000000000000000000e+00 1.000000000000000000e+00 1.000000000000000000e+00 1.000000000000000000e+00 1.000000000000000000e+00 1.000000000000000000e+00 1.000000000000000000e+00 1.000000000000000000e+00 1.000000000000000000e+00 1.000000000000000000e+00
0.000000000000000000e+00 0.000000000000000000e+00 0.000000000000000000e+00 0.000000000000000000e+00 0.000000000000000000e+00 0.000000000000000000e+00 0.000000000000000000e+00 0.000000000000000000e+00 0.000000000000000000e+00 0.000000000000000000e+00 0.000000000000000000e+00 0.000000000000000000e+00 0.000000000000000000e+00 0.000000000000000000e+00 0.000000000000000000e+00 0.000000000000000000e+00 0.000000000000000000e+00 0.000000000000000000e+00 0.000000000000000000e+00 0.000000000000000000e+00 0.000000000000000000e+00 0.000000000000000000e+00 0.000000000000000000e+00 0.000000000000000000e+00 0.000000000000000000e+00 0.000000000000000000e+00 2.993130812037843864e-314 2.817089758023890210e-299 1.136381547010144935e-284 1.964762225733076457e-270 1.456039307480228013e-256 4.625190451238191941e-243 6.297918869158706026e-230 3.676160185537894708e-217 9.199037780851296164e-205 9.868782095875375793e-193 4.539234225165809411e-181 8.952134368910765737e-170 7.570513934644118142e-159 2.745439018910244306e-148 4.269945528833089367e-138 2.848376823294518020e-128 8.150463077921836967e-119 1.000523831943389611e-109 5.269747504316048231e-101 1.191060202978573730e-92 1.155399675531245716e-84 4.811371492020675623e-77 8.602796487596063407e-70 6.606258954966488547e-63 2.179446454888176237e-56 3.090036672894556773e-50 1.883598271279117196e-44 4.938967587405421091e-39 5.574024680272192002e-34 2.709612189210117918e-29 5.678711203417819754e-25 5.136898047623623955e-21 2.008675413086965239e-17 3.401968655050732378e-14 2.502159141214354354e-11 8.021676393566177660e-09 1.126901714748035161e-06 6.992557891919606145e-05 1.940723064813004240e-03 2.460040434436734993e-02 1.477677300480197131e-01 4.501575128372073964e-01 7.868469557196531294e-01 9.569483077906698609e-01 9.958192459861412438e-01 9.998130874536192980e-01 9.999962449897326078e-01 9.999999665844215846e-01 9.999999998694555359e-01 9.999999999997774003e-01 9.999999999999997780e-01 1.000000000000000000e+00 1.000000000000000000e+00 1.000000000000000000e+00 1.000000000000000000e+00 1.000000000000000000e+00 1.000000000000000000e+00 1.000000000000000000e+00 1.000000000000000000e+00 1.000000000000000000e+00 1.000000000000000000e+00 1.000000000000000000e+00 1.000000000000000000e+00 1.000000000000000000e+00 1.000000000000000000e+00 1.000000000000000000e+00 1.000000000000000000e+00 1.000000000000000000e+00 1.000000000000000000e+00 1.000000000000000000e+00 1.000000000000000000e+00 1.000000000000000000e+00 1.000000000000000000e+00 1.000000000000000000e+00
0.000000000000000000e+00 0.000000000000000000e+00 0.000000000000000000e+00 0.000000000000000000e+00 0.000000000000000000e+00 0.000000000000000000e+00 0.000000000000000000e+00 0.000000000000000000e+00 0.000000000000000000e+00 0.000000000000000000e+00 0.000000000000000000e+00 0.000000000000000000e+00 0.000000000000000000e+00 0.000000000000000000e+00 0.000000000000000000e+00 0.000000000000000000e+00 0.000000000000000000e+00 0.000000000000000000e+00 0.000000000000000000e+00 0.000000000000000000e+00 0.000000000000000000e+00 0.000000000000000000e+00 0.000000000000000000e+00 0.000000000000000000e+00 0.000000000000000000e+00 0.000000000000000000e+00 0.000000000000000000e+00 0.000000000000000000e+00 1.221605716634921015e-313 1.868458815687768271e-297 1.057878244398936389e-281 2.217202334041992560e-266 1.720330133522425344e-251 4.941697545141863332e-237 5.255589324512504245e-223 2.069534918095403054e-209 3.017573187328117724e-196 1.629322357869864861e-183 3.258021816732676567e-171 2.412881424125717801e-159 6.619031222991776042e-148 6.726290285975943077e-137 2.532394657416227710e-126 3.532809412580425186e-116 1.826451729248234243e-106 3.500020599794451000e-97 2.486528897137857001e-88 6.550524347423992713e-80 6.400784342471442611e-72 2.320593917878750529e-64 3.122712859571895717e-57 1.560342249326021931e-50 2.896598851174535180e-44 1.998995435442442413e-38 5.132486989984866556e-33 4.907478040667312528e-28 1.749602633130487400e-23 2.329516899868041020e-19 1.160804710499716945e-15 2.171074881895505565e-12 1.530309030736547760e-09 4.089352770704945562e-07 4.180758162923360778e-05 1.659504096737116378e-03 2.623385839387153834e-02 1.730920023863213586e-01 5.220273469069356409e-01 8.537153021160175381e-01 9.798061252461865989e-01 9.988443899584813490e-01 9.999737578884790867e-01 9.999997690987197929e-01 9.999999992236694446e-01 9.999999999990112354e-01 9.999999999999995559e-01 1.000000000000000000e+00 1.000000000000000000e+00 1.000000000000000000e+00 1.000000000000000000e+00 1.000000000000000000e+00 1.000000000000000000e+00 1.000000000000000000e+00 1.000000000000000000e+00 1.000000000000000000e+00 1.000000000000000000e+00 1.000000000000000000e+00 1.000000000000000000e+00 1.000000000000000000e+00 1.000000000000000000e+00 1.000000000000000000e+00 1.000000000000000000e+00 1.000000000000000000e+00 1.000000000000000000e+00 1.000000000000000000e+00 1.000000000000000000e+00 1.000000000000000000e+00 1.000000000000000000e+00 1.000000000000000000e+00 1.000000000000000000e+00 1.000000000000000000e+00
0.000000000000000000e+00 0.000000000000000000e+00 0.000000000000000000e+00 0.000000000000000000e+00 0.000000000000000000e+00 0.000000000000000000e+00 0.000000000000000000e+00 0.000000000000000000e+00 0.000000000000000000e+00 0.000000000000000000e+00 0.000000000000000000e+00 0.000000000000000000e+00 0.000000000000000000e+00 0.000000000000000000e+00 0.000000000000000000e+00 0.000000000000000000e+00 0.000000000000000000e+00 0.000000000000000000e+00 0.000000000000000000e+00 0.000000000000000000e+00 0.000000000000000000e+00 0.000000000000000000e+00 0.000000000000000000e+00 0.000000000000000000e+00 0.000000000000000000e+00 0.000000000000000000e+00 0.000000000000000000e+00 0.000000000000000000e+00 9.387247270983684339e-323 1.523147256001284214e-305 8.354397709336949884e-289 1.535682768096347461e-272 9.460683647756574762e-257 1.953447302894093227e-241 1.351963048518443059e-226 3.136463222358440706e-212 2.439265272667957966e-198 6.359980926478043634e-185 5.559923316111536620e-172 1.629823586586180307e-159 1.602207730184598766e-147 5.282711947439085639e-136 5.842721775517306430e-125 2.168013458416747047e-114 2.699448750479685807e-104 1.128090074618976178e-94 1.582599348354534006e-85 7.455491452921212408e-77 1.179776251453822015e-68 6.273449387036047854e-61 1.121485265966807288e-53 6.743705393585007909e-47 1.364931832757295567e-40 9.306546692125660687e-35 2.139836880021099387e-29 1.661351391721469199e-24 4.362950739230635834e-20 3.884532861090782638e-16 1.176292331035776743e-12 1.216949578604632345e-09 4.330367373798645122e-07 5.355763251196771755e-05 2.342671801868531373e-03 3.738018861918880609e-02 2.308785991357487632e-01 6.217266498906814931e-01 9.124494533853471090e-01 9.918464582336887769e-01 9.997175647996128234e-01 9.999965037974062332e-01 9.999999848673263303e-01 9.999999999773885317e-01 9.999999999999884537e-01 1.000000000000000000e+00 1.000000000000000000e+00 1.000000000000000000e+00 1.000000000000000000e+00 1.000000000000000000e+00 1.000000000000000000e+00 1.000000000000000000e+00 1.000000000000000000e+00 1.000000000000000000e+00 1.000000000000000000e+00 1.000000000000000000e+00 1.000000000000000000e+00 1.000000000000000000e+00 1.000000000000000000e+00 1.000000000000000000e+00 1.000000000000000000e+00 1.000000000000000000e+00 1.000000000000000000e+00 1.000000000000000000e+00 1.000000000000000000e+00 1.000000000000000000e+00 1.000000000000000000e+00 1.000000000000000000e+00 1.000000000000000000e+00 1.000000000000000000e+00 1.000000000000000000e+00 1.000000000000000000e+00
0.000000000000000000e+00 0.000000000000000000e+00 0.000000000000000000e+00 0.000000000000000000e+00 0.000000000000000000e+00 0.000000000000000000e+00 0.000000000000000000e+00 0.000000000000000000e+00 0.000000000000000000e+00 0.000000000000000000e+00 0.000000000000000000e+00 0.000000000000000000e+00 0.000000000000000000e+00 0.000000000000000000e+00 0.000000000000000000e+00 0.000000000000000000e+00 0.000000000000000000e+00 0.000000000000000000e+00 0.000000000000000000e+00 0.000000000000000000e+00 0.000000000000000000e+00 0.000000000000000000e+00 0.000000000000000000e+00 0.000000000000000000e+00 0.000000000000000000e+00 0.000000000000000000e+00 0.000000000000000000e+00 0.000000000000000000e+00 0.000000000000000000e+00 0.000000000000000000e+00 0.000000000000000000e+00 2.280473203588234612e-311 1.588674043370716406e-292 2.831092674452628321e-274 1.290661621933200249e-256 1.505366884705641544e-239 4.492417374105802225e-223 3.430565863471626113e-207 6.704156283611049731e-192 3.353245569491804443e-177 4.293247035697314167e-163 1.407244222108270180e-149 1.181105317650478711e-136 2.538786330749048687e-124 1.397903765830413975e-112 1.972205712548040985e-101 7.131477006460168619e-91 6.611655162845685577e-81 1.572257216806450392e-71 9.594769191328469163e-63 1.503499986670496128e-54 6.054106765964187802e-47 6.270078258404602988e-40 1.672157159038030086e-33 1.150045743791084192e-27 2.043854807392615973e-22 9.411405574790488274e-18 1.127131420580398629e-13 3.530322540708288298e-10 2.916491156476645924e-07 6.443463415827714678e-05 3.900626819121278972e-03 6.778462269178725519e-02 3.728029368837401658e-01 8.005585932752529166e-01 9.778729007133051265e-01 9.992629434509870956e-01 9.999931241578725594e-01 9.999999826446810403e-01 9.999999999883668611e-01 9.999999999999980016e-01 1.000000000000000000e+00 1.000000000000000000e+00 1.000000000000000000e+00 1.000000000000000000e+00 1.000000000000000000e+00 1.000000000000000000e+00 1.000000000000000000e+00 1.000000000000000000e+00 1.000000000000000000e+00 1.000000000000000000e+00 1.000000000000000000e+00 1.000000000000000000e+00 1.000000000000000000e+00 1.000000000000000000e+00 1.000000000000000000e+00 1.000000000000000000e+00 1.000000000000000000e+00 1.000000000000000000e+00 1.000000000000000000e+00 1.000000000000000000e+00 1.000000000000000000e+00 1.000000000000000000e+00 1.000000000000000000e+00 1.000000000000000000e+00 1.000000000000000000e+00 1.000000000000000000e+00 1.000000000000000000e+00 1.000000000000000000e+00 1.000000000000000000e+00
0.000000000000000000e+00 0.000000000000000000e+00 0.000000000000000000e+00 0.000000000000000000e+00 0.000000000000000000e+00 0.000000000000000000e+00 0.000000000000000000e+00 0.000000000000000000e+00 0.000000000000000000e+00 0.000000000000000000e+00 0.000000000000000000e+00 0.000000000000000000e+00 0.000000000000000000e+00 0.000000000000000000e+00 0.000000000000000000e+00 0.000000000000000000e+00 0.000000000000000000e+00 0.000000000000000000e+00 0.000000000000000000e+00 0.000000000000000000e+00 0.000000000000000000e+00 0.000000000000000000e+00 0.000000000000000000e+00 0.000000000000000000e+00 0.000000000000000000e+00 0.000000000000000000e+00 0.000000000000000000e+00 0.000000000000000000e+00 0.000000000000000000e+00 0.000000000000000000e+00 0.000000000000000000e+00 1.490244672731147850e-313 9.222742786117759730e-294 1.279220595155379949e-274 3.976925438287830994e-256 2.771428150857122699e-238 4.329679089952210141e-221 1.516527638061652984e-204 1.191076889576040555e-188 2.097891705993446641e-173 8.287945724363811830e-159 7.345262385676904669e-145 1.460667525888571057e-131 6.518976560390470348e-119 6.531424479711577698e-107 1.469511715476070827e-95 7.427377855256726422e-85 8.436972545003067768e-75 2.155046650681708062e-65 1.238585845333046317e-56 1.603028481373072287e-48 4.676665458154873927e-41 3.079397179678226380e-34 4.584079987466930076e-28 1.546184906461913245e-22 1.185283475913620971e-17 2.074097643787804002e-13 8.338810921667795710e-10 7.781870500943071145e-07 1.714892052997745060e-04 9.209647477728819670e-03 1.284621743623093060e-01 5.357365713768998949e-01 9.054232653625735594e-01 9.944012877364274416e-01 9.999149976640628878e-01 9.999996873820909959e-01 9.999999997293593790e-01 9.999999999999457101e-01 1.000000000000000000e+00 1.000000000000000000e+00 1.000000000000000000e+00 1.000000000000000000e+00 1.000000000000000000e+00 1.000000000000000000e+00 1.000000000000000000e+00 1.000000000000000000e+00 1.000000000000000000e+00 1.000000000000000000e+00 1.000000000000000000e+00 1.000000000000000000e+00 1.000000000000000000e+00 1.000000000000000000e+00 1.000000000000000000e+00 1.000000000000000000e+00 1.000000000000000000e+00 1.000000000000000000e+00 1.000000000000000000e+00 1.000000000000000000e+00 1.000000000000000000e+00 1.000000000000000000e+00 1.000000000000000000e+00 1.000000000000000000e+00 1.000000000000000000e+00 1.000000000000000000e+00 1.000000000000000000e+00 1.000000000000000000e+00 1.000000000000000000e+00 1.000000000000000000e+00 1.000000000000000000e+00
0.000000000000000000e+00 0.000000000000000000e+00 0.000000000000000000e+00 0.000000000000000000e+00 0.000000000000000000e+00 0.000000000000000000e+00 0.000000000000000000e+00 0.000000000000000000e+00 0.000000000000000000e+00 0.000000000000000000e+00 0.000000000000000000e+00 0.000000000000000000e+00 0.000000000000000000e+00 0.000000000000000000e+00 0.000000000000000000e+00 0.000000000000000000e+00 0.000000000000000000e+00 0.000000000000000000e+00 0.000000000000000000e+00 0.000000000000000000e+00 0.000000000000000000e+00 0.000000000000000000e+00 0.000000000000000000e+00 0.000000000000000000e+00 0.000000000000000000e+00 0.000000000000000000e+00 0.000000000000000000e+00 0.000000000000000000e+00 0.000000000000000000e+00 0.000000000000000000e+00 0.000000000000000000e+00 0.000000000000000000e+00 0.000000000000000000e+00 2.833927423964317289e-310 1.515588575809559963e-288 1.302286037624607311e-267 1.798089013109010880e-247 3.989778686295783230e-228 1.422915445809852325e-209 8.157740524470129698e-192 7.519664948457260524e-175 1.114688482229421223e-158 2.657891147215115146e-143 1.019690349684134864e-128 6.296308205705879479e-115 6.259714515609738314e-102 1.002466712950871813e-89 2.587430098592589916e-78 1.077057840177967751e-67 7.236661937037429828e-58 7.856255477065903545e-49 1.379896622979791682e-40 3.928121174386240007e-33 1.816533063323495990e-26 1.369068933267328050e-20 1.689470621765927560e-15 3.437678452342560332e-11 1.166386889296662618e-07 6.728131088594396347e-05 6.845761790940480332e-03 1.329491309057423964e-01 5.948892127391973705e-01 9.444017866368692449e-01 9.983880260081459124e-01 9.999913918249562217e-01 9.999999920210540516e-01 9.999999999987529975e-01 1.000000000000000000e+00 1.000000000000000000e+00 1.000000000000000000e+00 1.000000000000000000e+00 1.000000000000000000e+00 1.000000000000000000e+00 1.000000000000000000e+00 1.000000000000000000e+00 1.000000000000000000e+00 1.000000000000000000e+00 1.000000000000000000e+00 1.000000000000000000e+00 1.000000000000000000e+00 1.000000000000000000e+00 1.000000000000000000e+00 1.000000000000000000e+00 1.000000000000000000e+00 1.000000000000000000e+00 1.000000000000000000e+00 1.000000000000000000e+00 1.000000000000000000e+00 1.000000000000000000e+00 1.000000000000000000e+00 1.000000000000000000e+00 1.000000000000000000e+00 1.000000000000000000e+00 1.000000000000000000e+00 1.000000000000000000e+00 1.000000000000000000e+00 1.000000000000000000e+00 1.000000000000000000e+00 1.000000000000000000e+00 1.000000000000000000e+00
0.000000000000000000e+00 0.000000000000000000e+00 0.000000000000000000e+00 0.000000000000000000e+00 0.000000000000000000e+00 0.000000000000000000e+00 0.000000000000000000e+00 0.000000000000000000e+00 0.000000000000000000e+00 0.000000000000000000e+00 0.000000000000000000e+00 0.000000000000000000e+00 0.000000000000000000e+00 0.000000000000000000e+00 0.000000000000000000e+00 0.000000000000000000e+00 0.000000000000000000e+00 0.000000000000000000e+00 0.000000000000000000e+00 0.000000000000000000e+00 0.000000000000000000e+00 0.000000000000000000e+00 0.000000000000000000e+00 0.000000000000000000e+00 0.000000000000000000e+00 0.000000000000000000e+00 0.000000000000000000e+00 0.000000000000000000e+00 0.000000000000000000e+00 0.000000000000000000e+00 0.000000000000000000e+00 0.000000000000000000e+00 0.000000000000000000e+00 6.564410790725850349e-305 1.158830474907112143e-282 2.899732332143533591e-261 1.028640863967808673e-240 5.173666760433918730e-221 3.690040152717415386e-202 3.732850140395871040e-184 5.356946733454665315e-167 1.090852216306699317e-150 3.152883329458390921e-135 1.293855667646121589e-120 7.541684584587409584e-107 6.246791223360200025e-94 7.356904682155576522e-82 1.232765722961049891e-70 2.941594187992717558e-60 1.000616964861802309e-50 4.858868442827609682e-42 3.374213303158765874e-34 3.359262592889887407e-27 4.810971457742866858e-21 9.960707634937273850e-16 3.003950536001149059e-11 1.335835200967857626e-07 8.949679182305104108e-05 9.420468586008833023e-03 1.709619648442275708e-01 6.728952110599465408e-01 9.675694632417588537e-01 9.994117294198270329e-01 9.999982814014617416e-01 9.999999992346275679e-01 9.999999999999493738e-01 1.000000000000000000e+00 1.000000000000000000e+00 1.000000000000000000e+00 1.000000000000000000e+00 1.000000000000000000e+00 1.000000000000000000e+00 1.000000000000000000e+00 1.000000000000000000e+00 1.000000000000000000e+00 1.000000000000000000e+00 1.000000000000000000e+00 1.000000000000000000e+00 1.000000000000000000e+00 1.000000000000000000e+00 1.000000000000000000e+00 1.000000000000000000e+00 1.000000000000000000e+00 1.000000000000000000e+00 1.000000000000000000e+00 1.000000000000000000e+00 1.000000000000000000e+00 1.000000000000000000e+00 1.000000000000000000e+00 1.000000000000000000e+00 1.000000000000000000e+00 1.000000000000000000e+00 1.000000000000000000e+00 1.000000000000000000e+00 1.000000000000000000e+00 1.000000000000000000e+00 1.000000000000000000e+00 1.000000000000000000e+00 1.000000000000000000e+00 1.000000000000000000e+00
0.000000000000000000e+00 0.000000000000000000e+00 0.000000000000000000e+00 0.000000000000000000e+00 0.000000000000000000e+00 0.000000000000000000e+00 0.000000000000000000e+00 0.000000000000000000e+00 0.000000000000000000e+00 0.000000000000000000e+00 0.000000000000000000e+00 0.000000000000000000e+00 0.000000000000000000e+00 0.000000000000000000e+00 0.000000000000000000e+00 0.000000000000000000e+00 0.000000000000000000e+00 0.000000000000000000e+00 0.000000000000000000e+00 0.000000000000000000e+00 0.000000000000000000e+00 0.000000000000000000e+00 0.000000000000000000e+00 0.000000000000000000e+00 0.000000000000000000e+00 0.000000000000000000e+00 0.000000000000000000e+00 0.000000000000000000e+00 0.000000000000000000e+00 0.000000000000000000e+00 0.000000000000000000e+00 0.000000000000000000e+00 0.000000000000000000e+00 0.000000000000000000e+00 6.685837047118261805e-306 8.717290739342286406e-282 1.144861095089937058e-258 1.514743412246749752e-236 2.019387348792791125e-215 2.713222839852484731e-195 3.674867637220287469e-176 5.018924831970016924e-158 6.914105036120079133e-141 9.611417634328711380e-125 1.348864239952821144e-109 1.912158645810376910e-95 2.740029039561816503e-82 3.972240017473992913e-70 5.832256901007149329e-59 8.684927574371438698e-49 1.314088381131998604e-39 2.025328005722356377e-31 3.190763564633621010e-24 5.164535390886370577e-18 8.655502130376914340e-13 1.521330130047924899e-08 2.868954041185337180e-05 6.075788031874500804e-03 1.605779014287510298e-01 6.997009649490377736e-01 9.792833101600417756e-01 9.998108616261016657e-01 9.999998015297970611e-01 9.999999999774151771e-01 9.999999999999997780e-01 1.000000000000000000e+00 1.000000000000000000e+00 1.000000000000000000e+00 1.000000000000000000e+00 1.000000000000000000e+00 1.000000000000000000e+00 1.000000000000000000e+00 1.000000000000000000e+00 1.000000000000000000e+00 1.000000000000000000e+00 1.000000000000000000e+00 1.000000000000000000e+00 1.000000000000000000e+00 1.000000000000000000e+00 1.000000000000000000e+00 1.000000000000000000e+00 1.000000000000000000e+00 1.000000000000000000e+00 1.000000000000000000e+00 1.000000000000000000e+00 1.000000000000000000e+00 1.000000000000000000e+00 1.000000000000000000e+00 1.000000000000000000e+00 1.000000000000000000e+00 1.000000000000000000e+00 1.000000000000000000e+00 1.000000000000000000e+00 1.000000000000000000e+00 1.000000000000000000e+00 1.000000000000000000e+00 1.000000000000000000e+00 1.000000000000000000e+00 1.000000000000000000e+00 1.000000000000000000e+00
0.000000000000000000e+00 0.000000000000000000e+00 0.000000000000000000e+00 0.000000000000000000e+00 0.000000000000000000e+00 0.000000000000000000e+00 0.000000000000000000e+00 0.000000000000000000e+00 0.000000000000000000e+00 0.000000000000000000e+00 0.000000000000000000e+00 0.000000000000000000e+00 0.000000000000000000e+00 0.000000000000000000e+00 0.000000000000000000e+00 0.000000000000000000e+00 0.000000000000000000e+00 0.000000000000000000e+00 0.000000000000000000e+00 0.000000000000000000e+00 0.000000000000000000e+00 0.000000000000000000e+00 0.000000000000000000e+00 0.000000000000000000e+00 0.000000000000000000e+00 0.000000000000000000e+00 0.000000000000000000e+00 0.000000000000000000e+00 0.000000000000000000e+00 0.000000000000000000e+00 0.000000000000000000e+00 0.000000000000000000e+00 0.000000000000000000e+00 0.000000000000000000e+00 0.000000000000000000e+00 3.986860079639506600e-313 1.709138374078736751e-286 4.713925911227435462e-261 8.366362373777586717e-237 9.557445394173515868e-214 7.029392319426178772e-192 3.329696587677570884e-171 1.016174080585640026e-151 1.998968326538917421e-133 2.536044128713434898e-116 2.076407680020412287e-100 1.098083134010024021e-85 3.754746968481809681e-72 8.312562755048689317e-60 1.193624973291669193e-48 1.114342286441659876e-38 6.786341538341131285e-30 2.709078041392721453e-22 7.141433722943972973e-16 1.258225655727402817e-10 1.513712454350919478e-06 1.297963196696316854e-03 8.772324614325503755e-02 6.187164313004527294e-01 9.749513349336320633e-01 9.998504929231047944e-01 9.999999329575395279e-01 9.999999999978986809e-01 1.000000000000000000e+00 1.000000000000000000e+00 1.000000000000000000e+00 1.000000000000000000e+00 1.000000000000000000e+00 1.000000000000000000e+00 1.000000000000000000e+00 1.000000000000000000e+00 1.000000000000000000e+00 1.000000000000000000e+00 1.000000000000000000e+00 1.000000000000000000e+00 1.000000000000000000e+00 1.000000000000000000e+00 1.000000000000000000e+00 1.000000000000000000e+00 1.000000000000000000e+00 1.000000000000000000e+00 1.000000000000000000e+00 1.000000000000000000e+00 1.000000000000000000e+00 1.000000000000000000e+00 1.000000000000000000e+00 1.000000000000000000e+00 1.000000000000000000e+00 1.000000000000000000e+00 1.000000000000000000e+00 1.000000000000000000e+00 1.000000000000000000e+00 1.000000000000000000e+00 1.000000000000000000e+00 1.000000000000000000e+00 1.000000000000000000e+00 1.000000000000000000e+00 1.000000000000000000e+00 1.000000000000000000e+00 1.000000000000000000e+00
0.000000000000000000e+00 0.000000000000000000e+00 0.000000000000000000e+00 0.000000000000000000e+00 0.000000000000000000e+00 0.000000000000000000e+00 0.000000000000000000e+00 0.000000000000000000e+00 0.000000000000000000e+00 0.000000000000000000e+00 0.000000000000000000e+00 0.000000000000000000e+00 0.000000000000000000e+00 0.000000000000000000e+00 0.000000000000000000e+00 0.000000000000000000e+00 0.000000000000000000e+00 0.000000000000000000e+00 0.000000000000000000e+00 0.000000000000000000e+00 0.000000000000000000e+00 0.000000000000000000e+00 0.000000000000000000e+00 0.000000000000000000e+00 0.000000000000000000e+00 0.000000000000000000e+00 0.000000000000000000e+00 0.000000000000000000e+00 0.000000000000000000e+00 0.000000000000000000e+00 0.000000000000000000e+00 0.000000000000000000e+00 0.000000000000000000e+00 0.000000000000000000e+00 0.000000000000000000e+00 0.000000000000000000e+00 2.911352874640730150e-315 2.178559057091234957e-286 6.550775052298986821e-259 7.917328363230063594e-233 3.847336940047608019e-208 7.519589604870734887e-185 5.913804549226047910e-163 1.872419335633444780e-142 2.388228076518045724e-123 1.228067474254103687e-105 2.548386090227086329e-89 2.136705776322822120e-74 7.250453190831018807e-61 9.978592628072072094e-49 5.586739307905081850e-38 1.277903214905645458e-28 1.201968114043504289e-20 4.697091839502689417e-14 7.764131583678230808e-09 5.621006077630684439e-05 1.929359780340969208e-02 3.916458104385538985e-01 9.355555528205663496e-01 9.995368888121923812e-01 9.999998350902652433e-01 9.999999999973832043e-01 1.000000000000000000e+00 1.000000000000000000e+00 1.000000000000000000e+00 1.000000000000000000e+00 1.000000000000000000e+00 1.000000000000000000e+00 1.000000000000000000e+00 1.000000000000000000e+00 1.000000000000000000e+00 1.000000000000000000e+00 1.000000000000000000e+00 1.000000000000000000e+00 1.000000000000000000e+00 1.000000000000000000e+00 1.000000000000000000e+00 1.000000000000000000e+00 1.000000000000000000e+00 1.000000000000000000e+00 1.000000000000000000e+00 1.000000000000000000e+00 1.000000000000000000e+00 1.000000000000000000e+00 1.000000000000000000e+00 1.000000000000000000e+00 1.000000000000000000e+00 1.000000000000000000e+00 1.000000000000000000e+00 1.000000000000000000e+00 1.000000000000000000e+00 1.000000000000000000e+00 1.000000000000000000e+00 1.000000000000000000e+00 1.000000000000000000e+00 1.000000000000000000e+00 1.000000000000000000e+00 1.000000000000000000e+00 1.000000000000000000e+00 1.000000000000000000e+00
0.000000000000000000e+00 0.000000000000000000e+00 0.000000000000000000e+00 0.000000000000000000e+00 0.000000000000000000e+00 0.000000000000000000e+00 0.000000000000000000e+00 0.000000000000000000e+00 0.000000000000000000e+00 0.000000000000000000e+00 0.000000000000000000e+00 0.000000000000000000e+00 0.000000000000000000e+00 0.000000000000000000e+00 0.000000000000000000e+00 0.000000000000000000e+00 0.000000000000000000e+00 0.000000000000000000e+00 0.000000000000000000e+00 0.000000000000000000e+00 0.000000000000000000e+00 0.000000000000000000e+00 0.000000000000000000e+00 0.000000000000000000e+00 0.000000000000000000e+00 0.000000000000000000e+00 0.000000000000000000e+00 0.000000000000000000e+00 0.000000000000000000e+00 0.000000000000000000e+00 0.000000000000000000e+00 0.000000000000000000e+00 0.000000000000000000e+00 0.000000000000000000e+00 0.000000000000000000e+00 0.000000000000000000e+00 0.000000000000000000e+00 1.616738478218219728e-313 1.846307821566879038e-282 4.934751925823677747e-253 3.087956443461875867e-225 4.525815778033882009e-199 1.554362969781611398e-174 1.251677504203217337e-151 2.364991477828152132e-130 1.049430636457267093e-110 1.094862604904325697e-92 2.689600712431550956e-76 1.558791489727346867e-61 2.137079125784338847e-48 6.957085962316390362e-37 5.408006086055293210e-27 1.012638839601764690e-18 4.635628983266565083e-12 5.334067551992361165e-07 1.638907894331392790e-03 1.581916636834901080e-01 8.255104521566465348e-01 9.979802491148062060e-01 9.999992586357779878e-01 9.999999999927109418e-01 1.000000000000000000e+00 1.000000000000000000e+00 1.000000000000000000e+00 1.000000000000000000e+00 1.000000000000000000e+00 1.000000000000000000e+00 1.000000000000000000e+00 1.000000000000000000e+00 1.000000000000000000e+00 1.000000000000000000e+00 1.000000000000000000e+00 1.000000000000000000e+00 1.000000000000000000e+00 1.000000000000000000e+00 1.000000000000000000e+00 1.000000000000000000e+00 1.000000000000000000e+00 1.000000000000000000e+00 1.000000000000000000e+00 1.000000000000000000e+00 1.000000000000000000e+00 1.000000000000000000e+00 1.000000000000000000e+00 1.000000000000000000e+00 1.000000000000000000e+00 1.000000000000000000e+00 1.000000000000000000e+00 1.000000000000000000e+00 1.000000000000000000e+00 1.000000000000000000e+00 1.000000000000000000e+00 1.000000000000000000e+00 1.000000000000000000e+00 1.000000000000000000e+00 1.000000000000000000e+00 1.000000000000000000e+00 1.000000000000000000e+00 1.000000000000000000e+00 1.000000000000000000e+00
0.000000000000000000e+00 0.000000000000000000e+00 0.000000000000000000e+00 0.000000000000000000e+00 0.000000000000000000e+00 0.000000000000000000e+00 0.000000000000000000e+00 0.000000000000000000e+00 0.000000000000000000e+00 0.000000000000000000e+00 0.000000000000000000e+00 0.000000000000000000e+00 0.000000000000000000e+00 0.000000000000000000e+00 0.000000000000000000e+00 0.000000000000000000e+00 0.000000000000000000e+00 0.000000000000000000e+00 0.000000000000000000e+00 0.000000000000000000e+00 0.000000000000000000e+00 0.000000000000000000e+00 0.000000000000000000e+00 0.000000000000000000e+00 0.000000000000000000e+00 0.000000000000000000e+00 0.000000000000000000e+00 0.000000000000000000e+00 0.000000000000000000e+00 0.000000000000000000e+00 0.000000000000000000e+00 0.000000000000000000e+00 0.000000000000000000e+00 0.000000000000000000e+00 0.000000000000000000e+00 0.000000000000000000e+00 0.000000000000000000e+00 0.000000000000000000e+00 0.000000000000000000e+00 2.947213391030647549e-300 3.069599860769604425e-266 2.789232192509350452e-234 2.212344999214544095e-204 1.532746187568845556e-176 9.283001584577292189e-151 4.919827980304080935e-127 2.284664408439804770e-105 9.312165784148497451e-86 3.339169477396919359e-68 1.056776756328914045e-52 2.965593988735367678e-39 7.432225484518985497e-28 1.682926500547195680e-18 3.515872774996569330e-11 7.073945038781925175e-06 1.526565980637386438e-02 5.061023598574141413e-01 9.858723030707980950e-01 9.999938484753895240e-01 9.999999999713415910e-01 1.000000000000000000e+00 1.000000000000000000e+00 1.000000000000000000e+00 1.000000000000000000e+00 1.000000000000000000e+00 1.000000000000000000e+00 1.000000000000000000e+00 1.000000000000000000e+00 1.000000000000000000e+00 1.000000000000000000e+00 1.000000000000000000e+00 1.000000000000000000e+00 1.000000000000000000e+00 1.000000000000000000e+00 1.000000000000000000e+00 1.000000000000000000e+00 1.000000000000000000e+00 1.000000000000000000e+00 1.000000000000000000e+00 1.000000000000000000e+00 1.000000000000000000e+00 1.000000000000000000e+00 1.000000000000000000e+00 1.000000000000000000e+00 1.000000000000000000e+00 1.000000000000000000e+00 1.000000000000000000e+00 1.000000000000000000e+00 1.000000000000000000e+00 1.000000000000000000e+00 1.000000000000000000e+00 1.000000000000000000e+00 1.000000000000000000e+00 1.000000000000000000e+00 1.000000000000000000e+00 1.000000000000000000e+00 1.000000000000000000e+00 1.000000000000000000e+00 1.000000000000000000e+00 1.000000000000000000e+00
0.000000000000000000e+00 0.000000000000000000e+00 0.000000000000000000e+00 0.000000000000000000e+00 0.000000000000000000e+00 0.000000000000000000e+00 0.000000000000000000e+00 0.000000000000000000e+00 0.000000000000000000e+00 0.000000000000000000e+00 0.000000000000000000e+00 0.000000000000000000e+00 0.000000000000000000e+00 0.000000000000000000e+00 0.000000000000000000e+00 0.000000000000000000e+00 0.000000000000000000e+00 0.000000000000000000e+00 0.000000000000000000e+00 0.000000000000000000e+00 0.000000000000000000e+00 0.000000000000000000e+00 0.000000000000000000e+00 0.000000000000000000e+00 0.000000000000000000e+00 0.000000000000000000e+00 0.000000000000000000e+00 0.000000000000000000e+00 0.000000000000000000e+00 0.000000000000000000e+00 0.000000000000000000e+00 0.000000000000000000e+00 0.000000000000000000e+00 0.000000000000000000e+00 0.000000000000000000e+00 0.000000000000000000e+00 0.000000000000000000e+00 0.000000000000000000e+00 0.000000000000000000e+00 0.000000000000000000e+00 3.090175467072818036e-298 1.505578430632532539e-261 2.759886719442315632e-227 1.904825129675664318e-195 4.954264626486234513e-166 4.861281163398945829e-139 1.802188483434081150e-114 2.529084907739499041e-92 1.347041754645971403e-72 2.733170580013173642e-55 2.124261426594526222e-40 6.378950964428173590e-28 7.510021121089551004e-18 3.563738901065230166e-10 7.250252079810961224e-05 7.554238203530136420e-02 8.233093387466837720e-01 9.995022786406018156e-01 9.999999922336224589e-01 9.999999999999994449e-01 1.000000000000000000e+00 1.000000000000000000e+00 1.000000000000000000e+00 1.000000000000000000e+00 1.000000000000000000e+00 1.000000000000000000e+00 1.000000000000000000e+00 1.000000000000000000e+00 1.000000000000000000e+00 1.000000000000000000e+00 1.000000000000000000e+00 1.000000000000000000e+00 1.000000000000000000e+00 1.000000000000000000e+00 1.000000000000000000e+00 1.000000000000000000e+00 1.000000000000000000e+00 1.000000000000000000e+00 1.000000000000000000e+00 1.000000000000000000e+00 1.000000000000000000e+00 1.000000000000000000e+00 1.000000000000000000e+00 1.000000000000000000e+00 1.000000000000000000e+00 1.000000000000000000e+00 1.000000000000000000e+00 1.000000000000000000e+00 1.000000000000000000e+00 1.000000000000000000e+00 1.000000000000000000e+00 1.000000000000000000e+00 1.000000000000000000e+00 1.000000000000000000e+00 1.000000000000000000e+00 1.000000000000000000e+00 1.000000000000000000e+00 1.000000000000000000e+00 1.000000000000000000e+00 1.000000000000000000e+00
0.000000000000000000e+00 0.000000000000000000e+00 0.000000000000000000e+00 0.000000000000000000e+00 0.000000000000000000e+00 0.000000000000000000e+00 0.000000000000000000e+00 0.000000000000000000e+00 0.000000000000000000e+00 0.000000000000000000e+00 0.000000000000000000e+00 0.000000000000000000e+00 0.000000000000000000e+00 0.000000000000000000e+00 0.000000000000000000e+00 0.000000000000000000e+00 0.000000000000000000e+00 0.000000000000000000e+00 0.000000000000000000e+00 0.000000000000000000e+00 0.000000000000000000e+00 0.000000000000000000e+00 0.000000000000000000e+00 0.000000000000000000e+00 0.000000000000000000e+00 0.000000000000000000e+00 0.000000000000000000e+00 0.000000000000000000e+00 0.000000000000000000e+00 0.000000000000000000e+00 0.000000000000000000e+00 0.000000000000000000e+00 0.000000000000000000e+00 0.000000000000000000e+00 0.000000000000000000e+00 0.000000000000000000e+00 0.000000000000000000e+00 0.000000000000000000e+00 0.000000000000000000e+00 0.000000000000000000e+00 0.000000000000000000e+00 4.940656458412465442e-324 1.605502941832861505e-280 4.111758925525068520e-240 7.196749245183766851e-203 8.619319824302861025e-169 7.075172182213912085e-138 3.989016781059588810e-110 1.549374000141655597e-85 4.163646123191433137e-64 7.791848093785366012e-46 1.026163045813411838e-30 9.688839084100503325e-19 6.809486538149689736e-10 3.911465949354686589e-04 2.552528378251074925e-01 9.794680368406545323e-01 9.999989513657827622e-01 9.999999999999513722e-01 1.000000000000000000e+00 1.000000000000000000e+00 1.000000000000000000e+00 1.000000000000000000e+00 1.000000000000000000e+00 1.000000000000000000e+00 1.000000000000000000e+00 1.000000000000000000e+00 1.000000000000000000e+00 1.000000000000000000e+00 1.000000000000000000e+00 1.000000000000000000e+00 1.000000000000000000e+00 1.000000000000000000e+00 1.000000000000000000e+00 1.000000000000000000e+00 1.000000000000000000e+00 1.000000000000000000e+00 1.000000000000000000e+00 1.000000000000000000e+00 1.000000000000000000e+00 1.000000000000000000e+00 1.000000000000000000e+00 1.000000000000000000e+00 1.000000000000000000e+00 1.000000000000000000e+00 1.000000000000000000e+00 1.000000000000000000e+00 1.000000000000000000e+00 1.000000000000000000e+00 1.000000000000000000e+00 1.000000000000000000e+00 1.000000000000000000e+00 1.000000000000000000e+00 1.000000000000000000e+00 1.000000000000000000e+00 1.000000000000000000e+00 1.000000000000000000e+00 1.000000000000000000e+00 1.000000000000000000e+00 1.000000000000000000e+00
