0.000000000000000000e+00
0.000000000000000000e+00
0.000000000000000000e+00
0.000000000000000000e+00
0.000000000000000000e+00
0.000000000000000000e+00
0.000000000000000000e+00
0.000000000000000000e+00
3.689999999999999822e-06
4.270000000000000114e-05
1.869999999999999917e-04
7.230000000000000098e-04
2.719999999999999762e-03
9.910000000000000406e-03
3.451169999999999932e-02
1.083990000000000092e-01
2.891900000000000026e-01
6.207510000000000527e-01
1.092870000000000008e+00
1.649866999999999972e+00
2.240631000000000039e+00
2.837795000000000289e+00
3.408650000000000180e+00
3.939884000000000164e+00
4.440267000000000408e+00
4.905221000000000053e+00
5.327129000000000225e+00
5.727114999999999512e+00
6.095606000000000080e+00
6.440335000000000143e+00
6.761266999999999250e+00
