1.590400468000000012e-02
2.036036459999999992e-02
2.598684700000000042e-02
3.319029240000000158e-02
4.274765179999999443e-02
5.556213220000000286e-02
7.248001580000000554e-02
9.498768839999999214e-02
1.254497961999999911e-01
1.670631152000000008e-01
2.253848119999999899e-01
3.046453799999999656e-01
4.179141820000000229e-01
5.773288699999999940e-01
7.973585600000000495e-01
1.094847540000000174e+00
1.491486792000000117e+00
2.008079379999999858e+00
2.659915819999999709e+00
3.445844220000000124e+00
4.377152439999999700e+00
5.439280600000000909e+00
6.597213759999999816e+00
7.789759440000000090e+00
8.967426380000000918e+00
1.004467854000000138e+01
1.096227812000000057e+01
1.168629926000000019e+01
1.220989565999999904e+01
1.255746717999999973e+01
1.276990327999999941e+01
