0.000000000000000000e+00 0.000000000000000000e+00 0.000000000000000000e+00 0.000000000000000000e+00 0.000000000000000000e+00 0.000000000000000000e+00 0.000000000000000000e+00 0.000000000000000000e+00 0.000000000000000000e+00 0.000000000000000000e+00 0.000000000000000000e+00 0.000000000000000000e+00 0.000000000000000000e+00 0.000000000000000000e+00 0.000000000000000000e+00 0.000000000000000000e+00 0.000000000000000000e+00 0.000000000000000000e+00 0.000000000000000000e+00 0.000000000000000000e+00 1.186745681310674199e-320 3.167943188248417581e-296 8.976329921630179915e-273 2.700536401178841355e-250 8.627829738417200134e-229 2.927749228904535719e-208 1.055454211974555489e-188 4.043198010055742347e-170 1.646323604695910316e-152 7.127810799822278986e-136 3.282623675217334489e-120 1.608856554621379886e-105 8.396451991905517876e-92 4.669434456777387401e-79 2.769527366036807492e-67 1.753898777901678917e-56 1.187644116787057682e-46 8.615435494236789750e-38 6.712731290128221848e-30 5.638040096995052680e-23 5.131810558304726484e-17 5.103690369129074950e-12 5.621316347109676688e-08 7.025975741605853500e-05 1.046889686092622278e-02 2.086953042513858825e-01 7.540188620069303571e-01 9.855679960491128266e-01 9.998849673188913156e-01 9.999998900249664757e-01 9.999999999880351265e-01 9.999999999999997780e-01 1.000000000000000000e+00 1.000000000000000000e+00 1.000000000000000000e+00 1.000000000000000000e+00 1.000000000000000000e+00 1.000000000000000000e+00 1.000000000000000000e+00 1.000000000000000000e+00 1.000000000000000000e+00 1.000000000000000000e+00 1.000000000000000000e+00 1.000000000000000000e+00 1.000000000000000000e+00 1.000000000000000000e+00 1.000000000000000000e+00 1.000000000000000000e+00 1.000000000000000000e+00 1.000000000000000000e+00 1.000000000000000000e+00 1.000000000000000000e+00 1.000000000000000000e+00 1.000000000000000000e+00 1.000000000000000000e+00 1.000000000000000000e+00 1.000000000000000000e+00 1.000000000000000000e+00 1.000000000000000000e+00 1.000000000000000000e+00 1.000000000000000000e+00 1.000000000000000000e+00 1.000000000000000000e+00 1.000000000000000000e+00 1.000000000000000000e+00 1.000000000000000000e+00 1.000000000000000000e+00 1.000000000000000000e+00 1.000000000000000000e+00 1.000000000000000000e+00 1.000000000000000000e+00 1.000000000000000000e+00 1.000000000000000000e+00 1.000000000000000000e+00 1.000000000000000000e+00 1.000000000000000000e+00 1.000000000000000000e+00 1.000000000000000000e+00 1.000000000000000000e+00 1.000000000000000000e+00
0.000000000000000000e+00 0.000000000000000000e+00 0.000000000000000000e+00 0.000000000000000000e+00 0.000000000000000000e+00 0.000000000000000000e+00 0.000000000000000000e+00 0.000000000000000000e+00 0.000000000000000000e+00 0.000000000000000000e+00 0.000000000000000000e+00 0.000000000000000000e+00 0.000000000000000000e+00 0.000000000000000000e+00 0.000000000000000000e+00 0.000000000000000000e+00 0.000000000000000000e+00 0.000000000000000000e+00 0.000000000000000000e+00 0.000000000000000000e+00 0.000000000000000000e+00 0.000000000000000000e+00 1.119503346911680544e-318 1.533328401368411594e-292 1.572464356632662770e-267 1.207650523623187024e-243 6.947159896146190222e-221 2.994219839970629172e-199 9.671468275756534889e-179 2.341944294780718387e-159 4.253098909292493839e-141 5.795376124161025663e-124 5.928567077589558458e-108 4.556270141750200878e-93 2.632891964710867622e-79 1.145224492455147629e-66 3.754808225813589555e-55 9.296561679001566366e-45 1.742508788601945307e-35 2.481180304563777040e-27 2.697607090147942435e-20 2.256966494740914166e-14 1.471853139473004025e-09 7.655839332059104677e-06 3.327770214787771630e-03 1.350017527294604947e-01 6.940967094880238220e-01 9.829144659559291286e-01 9.999037260180150266e-01 9.999999533080472514e-01 9.999999999981696863e-01 1.000000000000000000e+00 1.000000000000000000e+00 1.000000000000000000e+00 1.000000000000000000e+00 1.000000000000000000e+00 1.000000000000000000e+00 1.000000000000000000e+00 1.000000000000000000e+00 1.000000000000000000e+00 1.000000000000000000e+00 1.000000000000000000e+00 1.000000000000000000e+00 1.000000000000000000e+00 1.000000000000000000e+00 1.000000000000000000e+00 1.000000000000000000e+00 1.000000000000000000e+00 1.000000000000000000e+00 1.000000000000000000e+00 1.000000000000000000e+00 1.000000000000000000e+00 1.000000000000000000e+00 1.000000000000000000e+00 1.000000000000000000e+00 1.000000000000000000e+00 1.000000000000000000e+00 1.000000000000000000e+00 1.000000000000000000e+00 1.000000000000000000e+00 1.000000000000000000e+00 1.000000000000000000e+00 1.000000000000000000e+00 1.000000000000000000e+00 1.000000000000000000e+00 1.000000000000000000e+00 1.000000000000000000e+00 1.000000000000000000e+00 1.000000000000000000e+00 1.000000000000000000e+00 1.000000000000000000e+00 1.000000000000000000e+00 1.000000000000000000e+00 1.000000000000000000e+00 1.000000000000000000e+00 1.000000000000000000e+00 1.000000000000000000e+00 1.000000000000000000e+00 1.000000000000000000e+00 1.000000000000000000e+00
0.000000000000000000e+00 0.000000000000000000e+00 0.000000000000000000e+00 0.000000000000000000e+00 0.000000000000000000e+00 0.000000000000000000e+00 0.000000000000000000e+00 0.000000000000000000e+00 0.000000000000000000e+00 0.000000000000000000e+00 0.000000000000000000e+00 0.000000000000000000e+00 0.000000000000000000e+00 0.000000000000000000e+00 0.000000000000000000e+00 0.000000000000000000e+00 0.000000000000000000e+00 0.000000000000000000e+00 1.976262583364986177e-323 1.476165216930701724e-300 1.575556688258379969e-278 2.407490655211135418e-257 5.267220708047929665e-237 1.650238287611250653e-217 7.405089352809783930e-199 4.760062423166702443e-181 4.384153845450765768e-164 5.787035802301446440e-148 1.095084806012176494e-132 2.971707362403695963e-118 1.156920088932483128e-104 6.464662871620774157e-92 5.187797561478558750e-80 5.983019333026993570e-69 9.925171328817051788e-59 2.370916225546409947e-49 8.167218983662289412e-41 4.064700855461433620e-33 2.930123921054599390e-26 3.070408100215519119e-20 4.701305995263480131e-15 1.060274862475436121e-10 3.568315614620321182e-07 1.834113101587783224e-04 1.507434280494132639e-02 2.196448824735430239e-01 7.328137525591589263e-01 9.781043820667937316e-01 9.996761631350719046e-01 9.999992284063732306e-01 9.999999997182194011e-01 9.999999999999846789e-01 1.000000000000000000e+00 1.000000000000000000e+00 1.000000000000000000e+00 1.000000000000000000e+00 1.000000000000000000e+00 1.000000000000000000e+00 1.000000000000000000e+00 1.000000000000000000e+00 1.000000000000000000e+00 1.000000000000000000e+00 1.000000000000000000e+00 1.000000000000000000e+00 1.000000000000000000e+00 1.000000000000000000e+00 1.000000000000000000e+00 1.000000000000000000e+00 1.000000000000000000e+00 1.000000000000000000e+00 1.000000000000000000e+00 1.000000000000000000e+00 1.000000000000000000e+00 1.000000000000000000e+00 1.000000000000000000e+00 1.000000000000000000e+00 1.000000000000000000e+00 1.000000000000000000e+00 1.000000000000000000e+00 1.000000000000000000e+00 1.000000000000000000e+00 1.000000000000000000e+00 1.000000000000000000e+00 1.000000000000000000e+00 1.000000000000000000e+00 1.000000000000000000e+00 1.000000000000000000e+00 1.000000000000000000e+00 1.000000000000000000e+00 1.000000000000000000e+00 1.000000000000000000e+00 1.000000000000000000e+00 1.000000000000000000e+00 1.000000000000000000e+00 1.000000000000000000e+00 1.000000000000000000e+00 1.000000000000000000e+00 1.000000000000000000e+00 1.000000000000000000e+00 1.000000000000000000e+00
0.000000000000000000e+00 0.000000000000000000e+00 0.000000000000000000e+00 0.000000000000000000e+00 0.000000000000000000e+00 0.000000000000000000e+00 0.000000000000000000e+00 0.000000000000000000e+00 0.000000000000000000e+00 0.000000000000000000e+00 0.000000000000000000e+00 0.000000000000000000e+00 0.000000000000000000e+00 0.000000000000000000e+00 0.000000000000000000e+00 0.000000000000000000e+00 0.000000000000000000e+00 0.000000000000000000e+00 0.000000000000000000e+00 0.000000000000000000e+00 0.000000000000000000e+00 0.000000000000000000e+00 0.000000000000000000e+00 4.385818827586177005e-302 3.748000471264061785e-276 2.156785371530907331e-251 8.359195109239070548e-228 2.182621722741184697e-205 3.840366589491701068e-184 4.555041540219995260e-164 3.643422399669454909e-145 1.966211089904549324e-127 7.163139503743598073e-111 1.762929134360834378e-95 2.933624907148680444e-81 3.304407244458171322e-68 2.523030704269487151e-56 1.308312538573409850e-45 4.619280708847106233e-36 1.114490503594351751e-27 1.847190294692668595e-20 2.120442446212894539e-14 1.708821474382265607e-09 9.908366471364907617e-06 4.348685580510778040e-03 1.634181213559354195e-01 7.462429258599119208e-01 9.894428137299797754e-01 9.999607858562187257e-01 9.999999888006170234e-01 9.999999999997681854e-01 1.000000000000000000e+00 1.000000000000000000e+00 1.000000000000000000e+00 1.000000000000000000e+00 1.000000000000000000e+00 1.000000000000000000e+00 1.000000000000000000e+00 1.000000000000000000e+00 1.000000000000000000e+00 1.000000000000000000e+00 1.000000000000000000e+00 1.000000000000000000e+00 1.000000000000000000e+00 1.000000000000000000e+00 1.000000000000000000e+00 1.000000000000000000e+00 1.000000000000000000e+00 1.000000000000000000e+00 1.000000000000000000e+00 1.000000000000000000e+00 1.000000000000000000e+00 1.000000000000000000e+00 1.000000000000000000e+00 1.000000000000000000e+00 1.000000000000000000e+00 1.000000000000000000e+00 1.000000000000000000e+00 1.000000000000000000e+00 1.000000000000000000e+00 1.000000000000000000e+00 1.000000000000000000e+00 1.000000000000000000e+00 1.000000000000000000e+00 1.000000000000000000e+00 1.000000000000000000e+00 1.000000000000000000e+00 1.000000000000000000e+00 1.000000000000000000e+00 1.000000000000000000e+00 1.000000000000000000e+00 1.000000000000000000e+00 1.000000000000000000e+00 1.000000000000000000e+00 1.000000000000000000e+00 1.000000000000000000e+00 1.000000000000000000e+00 1.000000000000000000e+00 1.000000000000000000e+00 1.000000000000000000e+00
0.000000000000000000e+00 0.000000000000000000e+00 0.000000000000000000e+00 0.000000000000000000e+00 0.000000000000000000e+00 0.000000000000000000e+00 0.000000000000000000e+00 0.000000000000000000e+00 0.000000000000000000e+00 0.000000000000000000e+00 0.000000000000000000e+00 0.000000000000000000e+00 0.000000000000000000e+00 0.000000000000000000e+00 0.000000000000000000e+00 0.000000000000000000e+00 0.000000000000000000e+00 0.000000000000000000e+00 0.000000000000000000e+00 0.000000000000000000e+00 0.000000000000000000e+00 0.000000000000000000e+00 0.000000000000000000e+00 0.000000000000000000e+00 0.000000000000000000e+00 0.000000000000000000e+00 0.000000000000000000e+00 0.000000000000000000e+00 7.388192620304909847e-303 3.367709485558911310e-270 2.042348997040595550e-239 1.648621158231697717e-210 1.772330698168619175e-183 2.539170414730167215e-158 4.852014171412658711e-135 1.237910402764024162e-113 4.222568119885869918e-94 1.929085928696616622e-76 1.183179692020239146e-60 9.775130739177913163e-47 1.093141675960916135e-34 1.667056893989410211e-24 3.509729613996208526e-16 1.043020980957758522e-09 4.581625234990523030e-05 3.343669086161809439e-02 5.974277089411778041e-01 9.899884107982912518e-01 9.999947140239142662e-01 9.999999999554425312e-01 1.000000000000000000e+00 1.000000000000000000e+00 1.000000000000000000e+00 1.000000000000000000e+00 1.000000000000000000e+00 1.000000000000000000e+00 1.000000000000000000e+00 1.000000000000000000e+00 1.000000000000000000e+00 1.000000000000000000e+00 1.000000000000000000e+00 1.000000000000000000e+00 1.000000000000000000e+00 1.000000000000000000e+00 1.000000000000000000e+00 1.000000000000000000e+00 1.000000000000000000e+00 1.000000000000000000e+00 1.000000000000000000e+00 1.000000000000000000e+00 1.000000000000000000e+00 1.000000000000000000e+00 1.000000000000000000e+00 1.000000000000000000e+00 1.000000000000000000e+00 1.000000000000000000e+00 1.000000000000000000e+00 1.000000000000000000e+00 1.000000000000000000e+00 1.000000000000000000e+00 1.000000000000000000e+00 1.000000000000000000e+00 1.000000000000000000e+00 1.000000000000000000e+00 1.000000000000000000e+00 1.000000000000000000e+00 1.000000000000000000e+00 1.000000000000000000e+00 1.000000000000000000e+00 1.000000000000000000e+00 1.000000000000000000e+00 1.000000000000000000e+00 1.000000000000000000e+00 1.000000000000000000e+00 1.000000000000000000e+00 1.000000000000000000e+00 1.000000000000000000e+00 1.000000000000000000e+00 1.000000000000000000e+00 1.000000000000000000e+00
0.000000000000000000e+00 0.000000000000000000e+00 0.000000000000000000e+00 0.000000000000000000e+00 0.000000000000000000e+00 0.000000000000000000e+00 0.000000000000000000e+00 0.000000000000000000e+00 0.000000000000000000e+00 0.000000000000000000e+00 0.000000000000000000e+00 0.000000000000000000e+00 0.000000000000000000e+00 0.000000000000000000e+00 0.000000000000000000e+00 0.000000000000000000e+00 0.000000000000000000e+00 0.000000000000000000e+00 0.000000000000000000e+00 0.000000000000000000e+00 0.000000000000000000e+00 0.000000000000000000e+00 0.000000000000000000e+00 0.000000000000000000e+00 0.000000000000000000e+00 0.000000000000000000e+00 0.000000000000000000e+00 5.724198608455672606e-313 1.461577823482123068e-280 6.151168196725346550e-250 4.268674903368817584e-221 4.886900813325701841e-194 9.234795045781359759e-169 2.882562988781301154e-145 1.487534836313355107e-123 1.270492452857437964e-103 1.798512117570391677e-85 4.227762696823338053e-69 1.654546799692670017e-54 1.081907209245923126e-41 1.188380967702389154e-30 2.210924761251456761e-21 7.064367619612287176e-14 3.977760951235690061e-08 4.171526796619585563e-04 9.439346749337990117e-02 7.620161761872498163e-01 9.969260045870012021e-01 9.999990639459844788e-01 9.999999999945368145e-01 1.000000000000000000e+00 1.000000000000000000e+00 1.000000000000000000e+00 1.000000000000000000e+00 1.000000000000000000e+00 1.000000000000000000e+00 1.000000000000000000e+00 1.000000000000000000e+00 1.000000000000000000e+00 1.000000000000000000e+00 1.000000000000000000e+00 1.000000000000000000e+00 1.000000000000000000e+00 1.000000000000000000e+00 1.000000000000000000e+00 1.000000000000000000e+00 1.000000000000000000e+00 1.000000000000000000e+00 1.000000000000000000e+00 1.000000000000000000e+00 1.000000000000000000e+00 1.000000000000000000e+00 1.000000000000000000e+00 1.000000000000000000e+00 1.000000000000000000e+00 1.000000000000000000e+00 1.000000000000000000e+00 1.000000000000000000e+00 1.000000000000000000e+00 1.000000000000000000e+00 1.000000000000000000e+00 1.000000000000000000e+00 1.000000000000000000e+00 1.000000000000000000e+00 1.000000000000000000e+00 1.000000000000000000e+00 1.000000000000000000e+00 1.000000000000000000e+00 1.000000000000000000e+00 1.000000000000000000e+00 1.000000000000000000e+00 1.000000000000000000e+00 1.000000000000000000e+00 1.000000000000000000e+00 1.000000000000000000e+00 1.000000000000000000e+00 1.000000000000000000e+00 1.000000000000000000e+00 1.000000000000000000e+00 1.000000000000000000e+00
0.000000000000000000e+00 0.000000000000000000e+00 0.000000000000000000e+00 0.000000000000000000e+00 0.000000000000000000e+00 0.000000000000000000e+00 0.000000000000000000e+00 0.000000000000000000e+00 0.000000000000000000e+00 0.000000000000000000e+00 0.000000000000000000e+00 0.000000000000000000e+00 0.000000000000000000e+00 0.000000000000000000e+00 0.000000000000000000e+00 2.670737371620334912e-312 1.561686264799137343e-292 2.041641794714235110e-273 5.967914460265608759e-255 3.900863683164306322e-237 5.702118531149714267e-220 1.864215364057177674e-203 1.363305390721108085e-187 2.230421974953526391e-172 8.164794302366446234e-158 6.688745944041454473e-144 1.226516859574184458e-130 5.035392700888784265e-118 4.629586527100011800e-106 9.535385373493662061e-95 4.401336436599832204e-84 4.554865309922524083e-74 1.057414700294171583e-64 5.510354451498550779e-56 6.451060782795530294e-48 1.698413677441472575e-40 1.006893519135839836e-33 1.346455355763029405e-27 4.070621015611748910e-22 2.790991742949764854e-17 4.359575592508480327e-13 1.561879320701217609e-09 1.297180392635925091e-06 2.543038419957207533e-04 1.216767481335939531e-02 1.521150004396887301e-01 5.780799576207655832e-01 9.223957519579322195e-01 9.959246313831189301e-01 9.999456157003746570e-01 9.999998252037448632e-01 9.999999998683068991e-01 9.999999999999771294e-01 1.000000000000000000e+00 1.000000000000000000e+00 1.000000000000000000e+00 1.000000000000000000e+00 1.000000000000000000e+00 1.000000000000000000e+00 1.000000000000000000e+00 1.000000000000000000e+00 1.000000000000000000e+00 1.000000000000000000e+00 1.000000000000000000e+00 1.000000000000000000e+00 1.000000000000000000e+00 1.000000000000000000e+00 1.000000000000000000e+00 1.000000000000000000e+00 1.000000000000000000e+00 1.000000000000000000e+00 1.000000000000000000e+00 1.000000000000000000e+00 1.000000000000000000e+00 1.000000000000000000e+00 1.000000000000000000e+00 1.000000000000000000e+00 1.000000000000000000e+00 1.000000000000000000e+00 1.000000000000000000e+00 1.000000000000000000e+00 1.000000000000000000e+00 1.000000000000000000e+00 1.000000000000000000e+00 1.000000000000000000e+00 1.000000000000000000e+00 1.000000000000000000e+00 1.000000000000000000e+00 1.000000000000000000e+00 1.000000000000000000e+00 1.000000000000000000e+00 1.000000000000000000e+00 1.000000000000000000e+00 1.000000000000000000e+00 1.000000000000000000e+00 1.000000000000000000e+00 1.000000000000000000e+00 1.000000000000000000e+00 1.000000000000000000e+00 1.000000000000000000e+00
0.000000000000000000e+00 0.000000000000000000e+00 0.000000000000000000e+00 0.000000000000000000e+00 0.000000000000000000e+00 0.000000000000000000e+00 0.000000000000000000e+00 0.000000000000000000e+00 0.000000000000000000e+00 0.000000000000000000e+00 1.367072038372439691e-315 2.239511282281844812e-298 1.198204344103076174e-281 2.093849835259395024e-265 1.195144351870385937e-249 2.228336466884448124e-234 1.357233650530900705e-219 2.700676820113689634e-205 1.755774278543670059e-191 3.729756008454733964e-178 2.589105111313130186e-165 5.873854807334851561e-153 4.355654627644852272e-141 1.055843280528390964e-129 8.368125745080694364e-119 2.168781650358144243e-108 1.838440556045283716e-98 5.098354210887023160e-89 4.626725222767723632e-80 1.374412436807037390e-71 1.336967695256217002e-63 4.260657381761302607e-56 4.450557040897958107e-49 1.524805153080058082e-42 1.714834013964202402e-36 6.336804307044530421e-31 7.703895784972867642e-26 3.086451947178846753e-21 4.083877099477013164e-17 1.790019963739225821e-13 2.610164834512487500e-10 1.274194802915078233e-07 2.102793301684923968e-05 1.192112080339672794e-03 2.388347203359991386e-02 1.784700273733532960e-01 5.544897808965441044e-01 8.840028999528972697e-01 9.878849879103339671e-01 9.995363232866878445e-01 9.999937851467439742e-01 9.999999715271375988e-01 9.999999999560326147e-01 9.999999999999773515e-01 1.000000000000000000e+00 1.000000000000000000e+00 1.000000000000000000e+00 1.000000000000000000e+00 1.000000000000000000e+00 1.000000000000000000e+00 1.000000000000000000e+00 1.000000000000000000e+00 1.000000000000000000e+00 1.000000000000000000e+00 1.000000000000000000e+00 1.000000000000000000e+00 1.000000000000000000e+00 1.000000000000000000e+00 1.000000000000000000e+00 1.000000000000000000e+00 1.000000000000000000e+00 1.000000000000000000e+00 1.000000000000000000e+00 1.000000000000000000e+00 1.000000000000000000e+00 1.000000000000000000e+00 1.000000000000000000e+00 1.000000000000000000e+00 1.000000000000000000e+00 1.000000000000000000e+00 1.000000000000000000e+00 1.000000000000000000e+00 1.000000000000000000e+00 1.000000000000000000e+00 1.000000000000000000e+00 1.000000000000000000e+00 1.000000000000000000e+00 1.000000000000000000e+00 1.000000000000000000e+00 1.000000000000000000e+00 1.000000000000000000e+00 1.000000000000000000e+00 1.000000000000000000e+00 1.000000000000000000e+00 1.000000000000000000e+00 1.000000000000000000e+00 1.000000000000000000e+00 1.000000000000000000e+00 1.000000000000000000e+00 1.000000000000000000e+00
0.000000000000000000e+00 0.000000000000000000e+00 0.000000000000000000e+00 0.000000000000000000e+00 0.000000000000000000e+00 0.000000000000000000e+00 0.000000000000000000e+00 0.000000000000000000e+00 0.000000000000000000e+00 0.000000000000000000e+00 0.000000000000000000e+00 0.000000000000000000e+00 1.481986002619101108e-313 1.605332626361606230e-295 5.041479373568274970e-278 4.590374519273227494e-261 1.211889429211770161e-244 9.277543570185865872e-229 2.059641758720103644e-213 1.326099896251519744e-198 2.476441216972796426e-184 1.341507869480889178e-170 2.108257417379114413e-157 9.613412993050540065e-145 1.272099694880991691e-132 4.885729548779533044e-121 5.447389362019341201e-110 1.763588154516952839e-99 1.658328381344247863e-89 4.530464071342049676e-80 3.597259418099938009e-71 8.305117510562037272e-63 5.578157141278373629e-55 1.090640002345661837e-47 6.212356639347173428e-41 1.031903618490996228e-34 5.004593229953927548e-29 7.098156026818204547e-24 2.950534552214698816e-19 3.605024328939592231e-15 1.300080805163965282e-11 1.392333945480116292e-08 4.470367587510061068e-06 4.370709166855593977e-04 1.337851373861276283e-02 1.352515463043585942e-01 5.044819391957927612e-01 8.695728676109782951e-01 9.873736118717830745e-01 9.995968942226416409e-01 9.999959739296657713e-01 9.999999877601525311e-01 9.999999999888469215e-01 9.999999999999970024e-01 1.000000000000000000e+00 1.000000000000000000e+00 1.000000000000000000e+00 1.000000000000000000e+00 1.000000000000000000e+00 1.000000000000000000e+00 1.000000000000000000e+00 1.000000000000000000e+00 1.000000000000000000e+00 1.000000000000000000e+00 1.000000000000000000e+00 1.000000000000000000e+00 1.000000000000000000e+00 1.000000000000000000e+00 1.000000000000000000e+00 1.000000000000000000e+00 1.000000000000000000e+00 1.000000000000000000e+00 1.000000000000000000e+00 1.000000000000000000e+00 1.000000000000000000e+00 1.000000000000000000e+00 1.000000000000000000e+00 1.000000000000000000e+00 1.000000000000000000e+00 1.000000000000000000e+00 1.000000000000000000e+00 1.000000000000000000e+00 1.000000000000000000e+00 1.000000000000000000e+00 1.000000000000000000e+00 1.000000000000000000e+00 1.000000000000000000e+00 1.000000000000000000e+00 1.000000000000000000e+00 1.000000000000000000e+00 1.000000000000000000e+00 1.000000000000000000e+00 1.000000000000000000e+00 1.000000000000000000e+00 1.000000000000000000e+00 1.000000000000000000e+00 1.000000000000000000e+00 1.000000000000000000e+00 1.000000000000000000e+00 1.000000000000000000e+00
0.000000000000000000e+00 0.000000000000000000e+00 0.000000000000000000e+00 0.000000000000000000e+00 0.000000000000000000e+00 0.000000000000000000e+00 0.000000000000000000e+00 0.000000000000000000e+00 3.211322598336523787e-315 6.084761681895702088e-299 4.240543985520647048e-283 1.087015591037612574e-267 1.024956801934927907e-252 3.555101900740844901e-238 4.536263813353824501e-224 2.129460326436153396e-210 3.677845768040988100e-197 2.337225930513175724e-184 5.465435932465148905e-172 4.703305688934723055e-160 1.489626703302660677e-148 1.736576592621954820e-137 7.452547096042962734e-127 1.177520372575548012e-116 6.850959506693121101e-107 1.468010460541193072e-97 1.158745592860543968e-88 3.369983370293623312e-80 3.612131395598144854e-72 1.427349317922058802e-64 2.080112385514553010e-57 1.118463984547118437e-50 2.220050266637906651e-44 1.627739948262213745e-38 4.411926801441514599e-33 4.425039908204129934e-28 1.644339685909465953e-23 2.267521784144428766e-19 1.162856676163479445e-15 2.224246489383957897e-12 1.593332788055163485e-09 4.300411715490324801e-07 4.413686763644563245e-05 1.748559344267206547e-03 2.744038371051031946e-02 1.789553804135910753e-01 5.323236425738815392e-01 8.602799157206753033e-01 9.813307476487093117e-01 9.989736824204263899e-01 9.999777685588568943e-01 9.999998146703545920e-01 9.999999994135524428e-01 9.999999999993016697e-01 9.999999999999996669e-01 1.000000000000000000e+00 1.000000000000000000e+00 1.000000000000000000e+00 1.000000000000000000e+00 1.000000000000000000e+00 1.000000000000000000e+00 1.000000000000000000e+00 1.000000000000000000e+00 1.000000000000000000e+00 1.000000000000000000e+00 1.000000000000000000e+00 1.000000000000000000e+00 1.000000000000000000e+00 1.000000000000000000e+00 1.000000000000000000e+00 1.000000000000000000e+00 1.000000000000000000e+00 1.000000000000000000e+00 1.000000000000000000e+00 1.000000000000000000e+00 1.000000000000000000e+00 1.000000000000000000e+00 1.000000000000000000e+00 1.000000000000000000e+00 1.000000000000000000e+00 1.000000000000000000e+00 1.000000000000000000e+00 1.000000000000000000e+00 1.000000000000000000e+00 1.000000000000000000e+00 1.000000000000000000e+00 1.000000000000000000e+00 1.000000000000000000e+00 1.000000000000000000e+00 1.000000000000000000e+00 1.000000000000000000e+00 1.000000000000000000e+00 1.000000000000000000e+00 1.000000000000000000e+00 1.000000000000000000e+00 1.000000000000000000e+00 1.000000000000000000e+00 1.000000000000000000e+00 1.000000000000000000e+00 1.000000000000000000e+00
0.000000000000000000e+00 0.000000000000000000e+00 0.000000000000000000e+00 0.000000000000000000e+00 0.000000000000000000e+00 0.000000000000000000e+00 0.000000000000000000e+00 0.000000000000000000e+00 0.000000000000000000e+00 0.000000000000000000e+00 0.000000000000000000e+00 0.000000000000000000e+00 2.357582448825260260e-319 6.168934519254392476e-301 4.542960602359954415e-283 9.416293102819027315e-266 5.493649921089164852e-249 9.022204265695725255e-233 4.171275306033378254e-217 5.429591042291377620e-202 1.989982351307989494e-187 2.053817424742879939e-173 5.969765828245770702e-160 4.887588118558188095e-147 1.127302713036557094e-134 7.326072415118534224e-123 1.341756346567617700e-111 6.927049171089806584e-101 1.008350482023129067e-90 4.139992613099307067e-81 4.795932295751309936e-72 1.568278301875903122e-63 1.448371101366057652e-55 3.780273451780127964e-48 2.790607411433345678e-41 5.832293218134258044e-35 3.455390570708844897e-29 5.812873271596552320e-24 2.782780661303284639e-19 3.802567367728465025e-15 1.489543443057936090e-11 1.683353988774683558e-08 5.543191189744590075e-06 5.407262767011763484e-04 1.609505023159743878e-02 1.548974958080336084e-01 5.440877184331871508e-01 8.919800606854522140e-01 9.909487991625942627e-01 9.997584053174211061e-01 9.999980467549286489e-01 9.999999953406804032e-01 9.999999999967690290e-01 9.999999999999993339e-01 1.000000000000000000e+00 1.000000000000000000e+00 1.000000000000000000e+00 1.000000000000000000e+00 1.000000000000000000e+00 1.000000000000000000e+00 1.000000000000000000e+00 1.000000000000000000e+00 1.000000000000000000e+00 1.000000000000000000e+00 1.000000000000000000e+00 1.000000000000000000e+00 1.000000000000000000e+00 1.000000000000000000e+00 1.000000000000000000e+00 1.000000000000000000e+00 1.000000000000000000e+00 1.000000000000000000e+00 1.000000000000000000e+00 1.000000000000000000e+00 1.000000000000000000e+00 1.000000000000000000e+00 1.000000000000000000e+00 1.000000000000000000e+00 1.000000000000000000e+00 1.000000000000000000e+00 1.000000000000000000e+00 1.000000000000000000e+00 1.000000000000000000e+00 1.000000000000000000e+00 1.000000000000000000e+00 1.000000000000000000e+00 1.000000000000000000e+00 1.000000000000000000e+00 1.000000000000000000e+00 1.000000000000000000e+00 1.000000000000000000e+00 1.000000000000000000e+00 1.000000000000000000e+00 1.000000000000000000e+00 1.000000000000000000e+00 1.000000000000000000e+00 1.000000000000000000e+00 1.000000000000000000e+00 1.000000000000000000e+00 1.000000000000000000e+00
0.000000000000000000e+00 0.000000000000000000e+00 0.000000000000000000e+00 0.000000000000000000e+00 0.000000000000000000e+00 0.000000000000000000e+00 0.000000000000000000e+00 4.915212077651641245e-319 6.982814018448121109e-303 3.751074347510302412e-287 7.619628541504849945e-272 5.853060799931223378e-257 1.700290547553193392e-242 1.867994747462055430e-228 7.761829433219414062e-215 1.219871955965879489e-201 7.251943684703428612e-189 1.630856772577874127e-176 1.387499810207222348e-164 4.466260112819012166e-153 5.439909247099008451e-142 2.507399095946996933e-131 4.374142037446130001e-121 2.888418788144082802e-111 7.220937555819605144e-102 6.835510637673060824e-93 2.450650839521675326e-84 3.328341191224362147e-76 1.712890449707054263e-68 3.341384493234618685e-61 2.471629772034255083e-54 6.935808298054520956e-48 7.387614124242256801e-42 2.988775693544877273e-36 4.596432027615294713e-31 2.689885455755000736e-26 5.997949453482056153e-22 5.104713002588706466e-18 1.662000940376771738e-14 2.076555872844750532e-11 1.000090345457757898e-08 1.868826331361151044e-06 1.368826939332836194e-04 3.995933513487231158e-03 4.786775462813896292e-02 2.484533278602900630e-01 6.206388964486014848e-01 9.021125860106631311e-01 9.887023063734836636e-01 9.994560161069141468e-01 9.999894657628473071e-01 9.999999196158677606e-01 9.999999997612165625e-01 9.999999999997259970e-01 9.999999999999998890e-01 1.000000000000000000e+00 1.000000000000000000e+00 1.000000000000000000e+00 1.000000000000000000e+00 1.000000000000000000e+00 1.000000000000000000e+00 1.000000000000000000e+00 1.000000000000000000e+00 1.000000000000000000e+00 1.000000000000000000e+00 1.000000000000000000e+00 1.000000000000000000e+00 1.000000000000000000e+00 1.000000000000000000e+00 1.000000000000000000e+00 1.000000000000000000e+00 1.000000000000000000e+00 1.000000000000000000e+00 1.000000000000000000e+00 1.000000000000000000e+00 1.000000000000000000e+00 1.000000000000000000e+00 1.000000000000000000e+00 1.000000000000000000e+00 1.000000000000000000e+00 1.000000000000000000e+00 1.000000000000000000e+00 1.000000000000000000e+00 1.000000000000000000e+00 1.000000000000000000e+00 1.000000000000000000e+00 1.000000000000000000e+00 1.000000000000000000e+00 1.000000000000000000e+00 1.000000000000000000e+00 1.000000000000000000e+00 1.000000000000000000e+00 1.000000000000000000e+00 1.000000000000000000e+00 1.000000000000000000e+00 1.000000000000000000e+00 1.000000000000000000e+00 1.000000000000000000e+00 1.000000000000000000e+00 1.000000000000000000e+00
0.000000000000000000e+00 0.000000000000000000e+00 0.000000000000000000e+00 0.000000000000000000e+00 0.000000000000000000e+00 0.000000000000000000e+00 0.000000000000000000e+00 0.000000000000000000e+00 0.000000000000000000e+00 0.000000000000000000e+00 0.000000000000000000e+00 2.227364004718181622e-308 5.509347804600426931e-291 4.227657317690868192e-274 1.006499529831302017e-257 7.434768738649759359e-242 1.704079585518905232e-226 1.212026572436231435e-211 2.675277982720259627e-197 1.832730630793614698e-183 3.897123074282670300e-170 2.572487243112730252e-157 5.272052293082053100e-145 3.354935596148051042e-133 6.630333856306156174e-122 4.070161873336116130e-111 7.762522475444468260e-101 4.600580412094914824e-91 8.475423816382199743e-82 4.855012812093586709e-73 8.650998065097755305e-65 4.797199792946113674e-57 8.283139190012389590e-50 4.456360903247790991e-43 7.476634641122144660e-37 3.915864095662594036e-31 6.411024158992371149e-26 3.286754731585222549e-21 5.288931967102782677e-17 2.680020008668022433e-13 4.296265366319496617e-10 2.193975144250045790e-07 3.608141575423389884e-05 1.946082926462983824e-03 3.557620354134957696e-02 2.350748839670373236e-01 6.405886761811091512e-01 9.253912435874136477e-01 9.942079870956544996e-01 9.998450239723709609e-01 9.999986279890333840e-01 9.999999960685992395e-01 9.999999999964003239e-01 9.999999999999988898e-01 1.000000000000000000e+00 1.000000000000000000e+00 1.000000000000000000e+00 1.000000000000000000e+00 1.000000000000000000e+00 1.000000000000000000e+00 1.000000000000000000e+00 1.000000000000000000e+00 1.000000000000000000e+00 1.000000000000000000e+00 1.000000000000000000e+00 1.000000000000000000e+00 1.000000000000000000e+00 1.000000000000000000e+00 1.000000000000000000e+00 1.000000000000000000e+00 1.000000000000000000e+00 1.000000000000000000e+00 1.000000000000000000e+00 1.000000000000000000e+00 1.000000000000000000e+00 1.000000000000000000e+00 1.000000000000000000e+00 1.000000000000000000e+00 1.000000000000000000e+00 1.000000000000000000e+00 1.000000000000000000e+00 1.000000000000000000e+00 1.000000000000000000e+00 1.000000000000000000e+00 1.000000000000000000e+00 1.000000000000000000e+00 1.000000000000000000e+00 1.000000000000000000e+00 1.000000000000000000e+00 1.000000000000000000e+00 1.000000000000000000e+00 1.000000000000000000e+00 1.000000000000000000e+00 1.000000000000000000e+00 1.000000000000000000e+00 1.000000000000000000e+00 1.000000000000000000e+00 1.000000000000000000e+00 1.000000000000000000e+00 1.000000000000000000e+00
0.000000000000000000e+00 0.000000000000000000e+00 0.000000000000000000e+00 0.000000000000000000e+00 1.104160096421850986e-311 5.029273493900128087e-297 1.010527250151909120e-282 8.957228560289579373e-269 3.502647648930516174e-255 6.042711778080177577e-242 4.599352340386276757e-229 1.544575027309693656e-216 2.288698587637504735e-204 1.496431927622886495e-192 4.317552185701502608e-181 5.497385916362289752e-170 3.089165122402892959e-159 7.661669797643018569e-149 8.387597296128666456e-139 4.053421053834507727e-129 8.648053516570342764e-120 8.146573992723692668e-111 3.388792077537732337e-102 6.225700070939575546e-94 5.052110937083687996e-86 1.811242037440947109e-78 2.869378379111877791e-71 2.009135550419526014e-64 6.219558585878961825e-58 8.514865279489673348e-52 5.157364570782745890e-46 1.382626595259773952e-40 1.641511117581015180e-35 8.636353847953280253e-31 2.015195713206892061e-26 2.087591787195796409e-22 9.613411984733202569e-19 1.971257082907542643e-15 1.803902556057727036e-12 7.389442434133485981e-10 1.360834975512885528e-07 1.133767563102343497e-05 4.314581511291182411e-04 7.616522627426964252e-03 6.402977925903599599e-02 2.686811650577692889e-01 6.133976157029830123e-01 8.836000670272488033e-01 9.820549134695852889e-01 9.986640471938181829e-01 9.999534979071083018e-01 9.999992571351650206e-01 9.999999946151045815e-01 9.999999999824163988e-01 9.999999999999742428e-01 1.000000000000000000e+00 1.000000000000000000e+00 1.000000000000000000e+00 1.000000000000000000e+00 1.000000000000000000e+00 1.000000000000000000e+00 1.000000000000000000e+00 1.000000000000000000e+00 1.000000000000000000e+00 1.000000000000000000e+00 1.000000000000000000e+00 1.000000000000000000e+00 1.000000000000000000e+00 1.000000000000000000e+00 1.000000000000000000e+00 1.000000000000000000e+00 1.000000000000000000e+00 1.000000000000000000e+00 1.000000000000000000e+00 1.000000000000000000e+00 1.000000000000000000e+00 1.000000000000000000e+00 1.000000000000000000e+00 1.000000000000000000e+00 1.000000000000000000e+00 1.000000000000000000e+00 1.000000000000000000e+00 1.000000000000000000e+00 1.000000000000000000e+00 1.000000000000000000e+00 1.000000000000000000e+00 1.000000000000000000e+00 1.000000000000000000e+00 1.000000000000000000e+00 1.000000000000000000e+00 1.000000000000000000e+00 1.000000000000000000e+00 1.000000000000000000e+00 1.000000000000000000e+00 1.000000000000000000e+00 1.000000000000000000e+00 1.000000000000000000e+00 1.000000000000000000e+00 1.000000000000000000e+00 1.000000000000000000e+00
1.347354132510053540e-296 8.004663859907088388e-284 2.477772130588031391e-271 3.996194606299599685e-259 3.358224202730718940e-247 1.470490125528424186e-235 3.355183990843047147e-224 3.989199505769938620e-213 2.471637585429291386e-202 7.980480372664357999e-192 1.342874299619647463e-181 1.177665856453918417e-171 5.382810667230439158e-162 1.282384079076457400e-152 1.592475744411572997e-143 1.030858833243838118e-134 3.478770321223633176e-126 6.120458249180032142e-118 5.614466526058948197e-110 2.685579257142967887e-102 6.699081857185012065e-95 8.715421452442591054e-88 5.914406017649481598e-81 2.093843461674372360e-74 3.867732188065676200e-68 3.728430320541046646e-62 1.876043371830946449e-56 4.928450570822057006e-51 6.761588730246772210e-46 4.846167569682044961e-41 1.815202858264815125e-36 3.554890841692518369e-32 3.641992427975614438e-28 1.953224648146508108e-24 5.488094804469487777e-21 8.087091457860832512e-18 6.257927025294695605e-15 2.547239530281665833e-12 5.466162551621830133e-10 6.202837434070352953e-08 3.738037589262413688e-06 1.203713059964091770e-04 2.090581855676072309e-03 1.987157358041112196e-02 1.058952905170130049e-01 3.296407976024373632e-01 6.431332155891549274e-01 8.799222312818324454e-01 9.762799478870716197e-01 9.973654238206191014e-01 9.998395726656879035e-01 9.999947255442362959e-01 9.999999072730101357e-01 9.999999991338655025e-01 9.999999999957203123e-01 9.999999999999888978e-01 1.000000000000000000e+00 1.000000000000000000e+00 1.000000000000000000e+00 1.000000000000000000e+00 1.000000000000000000e+00 1.000000000000000000e+00 1.000000000000000000e+00 1.000000000000000000e+00 1.000000000000000000e+00 1.000000000000000000e+00 1.000000000000000000e+00 1.000000000000000000e+00 1.000000000000000000e+00 1.000000000000000000e+00 1.000000000000000000e+00 1.000000000000000000e+00 1.000000000000000000e+00 1.000000000000000000e+00 1.000000000000000000e+00 1.000000000000000000e+00 1.000000000000000000e+00 1.000000000000000000e+00 1.000000000000000000e+00 1.000000000000000000e+00 1.000000000000000000e+00 1.000000000000000000e+00 1.000000000000000000e+00 1.000000000000000000e+00 1.000000000000000000e+00 1.000000000000000000e+00 1.000000000000000000e+00 1.000000000000000000e+00 1.000000000000000000e+00 1.000000000000000000e+00 1.000000000000000000e+00 1.000000000000000000e+00 1.000000000000000000e+00 1.000000000000000000e+00 1.000000000000000000e+00 1.000000000000000000e+00 1.000000000000000000e+00 1.000000000000000000e+00 1.000000000000000000e+00 1.000000000000000000e+00
3.862025705188271650e-300 3.309913670428605221e-287 1.465615717395282971e-274 3.353015746333488911e-262 3.963454814362989383e-250 2.420731720662729957e-238 7.639523956378097817e-227 1.245793970558651256e-215 1.049786293910039689e-204 4.571365373459792733e-194 1.028722498800184486e-183 1.196399299870411952e-173 7.191170933126873437e-164 2.234036982961604863e-154 3.587336676834095500e-145 2.977631629515740336e-136 1.277660412211970255e-127 2.834242778368934434e-119 3.250653112487652029e-111 1.927768187163319562e-103 5.911975321006338784e-96 9.376745359387174842e-89 7.692496638802844974e-82 3.264668269809736972e-75 7.168632650504639476e-69 8.145874181498859830e-63 4.791077712239369116e-57 1.458903971953189287e-51 2.300587354427995839e-46 1.879361496978534196e-41 7.956240456749990120e-37 1.746343220472570386e-32 1.988446149920270456e-28 1.175305477767774386e-24 3.609093832440570110e-21 5.763732249905458843e-18 4.793330411934898362e-15 2.079399482011842339e-12 4.716128621416783562e-10 5.609370848889717876e-08 3.513929092353901809e-06 1.166634918309828730e-04 2.072219074349751760e-03 1.998741870168701737e-02 1.072910374594562427e-01 3.342821155815854928e-01 6.498166072712837638e-01 8.844967408172604850e-01 9.778222087912935567e-01 9.976260610391802786e-01 9.998618721198013759e-01 9.999956974619539363e-01 9.999999289427818905e-01 9.999999993817534349e-01 9.999999999971784792e-01 9.999999999999933387e-01 1.000000000000000000e+00 1.000000000000000000e+00 1.000000000000000000e+00 1.000000000000000000e+00 1.000000000000000000e+00 1.000000000000000000e+00 1.000000000000000000e+00 1.000000000000000000e+00 1.000000000000000000e+00 1.000000000000000000e+00 1.000000000000000000e+00 1.000000000000000000e+00 1.000000000000000000e+00 1.000000000000000000e+00 1.000000000000000000e+00 1.000000000000000000e+00 1.000000000000000000e+00 1.000000000000000000e+00 1.000000000000000000e+00 1.000000000000000000e+00 1.000000000000000000e+00 1.000000000000000000e+00 1.000000000000000000e+00 1.000000000000000000e+00 1.000000000000000000e+00 1.000000000000000000e+00 1.000000000000000000e+00 1.000000000000000000e+00 1.000000000000000000e+00 1.000000000000000000e+00 1.000000000000000000e+00 1.000000000000000000e+00 1.000000000000000000e+00 1.000000000000000000e+00 1.000000000000000000e+00 1.000000000000000000e+00 1.000000000000000000e+00 1.000000000000000000e+00 1.000000000000000000e+00 1.000000000000000000e+00 1.000000000000000000e+00 1.000000000000000000e+00 1.000000000000000000e+00 1.000000000000000000e+00
1.634139278689496053e-296 1.110656742499082884e-283 3.908580160572183037e-271 7.122243179976910791e-259 6.720230083167363802e-247 3.283468220089161723e-235 8.307597803592076173e-224 1.088493122173848372e-212 7.385810783596638262e-202 2.595426856310074699e-191 4.723617514479583478e-181 4.452609601706282060e-171 2.173946070530312179e-161 5.497931088747940713e-152 7.202618021730981997e-143 4.888195356518583996e-134 1.718711380292892217e-125 3.131019125920038333e-117 2.955509884270287807e-109 1.445714424514869395e-101 3.665050816048182535e-94 4.815862550446154083e-87 3.280348983591559650e-80 1.158458024098355693e-73 2.121414984639554112e-67 2.014822435434189335e-61 9.926733655146073061e-56 2.537706324984791174e-50 3.367178399112495303e-45 2.319671072040417758e-40 8.300312733557062549e-36 1.543390415152620570e-31 1.492169847807855490e-27 7.506270730284710279e-24 1.966380681715451374e-20 2.685454300035482456e-17 1.914582971918397604e-14 7.138677239048039488e-12 1.395368880330860546e-09 1.434537397103890246e-07 7.792828138210453339e-06 2.252036014620849627e-04 3.498026773631059821e-03 2.968617762576163457e-02 1.414517235424980757e-01 3.965783476789782602e-01 7.086319141428345514e-01 9.132429252810961851e-01 9.850949577314227490e-01 9.985784458047616274e-01 9.999264209597705788e-01 9.999979615497356367e-01 9.999999700382251611e-01 9.999999997677262442e-01 9.999999999990540900e-01 9.999999999999980016e-01 1.000000000000000000e+00 1.000000000000000000e+00 1.000000000000000000e+00 1.000000000000000000e+00 1.000000000000000000e+00 1.000000000000000000e+00 1.000000000000000000e+00 1.000000000000000000e+00 1.000000000000000000e+00 1.000000000000000000e+00 1.000000000000000000e+00 1.000000000000000000e+00 1.000000000000000000e+00 1.000000000000000000e+00 1.000000000000000000e+00 1.000000000000000000e+00 1.000000000000000000e+00 1.000000000000000000e+00 1.000000000000000000e+00 1.000000000000000000e+00 1.000000000000000000e+00 1.000000000000000000e+00 1.000000000000000000e+00 1.000000000000000000e+00 1.000000000000000000e+00 1.000000000000000000e+00 1.000000000000000000e+00 1.000000000000000000e+00 1.000000000000000000e+00 1.000000000000000000e+00 1.000000000000000000e+00 1.000000000000000000e+00 1.000000000000000000e+00 1.000000000000000000e+00 1.000000000000000000e+00 1.000000000000000000e+00 1.000000000000000000e+00 1.000000000000000000e+00 1.000000000000000000e+00 1.000000000000000000e+00 1.000000000000000000e+00 1.000000000000000000e+00 1.000000000000000000e+00 1.000000000000000000e+00
2.446075443933095886e-193 6.436411551626298759e-185 1.095003837924441713e-176 1.204469674550838850e-168 8.566348960656295016e-161 3.939375833273862997e-153 1.171396291614085409e-145 2.252366529068055674e-138 2.800581440922154796e-131 2.251892381680040514e-124 1.170995085882782998e-117 3.938127634777551931e-111 8.565894891938397511e-105 1.205110333741450088e-98 1.096672680951090134e-92 6.455811521212129060e-87 2.458546766148287269e-81 6.057497726048118059e-76 9.656775118402046572e-71 9.961759874052260553e-66 6.650447421647548306e-61 2.873609408851653879e-56 8.037561458883643547e-52 1.455478110361945863e-47 1.706655180781119962e-43 1.296071724722762445e-39 6.376059900366025076e-36 2.032487631758366010e-32 4.199388609938964481e-29 5.625743069270632153e-26 4.888666990979929689e-23 2.756982249925131370e-20 1.009651152054854000e-17 2.402819035903696215e-15 3.719434798462359472e-13 3.749152444081809236e-11 2.464447732501306206e-09 1.058412496773676467e-07 2.977314038866151493e-06 5.504304516873255226e-05 6.719583955538606683e-04 5.453689350304405555e-03 2.972358232419826038e-02 1.104589304479886985e-01 2.866117234518406609e-01 5.388234370571284293e-01 7.758495163745684486e-01 9.220550377190803726e-01 9.812285988745279575e-01 9.969335725873909038e-01 9.996647585088624943e-01 9.999756889540030169e-01 9.999988376687365399e-01 9.999999635179228630e-01 9.999999992506074520e-01 9.999999999899487069e-01 9.999999999999120703e-01 9.999999999999995559e-01 1.000000000000000000e+00 1.000000000000000000e+00 1.000000000000000000e+00 1.000000000000000000e+00 1.000000000000000000e+00 1.000000000000000000e+00 1.000000000000000000e+00 1.000000000000000000e+00 1.000000000000000000e+00 1.000000000000000000e+00 1.000000000000000000e+00 1.000000000000000000e+00 1.000000000000000000e+00 1.000000000000000000e+00 1.000000000000000000e+00 1.000000000000000000e+00 1.000000000000000000e+00 1.000000000000000000e+00 1.000000000000000000e+00 1.000000000000000000e+00 1.000000000000000000e+00 1.000000000000000000e+00 1.000000000000000000e+00 1.000000000000000000e+00 1.000000000000000000e+00 1.000000000000000000e+00 1.000000000000000000e+00 1.000000000000000000e+00 1.000000000000000000e+00 1.000000000000000000e+00 1.000000000000000000e+00 1.000000000000000000e+00 1.000000000000000000e+00 1.000000000000000000e+00 1.000000000000000000e+00 1.000000000000000000e+00 1.000000000000000000e+00 1.000000000000000000e+00 1.000000000000000000e+00 1.000000000000000000e+00 1.000000000000000000e+00 1.000000000000000000e+00
4.390838439335941359e-166 7.854859786669823782e-159 9.636051588094748118e-152 8.106625961826871960e-145 4.677059553302359156e-138 1.850587645481463904e-131 5.021848259728728461e-125 9.346497173844369680e-119 1.193111041259949710e-112 1.044662784013121350e-106 6.274117206031133765e-101 2.584817603267803543e-95 7.305151218395616904e-90 1.416360344455216631e-84 1.884034915838278714e-79 1.719501853732868071e-74 1.076826016764973665e-69 4.627553938375481581e-65 1.364765425784984996e-60 2.762528746065603624e-56 3.838348447843404333e-52 3.661195401876131611e-48 2.397733875848599327e-44 1.078313138656483491e-40 3.330657434027178361e-37 7.067115783808151844e-34 1.030339742651295160e-30 1.032426152696742488e-27 7.112314353579007412e-25 3.369709684902355300e-22 1.098470689410961887e-19 2.465015775558877620e-17 3.810242710063528220e-15 4.059873963201599522e-13 2.984705929769128504e-11 1.515736999355915252e-09 5.325027158480694631e-08 1.296667133493510094e-06 2.194046524121547317e-05 2.588594541330560398e-04 2.139674573445595092e-03 1.247475838035282288e-02 5.180840837113763475e-02 1.555420890966119352e-01 3.451924275093431471e-01 5.856168239650738627e-01 7.969851962106870857e-01 9.258437502915242145e-01 9.803071657997993738e-01 9.962607675155596976e-01 9.994979375390993237e-01 9.999526892349861473e-01 9.999968875384650513e-01 9.999998575859646577e-01 9.999999954803557856e-01 9.999999999007214146e-01 9.999999999984929833e-01 9.999999999999842348e-01 9.999999999999998890e-01 1.000000000000000000e+00 1.000000000000000000e+00 1.000000000000000000e+00 1.000000000000000000e+00 1.000000000000000000e+00 1.000000000000000000e+00 1.000000000000000000e+00 1.000000000000000000e+00 1.000000000000000000e+00 1.000000000000000000e+00 1.000000000000000000e+00 1.000000000000000000e+00 1.000000000000000000e+00 1.000000000000000000e+00 1.000000000000000000e+00 1.000000000000000000e+00 1.000000000000000000e+00 1.000000000000000000e+00 1.000000000000000000e+00 1.000000000000000000e+00 1.000000000000000000e+00 1.000000000000000000e+00 1.000000000000000000e+00 1.000000000000000000e+00 1.000000000000000000e+00 1.000000000000000000e+00 1.000000000000000000e+00 1.000000000000000000e+00 1.000000000000000000e+00 1.000000000000000000e+00 1.000000000000000000e+00 1.000000000000000000e+00 1.000000000000000000e+00 1.000000000000000000e+00 1.000000000000000000e+00 1.000000000000000000e+00 1.000000000000000000e+00 1.000000000000000000e+00 1.000000000000000000e+00 1.000000000000000000e+00 1.000000000000000000e+00
4.331099925874472199e-130 2.356928548977987354e-124 9.481368593901167698e-119 2.819571298209958178e-113 6.198611393026860218e-108 1.007436642469382950e-102 1.210505531720777709e-97 1.075365974167812844e-92 7.063212049209296082e-88 3.430219613092263098e-83 1.231782670681715605e-78 3.270838746191979650e-74 6.422724456669297856e-70 9.326932991603173987e-66 1.001715634432878025e-61 7.957292560948246659e-58 4.675560807910004136e-54 2.032287918804871090e-50 6.535208179752240969e-47 1.554892182741412403e-43 2.737517860519275580e-40 3.566848286826890086e-37 3.439897351747312687e-34 2.455895625245143130e-31 1.298249132776573190e-28 5.082549398240468254e-26 1.473961742129917887e-23 3.167336732149206746e-21 5.044853228541980854e-19 5.958228234990011452e-17 5.220346988932065611e-15 3.394954312987591825e-13 1.639870668604026998e-11 5.888161483175223398e-10 1.573193360062117644e-08 3.131604187271397885e-07 4.651958356253851346e-06 5.167728091094150113e-05 4.304890888287428007e-04 2.699271183348562943e-03 1.280524237456197659e-02 4.629436281103076894e-02 1.288745806446023323e-01 2.804326067945261958e-01 4.874806342275885274e-01 6.980442260635677520e-01 8.574548142270677076e-01 9.472897458755724642e-01 9.849698399649301495e-01 9.967306189515815484e-01 9.994615688235020112e-01 9.999332215459444395e-01 9.999937869868623652e-01 9.999995676020034807e-01 9.999999775383672240e-01 9.999999991305335012e-01 9.999999999749531465e-01 9.999999999994635402e-01 9.999999999999914513e-01 9.999999999999998890e-01 1.000000000000000000e+00 1.000000000000000000e+00 1.000000000000000000e+00 1.000000000000000000e+00 1.000000000000000000e+00 1.000000000000000000e+00 1.000000000000000000e+00 1.000000000000000000e+00 1.000000000000000000e+00 1.000000000000000000e+00 1.000000000000000000e+00 1.000000000000000000e+00 1.000000000000000000e+00 1.000000000000000000e+00 1.000000000000000000e+00 1.000000000000000000e+00 1.000000000000000000e+00 1.000000000000000000e+00 1.000000000000000000e+00 1.000000000000000000e+00 1.000000000000000000e+00 1.000000000000000000e+00 1.000000000000000000e+00 1.000000000000000000e+00 1.000000000000000000e+00 1.000000000000000000e+00 1.000000000000000000e+00 1.000000000000000000e+00 1.000000000000000000e+00 1.000000000000000000e+00 1.000000000000000000e+00 1.000000000000000000e+00 1.000000000000000000e+00 1.000000000000000000e+00 1.000000000000000000e+00 1.000000000000000000e+00 1.000000000000000000e+00 1.000000000000000000e+00 1.000000000000000000e+00 1.000000000000000000e+00
2.866674590139371503e-100 8.964908766761885347e-96 2.201429818720319808e-91 4.244895833172723058e-87 6.427543907852188086e-83 7.642799166144157907e-79 7.136805168401047410e-75 5.233774654361611728e-71 3.014415192618010944e-67 1.363598520077239632e-63 4.844907757658790626e-60 1.352141010111023523e-56 2.964284598450448347e-53 5.105114466016522562e-50 6.907287724237538315e-47 7.342734064806910802e-44 6.133258490823761505e-41 4.025749696315221506e-38 2.076669862419374439e-35 8.419794965888030186e-33 2.683508144747958653e-30 6.724072938192847348e-28 1.324825534766726564e-25 2.052862068122489960e-23 2.502215890092633078e-21 2.399695241952554147e-19 1.811223499717655094e-17 1.076243015153491586e-15 5.036541536779383483e-14 1.857073145667013970e-12 5.397932793528939939e-11 1.237660129578332900e-09 2.240182837513118802e-08 3.203928535295365156e-07 3.625008177660344276e-06 3.249415009671936637e-05 2.312040306645146194e-04 1.309037443436619980e-03 5.916900551556343243e-03 2.144528048434833981e-02 6.270123586207590471e-02 1.491238472810907933e-01 2.918766256421677641e-01 4.778211398697131407e-01 6.688228434737039096e-01 8.235432347129493236e-01 9.223765965334311812e-01 9.721597853023733471e-01 9.919318122766473955e-01 9.981228705385557509e-01 9.996510362389130488e-01 9.999483442165937319e-01 9.999939274754079399e-01 9.999994342064473241e-01 9.999999582837026946e-01 9.999999975690493370e-01 9.999999998881490271e-01 9.999999999959398034e-01 9.999999999998838707e-01 9.999999999999973355e-01 1.000000000000000000e+00 1.000000000000000000e+00 1.000000000000000000e+00 1.000000000000000000e+00 1.000000000000000000e+00 1.000000000000000000e+00 1.000000000000000000e+00 1.000000000000000000e+00 1.000000000000000000e+00 1.000000000000000000e+00 1.000000000000000000e+00 1.000000000000000000e+00 1.000000000000000000e+00 1.000000000000000000e+00 1.000000000000000000e+00 1.000000000000000000e+00 1.000000000000000000e+00 1.000000000000000000e+00 1.000000000000000000e+00 1.000000000000000000e+00 1.000000000000000000e+00 1.000000000000000000e+00 1.000000000000000000e+00 1.000000000000000000e+00 1.000000000000000000e+00 1.000000000000000000e+00 1.000000000000000000e+00 1.000000000000000000e+00 1.000000000000000000e+00 1.000000000000000000e+00 1.000000000000000000e+00 1.000000000000000000e+00 1.000000000000000000e+00 1.000000000000000000e+00 1.000000000000000000e+00 1.000000000000000000e+00 1.000000000000000000e+00 1.000000000000000000e+00 1.000000000000000000e+00 1.000000000000000000e+00
5.026413164991513836e-81 2.407275115348599058e-77 9.425989830800698609e-74 3.017687267244133004e-70 7.899157458460432261e-67 1.690677864348935134e-63 2.958897542415278168e-60 4.234524170550264866e-57 4.955676969604092321e-54 4.742907493851616728e-51 3.712367385579497465e-48 2.376540127239233635e-45 1.244379141292141177e-42 5.329685467790747851e-40 1.867335799190929389e-37 5.352406795748527767e-35 1.255217872802209898e-32 2.408651773685134451e-30 3.782336463787001507e-28 4.861041912798885236e-26 5.113754002241413523e-24 4.404100283016378264e-22 3.105673874043692617e-20 1.793578930906396653e-18 8.484927569116983317e-17 3.288898843653082391e-15 1.044857657818042765e-13 2.721567558744721885e-12 5.814524155509539584e-11 1.019419437259546462e-09 1.467530378433945263e-08 1.735883768675605986e-07 1.688589585782640905e-06 1.352242010187166411e-05 8.926512426343437441e-05 4.865495326848422739e-04 2.194389417469142737e-03 8.211864277128701206e-03 2.559130772789546676e-02 6.673854280774081660e-02 1.466028551923458101e-01 2.736869369185129797e-01 4.394811618713178603e-01 6.168165187933490889e-01 7.723310426463574352e-01 8.841440613710704888e-01 9.500538444450942199e-01 9.819052168316937390e-01 9.945236809071897888e-01 9.986215612330900937e-01 9.997123893090049673e-01 9.999503818931863020e-01 9.999929361473003375e-01 9.999991714056393199e-01 9.999999200145492928e-01 9.999999936522159238e-01 9.999999995861640345e-01 9.999999999778514947e-01 9.999999999990274446e-01 9.999999999999649170e-01 9.999999999999988898e-01 1.000000000000000000e+00 1.000000000000000000e+00 1.000000000000000000e+00 1.000000000000000000e+00 1.000000000000000000e+00 1.000000000000000000e+00 1.000000000000000000e+00 1.000000000000000000e+00 1.000000000000000000e+00 1.000000000000000000e+00 1.000000000000000000e+00 1.000000000000000000e+00 1.000000000000000000e+00 1.000000000000000000e+00 1.000000000000000000e+00 1.000000000000000000e+00 1.000000000000000000e+00 1.000000000000000000e+00 1.000000000000000000e+00 1.000000000000000000e+00 1.000000000000000000e+00 1.000000000000000000e+00 1.000000000000000000e+00 1.000000000000000000e+00 1.000000000000000000e+00 1.000000000000000000e+00 1.000000000000000000e+00 1.000000000000000000e+00 1.000000000000000000e+00 1.000000000000000000e+00 1.000000000000000000e+00 1.000000000000000000e+00 1.000000000000000000e+00 1.000000000000000000e+00 1.000000000000000000e+00 1.000000000000000000e+00 1.000000000000000000e+00 1.000000000000000000e+00 1.000000000000000000e+00
1.021699645347509218e-69 1.710167308708106589e-66 2.390427189510403763e-63 2.790275783097812692e-60 2.719991630430509145e-57 2.214379673881764188e-54 1.505626233865680843e-51 8.550286874263008312e-49 4.055664375457619457e-46 1.606875480111246303e-43 5.318195815380449490e-41 1.470393041456677289e-38 3.396386522649595829e-36 6.554591042301848579e-34 1.056944712927520799e-31 1.424209901847805508e-29 1.603805505506170560e-27 1.509492311044566584e-25 1.187578960587099029e-23 7.810944324096141661e-22 4.295545679505105829e-20 1.975511921769886533e-18 7.599241172847264941e-17 2.445595667784847153e-15 6.586151203768021451e-14 1.484694663398026808e-12 2.802511975972800700e-11 4.431333497423211746e-10 5.872201733611476863e-09 6.525125483400114817e-08 6.083994603573742334e-07 4.763801587975673496e-06 3.135567622458225771e-05 1.737053047646662941e-04 8.111814152332481875e-04 3.199534116703582967e-03 1.068613196026587699e-02 3.032172367111397177e-02 7.341365977940629561e-02 1.525464521116585148e-01 2.741476966851988384e-01 4.305163216789317238e-01 5.987824167225097582e-01 7.503061210636882139e-01 8.644885491250464682e-01 9.364909052432471848e-01 9.744847478551625919e-01 9.912606398712648925e-01 9.974585803354840685e-01 9.993745072841606625e-01 9.998700234556354705e-01 9.999772393355128575e-01 9.999966462122140687e-01 9.999995846629829988e-01 9.999999568120079285e-01 9.999999962322507763e-01 9.999999997244017891e-01 9.999999999831068465e-01 9.999999999991326938e-01 9.999999999999626965e-01 9.999999999999986677e-01 1.000000000000000000e+00 1.000000000000000000e+00 1.000000000000000000e+00 1.000000000000000000e+00 1.000000000000000000e+00 1.000000000000000000e+00 1.000000000000000000e+00 1.000000000000000000e+00 1.000000000000000000e+00 1.000000000000000000e+00 1.000000000000000000e+00 1.000000000000000000e+00 1.000000000000000000e+00 1.000000000000000000e+00 1.000000000000000000e+00 1.000000000000000000e+00 1.000000000000000000e+00 1.000000000000000000e+00 1.000000000000000000e+00 1.000000000000000000e+00 1.000000000000000000e+00 1.000000000000000000e+00 1.000000000000000000e+00 1.000000000000000000e+00 1.000000000000000000e+00 1.000000000000000000e+00 1.000000000000000000e+00 1.000000000000000000e+00 1.000000000000000000e+00 1.000000000000000000e+00 1.000000000000000000e+00 1.000000000000000000e+00 1.000000000000000000e+00 1.000000000000000000e+00 1.000000000000000000e+00 1.000000000000000000e+00 1.000000000000000000e+00 1.000000000000000000e+00 1.000000000000000000e+00
1.485229493939232592e-63 1.403103757548181538e-60 1.119592911060808528e-57 7.546026660895799398e-55 4.296147231207363177e-52 2.066134402033925906e-49 8.394094407007113113e-47 2.881003138597696056e-44 8.353886553268922089e-42 2.046588589108037302e-39 4.236369826742829886e-37 7.409775081100801473e-35 1.095199178169460782e-32 1.368012693452461839e-30 1.444213551984626683e-28 1.288712705260626350e-26 9.720927344176054390e-25 6.199186120294017997e-23 3.342653355032570860e-21 1.524188670588311977e-19 5.878218871598224429e-18 1.917743787533914695e-16 5.293736849144856325e-15 1.236696709277021547e-13 2.445743665825168048e-12 4.095832559905563389e-11 5.810541152220814540e-10 6.985892180662570376e-09 7.121652004096111133e-08 6.159698503484860978e-07 4.523549132159160778e-06 2.823136366074814981e-05 1.498991604522982807e-04 6.780809803120650984e-04 2.617790408386337815e-03 8.644153447913303576e-03 2.448422894742516287e-02 5.970981944339127934e-02 1.259881738943725016e-01 2.315017377892447936e-01 3.736285529328307042e-01 5.356155305064745908e-01 6.918305610258310701e-01 8.192992546818844701e-01 9.073065546297760520e-01 9.587182441455542881e-01 9.841293670977370178e-01 9.947559286327365413e-01 9.985156373114244532e-01 9.996409972027436863e-01 9.999259583294839437e-01 9.999869985356090174e-01 9.999980586624886980e-01 9.999997537576961193e-01 9.999999734894798875e-01 9.999999975791269424e-01 9.999999998125964629e-01 9.999999999877078327e-01 9.999999999993171018e-01 9.999999999999678035e-01 9.999999999999986677e-01 1.000000000000000000e+00 1.000000000000000000e+00 1.000000000000000000e+00 1.000000000000000000e+00 1.000000000000000000e+00 1.000000000000000000e+00 1.000000000000000000e+00 1.000000000000000000e+00 1.000000000000000000e+00 1.000000000000000000e+00 1.000000000000000000e+00 1.000000000000000000e+00 1.000000000000000000e+00 1.000000000000000000e+00 1.000000000000000000e+00 1.000000000000000000e+00 1.000000000000000000e+00 1.000000000000000000e+00 1.000000000000000000e+00 1.000000000000000000e+00 1.000000000000000000e+00 1.000000000000000000e+00 1.000000000000000000e+00 1.000000000000000000e+00 1.000000000000000000e+00 1.000000000000000000e+00 1.000000000000000000e+00 1.000000000000000000e+00 1.000000000000000000e+00 1.000000000000000000e+00 1.000000000000000000e+00 1.000000000000000000e+00 1.000000000000000000e+00 1.000000000000000000e+00 1.000000000000000000e+00 1.000000000000000000e+00 1.000000000000000000e+00 1.000000000000000000e+00 1.000000000000000000e+00
2.049092083213929549e-66 2.796927048141447634e-63 3.191229836815557135e-60 3.043731615254076120e-57 2.426839772533974310e-54 1.617628176133836742e-51 9.014401217158333803e-49 4.199860724776565756e-46 1.636038969651479243e-43 5.328880285677251095e-41 1.451398862559713744e-38 3.305775853766724432e-36 6.296886255735314796e-34 1.003176111067412029e-31 1.336792347263612484e-29 1.490138664009387958e-27 1.389666143432239109e-25 1.084340552965906636e-23 7.080253908610058520e-22 3.869220439654889048e-20 1.769952311433924682e-18 6.778676103122287993e-17 2.174036667345555165e-15 5.840296190429593057e-14 1.314537617675702622e-12 2.479851700734787559e-11 3.922492819430779297e-10 5.204537523382093800e-09 5.795934878724823834e-08 5.420905718575748668e-07 4.261608734386934513e-06 2.818726875069901206e-05 1.570492117732567882e-04 7.382112431037668367e-04 2.933077341902956114e-03 9.875024508761778841e-03 2.826320616497334307e-02 6.905749935715871368e-02 1.448592207720258707e-01 2.628343200009864988e-01 4.166293830455621849e-01 5.845641932011919062e-01 7.381627710284470734e-01 8.558366107395264377e-01 9.313481567488381963e-01 9.719343527281026907e-01 9.902053502703753729e-01 9.970942393209527577e-01 9.992695444414070316e-01 9.998447902775344787e-01 9.999721771989464880e-01 9.999957987173948570e-01 9.999994662507813992e-01 9.999999430041524029e-01 9.999999948884346068e-01 9.999999996152451054e-01 9.999999999757060998e-01 9.999999999987139176e-01 9.999999999999429345e-01 9.999999999999978906e-01 1.000000000000000000e+00 1.000000000000000000e+00 1.000000000000000000e+00 1.000000000000000000e+00 1.000000000000000000e+00 1.000000000000000000e+00 1.000000000000000000e+00 1.000000000000000000e+00 1.000000000000000000e+00 1.000000000000000000e+00 1.000000000000000000e+00 1.000000000000000000e+00 1.000000000000000000e+00 1.000000000000000000e+00 1.000000000000000000e+00 1.000000000000000000e+00 1.000000000000000000e+00 1.000000000000000000e+00 1.000000000000000000e+00 1.000000000000000000e+00 1.000000000000000000e+00 1.000000000000000000e+00 1.000000000000000000e+00 1.000000000000000000e+00 1.000000000000000000e+00 1.000000000000000000e+00 1.000000000000000000e+00 1.000000000000000000e+00 1.000000000000000000e+00 1.000000000000000000e+00 1.000000000000000000e+00 1.000000000000000000e+00 1.000000000000000000e+00 1.000000000000000000e+00 1.000000000000000000e+00 1.000000000000000000e+00 1.000000000000000000e+00 1.000000000000000000e+00 1.000000000000000000e+00 1.000000000000000000e+00
1.212670580523266759e-65 1.574662465780926057e-62 1.709732637049297171e-59 1.552312972395694746e-56 1.178572014731514163e-53 7.482993352977997989e-51 3.973333542419399242e-48 1.764471685709227314e-45 6.553535729823013423e-43 2.035922257495806138e-40 5.290499194811201925e-38 1.150031951549990309e-35 2.091373331515319378e-33 3.181964886822806873e-31 4.050780291847001163e-29 4.315219645976884211e-27 3.847106118842915598e-25 2.870675017315509557e-23 1.793124167496420641e-21 9.377312503602799436e-20 4.106406640061976263e-18 1.506069746783521700e-16 4.627259993636643426e-15 1.191266646769644700e-13 2.570563387186747592e-12 4.650836136569079744e-11 7.058170610183954904e-10 8.989149902979670098e-09 9.612962697214504169e-08 8.637837639640780391e-07 6.527138209091541976e-06 4.151964421767089447e-05 2.226114835621402000e-04 1.007617547175900874e-03 3.858132174455525341e-03 1.252921334937708714e-02 3.462675583561036080e-02 8.180629003507872143e-02 1.662014181044829397e-01 2.926887316279676021e-01 4.515253955706298727e-01 6.186473375042358391e-01 7.659790303064393235e-01 8.748059273964858829e-01 9.421574476099263684e-01 9.770811131047782983e-01 9.922530232533040007e-01 9.977749708086937064e-01 9.994586387053625565e-01 9.998886804048068289e-01 9.999806893632093852e-01 9.999971781374292767e-01 9.999996530328392197e-01 9.999999641368333414e-01 9.999999968862418598e-01 9.999999997730537604e-01 9.999999999861217681e-01 9.999999999992882360e-01 9.999999999999693578e-01 9.999999999999988898e-01 1.000000000000000000e+00 1.000000000000000000e+00 1.000000000000000000e+00 1.000000000000000000e+00 1.000000000000000000e+00 1.000000000000000000e+00 1.000000000000000000e+00 1.000000000000000000e+00 1.000000000000000000e+00 1.000000000000000000e+00 1.000000000000000000e+00 1.000000000000000000e+00 1.000000000000000000e+00 1.000000000000000000e+00 1.000000000000000000e+00 1.000000000000000000e+00 1.000000000000000000e+00 1.000000000000000000e+00 1.000000000000000000e+00 1.000000000000000000e+00 1.000000000000000000e+00 1.000000000000000000e+00 1.000000000000000000e+00 1.000000000000000000e+00 1.000000000000000000e+00 1.000000000000000000e+00 1.000000000000000000e+00 1.000000000000000000e+00 1.000000000000000000e+00 1.000000000000000000e+00 1.000000000000000000e+00 1.000000000000000000e+00 1.000000000000000000e+00 1.000000000000000000e+00 1.000000000000000000e+00 1.000000000000000000e+00 1.000000000000000000e+00 1.000000000000000000e+00 1.000000000000000000e+00 1.000000000000000000e+00
3.293988114297386671e-66 4.252577013666855858e-63 4.599395913013395558e-60 4.167558397413615563e-57 3.163805756348555574e-54 2.012339605791149304e-51 1.072441321295442251e-48 4.789007747153888444e-46 1.791999403047959490e-43 5.619179827341631966e-41 1.476642104817144756e-38 3.252158006954664312e-36 6.003320880210021518e-34 9.288967491646480003e-32 1.204855940082556913e-29 1.310190057232557724e-27 1.194563160455754719e-25 9.132902970393665276e-24 5.855832899264805063e-22 3.149275908753501201e-20 1.420839840608971899e-18 5.378629187257176602e-17 1.708760072537938657e-15 4.556988616637744514e-14 1.020428685222621700e-12 1.919266213220129703e-11 3.033188426476941904e-10 4.029658088270137752e-09 4.502678994540563225e-08 4.234309833770673502e-07 3.353788715409904033e-06 2.239425459646282482e-05 1.262081693758511217e-04 6.011954946547101025e-04 2.425017928385573077e-03 8.302356756890489839e-03 2.419871911045787596e-02 6.028583773321267297e-02 1.290496247704027155e-01 2.390345320138394236e-01 3.867008513536179803e-01 5.531228641412380131e-01 7.105659043645480288e-01 8.355971105155231005e-01 9.189443061985576033e-01 9.655815733374536469e-01 9.874860714208896217e-01 9.961213637251284947e-01 9.989786039349564106e-01 9.997720586807113952e-01 9.999569772548335678e-01 9.999931429627513246e-01 9.999990782902742348e-01 9.999998956163389519e-01 9.999999900483729220e-01 9.999999992018501205e-01 9.999999999461781641e-01 9.999999999969499953e-01 9.999999999998547828e-01 9.999999999999942268e-01 9.999999999999997780e-01 1.000000000000000000e+00 1.000000000000000000e+00 1.000000000000000000e+00 1.000000000000000000e+00 1.000000000000000000e+00 1.000000000000000000e+00 1.000000000000000000e+00 1.000000000000000000e+00 1.000000000000000000e+00 1.000000000000000000e+00 1.000000000000000000e+00 1.000000000000000000e+00 1.000000000000000000e+00 1.000000000000000000e+00 1.000000000000000000e+00 1.000000000000000000e+00 1.000000000000000000e+00 1.000000000000000000e+00 1.000000000000000000e+00 1.000000000000000000e+00 1.000000000000000000e+00 1.000000000000000000e+00 1.000000000000000000e+00 1.000000000000000000e+00 1.000000000000000000e+00 1.000000000000000000e+00 1.000000000000000000e+00 1.000000000000000000e+00 1.000000000000000000e+00 1.000000000000000000e+00 1.000000000000000000e+00 1.000000000000000000e+00 1.000000000000000000e+00 1.000000000000000000e+00 1.000000000000000000e+00 1.000000000000000000e+00 1.000000000000000000e+00 1.000000000000000000e+00 1.000000000000000000e+00
5.238222172184037837e-74 1.341845477069755027e-70 2.843803261234011777e-67 4.986409787539801837e-64 7.234052889885259179e-61 8.683517790304122115e-58 8.624744576071461619e-55 7.088443343850263202e-52 4.820905774895931927e-49 2.713315360285044821e-46 1.263829082965096368e-43 4.872115004572538324e-41 1.554586382438026131e-38 4.105915591678734911e-36 8.977092697425446900e-34 1.624905381510856773e-31 2.435158225183771107e-29 3.021882732035102959e-27 3.105482711665436656e-25 2.643245549698589450e-23 1.863655378019233120e-21 1.088640408701934436e-19 5.269565132689688556e-18 2.114116020338425177e-16 7.031573653457302946e-15 1.939404432837676886e-13 4.437300679719489154e-12 8.425019073874924035e-11 1.328071906093847773e-09 1.739024116302819936e-08 1.892800422871785319e-07 1.713804131237335307e-06 1.292093229169231366e-05 8.121242754977566120e-05 4.261860371341018392e-04 1.870909607314430760e-03 6.887324535879098264e-03 2.132971944957381266e-02 5.580803239881358679e-02 1.240629754455499223e-01 2.361150271168418746e-01 3.886660619881177059e-01 5.609035681380265537e-01 7.221761458106541465e-01 8.474071680718074928e-01 9.280518419917491713e-01 9.711184917318556042e-01 9.901903524406880930e-01 9.971938098995087874e-01 9.993262481972267075e-01 9.998645907154496415e-01 9.999772662862678185e-01 9.999968167813133579e-01 9.999996287371432091e-01 9.999999639695895670e-01 9.999999970928545867e-01 9.999999998051161132e-01 9.999999999891520108e-01 9.999999999994988453e-01 9.999999999999807931e-01 9.999999999999993339e-01 1.000000000000000000e+00 1.000000000000000000e+00 1.000000000000000000e+00 1.000000000000000000e+00 1.000000000000000000e+00 1.000000000000000000e+00 1.000000000000000000e+00 1.000000000000000000e+00 1.000000000000000000e+00 1.000000000000000000e+00 1.000000000000000000e+00 1.000000000000000000e+00 1.000000000000000000e+00 1.000000000000000000e+00 1.000000000000000000e+00 1.000000000000000000e+00 1.000000000000000000e+00 1.000000000000000000e+00 1.000000000000000000e+00 1.000000000000000000e+00 1.000000000000000000e+00 1.000000000000000000e+00 1.000000000000000000e+00 1.000000000000000000e+00 1.000000000000000000e+00 1.000000000000000000e+00 1.000000000000000000e+00 1.000000000000000000e+00 1.000000000000000000e+00 1.000000000000000000e+00 1.000000000000000000e+00 1.000000000000000000e+00 1.000000000000000000e+00 1.000000000000000000e+00 1.000000000000000000e+00 1.000000000000000000e+00 1.000000000000000000e+00 1.000000000000000000e+00 1.000000000000000000e+00
1.371553475291236870e-68 1.729062465908341416e-65 1.839997638330393719e-62 1.652892948522394172e-59 1.253447707620055080e-56 8.024461736209714818e-54 4.336996567773308041e-51 1.978983812987433399e-48 7.624182629538547934e-46 2.480056884132957216e-43 6.811902405534044762e-41 1.579925630088649263e-38 3.094507175798472838e-36 5.118710275560007862e-34 7.151120848980957277e-32 8.438506755964485227e-30 8.411470550968532665e-28 7.083274121179381964e-26 5.039617115703055582e-24 3.029795544996356426e-22 1.539353955147463657e-20 6.610546434910111244e-19 2.399842194238762242e-17 7.366431901832431118e-16 1.912297072849008381e-14 4.199386481653407695e-13 7.803226261907873507e-12 1.227344616707963620e-10 1.634684684891728333e-09 1.844500156708105835e-08 1.764172833850332307e-07 1.431231967942758444e-06 9.856785369102791667e-06 5.768266044950380334e-05 2.871904322899387018e-04 1.218351416341009958e-03 4.412582329273780080e-03 1.367749593525039407e-02 3.640057645256996460e-02 8.352637420230467347e-02 1.661736004623998175e-01 2.887440039224899446e-01 4.424665648746926583e-01 6.055043495239423867e-01 7.517350705915002429e-01 8.626491688660522517e-01 9.337914506816549221e-01 9.723796034874667704e-01 9.900788521419692234e-01 9.969434825318446158e-01 9.991947409556468651e-01 9.998189952110689838e-01 9.999653495784108781e-01 9.999943588013140428e-01 9.999992198432626767e-01 9.999999084334008081e-01 9.999999908860431885e-01 9.999999992311912056e-01 9.999999999450657207e-01 9.999999999966765474e-01 9.999999999998298028e-01 9.999999999999926725e-01 9.999999999999997780e-01 1.000000000000000000e+00 1.000000000000000000e+00 1.000000000000000000e+00 1.000000000000000000e+00 1.000000000000000000e+00 1.000000000000000000e+00 1.000000000000000000e+00 1.000000000000000000e+00 1.000000000000000000e+00 1.000000000000000000e+00 1.000000000000000000e+00 1.000000000000000000e+00 1.000000000000000000e+00 1.000000000000000000e+00 1.000000000000000000e+00 1.000000000000000000e+00 1.000000000000000000e+00 1.000000000000000000e+00 1.000000000000000000e+00 1.000000000000000000e+00 1.000000000000000000e+00 1.000000000000000000e+00 1.000000000000000000e+00 1.000000000000000000e+00 1.000000000000000000e+00 1.000000000000000000e+00 1.000000000000000000e+00 1.000000000000000000e+00 1.000000000000000000e+00 1.000000000000000000e+00 1.000000000000000000e+00 1.000000000000000000e+00 1.000000000000000000e+00 1.000000000000000000e+00 1.000000000000000000e+00 1.000000000000000000e+00 1.000000000000000000e+00
5.125738253520194616e-78 1.622791497481842620e-74 4.251562376918305361e-71 9.217768546388199678e-68 1.653892270132892839e-64 2.455876626292465132e-61 3.018134520837836511e-58 3.069865546109097106e-55 2.584438158753220755e-52 1.800933763728289507e-49 1.038806244376843666e-46 4.960195734960739245e-44 1.960716544473606469e-41 6.416661611346041635e-39 1.738645243573193349e-36 3.900789132369853954e-34 7.247181287310370466e-32 1.115065194917796446e-29 1.420985365203504097e-27 1.499981675259277659e-25 1.311728534072356513e-23 9.504409337751476750e-22 5.706882561118238029e-20 2.840169553257269262e-18 1.171793720708766306e-16 4.008879141648140988e-15 1.137572162861447489e-13 2.678291030252740755e-12 5.233853984968828132e-11 8.493011351423985670e-10 1.144999769505880771e-08 1.283291480053981589e-07 1.196607003240365081e-06 9.291545246411346215e-06 6.014979749868747279e-05 3.250991013065350726e-04 1.469690534499713645e-03 5.570362653113112780e-03 1.775476152225611073e-02 4.778246473271483691e-02 1.091628924496240438e-01 2.132374133261226434e-01 3.596162796349622326e-01 5.303975040021751131e-01 6.956825058415757601e-01 8.283784182247174721e-01 9.167488588174304009e-01 9.655659590093657041e-01 9.879345273727870858e-01 9.964358661386201188e-01 9.991156343872313883e-01 9.998161895263505405e-01 9.999680671814270561e-01 9.999953708206412717e-01 9.999994407666016327e-01 9.999999437605102681e-01 9.999999952959388594e-01 9.999999996729760365e-01 9.999999999811155504e-01 9.999999999990946131e-01 9.999999999999640288e-01 9.999999999999988898e-01 1.000000000000000000e+00 1.000000000000000000e+00 1.000000000000000000e+00 1.000000000000000000e+00 1.000000000000000000e+00 1.000000000000000000e+00 1.000000000000000000e+00 1.000000000000000000e+00 1.000000000000000000e+00 1.000000000000000000e+00 1.000000000000000000e+00 1.000000000000000000e+00 1.000000000000000000e+00 1.000000000000000000e+00 1.000000000000000000e+00 1.000000000000000000e+00 1.000000000000000000e+00 1.000000000000000000e+00 1.000000000000000000e+00 1.000000000000000000e+00 1.000000000000000000e+00 1.000000000000000000e+00 1.000000000000000000e+00 1.000000000000000000e+00 1.000000000000000000e+00 1.000000000000000000e+00 1.000000000000000000e+00 1.000000000000000000e+00 1.000000000000000000e+00 1.000000000000000000e+00 1.000000000000000000e+00 1.000000000000000000e+00 1.000000000000000000e+00 1.000000000000000000e+00 1.000000000000000000e+00 1.000000000000000000e+00 1.000000000000000000e+00 1.000000000000000000e+00
1.330288456415157112e-86 1.004319043712171908e-82 6.152968491839428416e-79 3.059120287980726280e-75 1.234297674080194396e-71 4.041739730369698557e-68 1.074129131311710804e-64 2.316862067354694230e-61 4.056173352211879372e-58 5.764000849868371801e-55 6.648794811978828419e-52 6.225799858158914061e-49 4.732653336246418352e-46 2.920772967694628782e-43 1.463535608191079473e-40 5.954604156827135043e-38 1.967350036458696499e-35 5.278716288849236763e-33 1.150366110367659244e-30 2.036352855999918324e-28 2.928418121862511223e-26 3.421660042709769474e-24 3.248873836304923545e-22 2.507256773543876166e-20 1.572981085832553770e-18 8.024329432529143063e-17 3.329447290384965887e-15 1.123958633177091979e-13 3.088184430019000766e-12 6.909068040696170312e-11 1.259283106692297274e-09 1.871044771860864108e-08 2.267922441096688979e-07 2.244684065389328512e-06 1.816187939546635646e-05 1.203003381509551911e-04 6.535285961421326284e-04 2.918601797443766670e-03 1.074815728375536419e-02 3.277306231839117318e-02 8.319789394735241372e-02 1.771603299866915671e-01 3.196762659709925236e-01 4.956247494354876770e-01 6.724431706434982337e-01 8.170835440313570786e-01 9.133921247532439391e-01 9.655885284491798615e-01 9.886133713012591473e-01 9.968796037550633482e-01 9.992947434085157621e-01 9.998689451484257251e-01 9.999800246748657973e-01 9.999975073071603049e-01 9.999997456985403321e-01 9.999999788147639901e-01 9.999999985601464303e-01 9.999999999202235923e-01 9.999999999963988806e-01 9.999999999998676614e-01 9.999999999999960032e-01 9.999999999999998890e-01 1.000000000000000000e+00 1.000000000000000000e+00 1.000000000000000000e+00 1.000000000000000000e+00 1.000000000000000000e+00 1.000000000000000000e+00 1.000000000000000000e+00 1.000000000000000000e+00 1.000000000000000000e+00 1.000000000000000000e+00 1.000000000000000000e+00 1.000000000000000000e+00 1.000000000000000000e+00 1.000000000000000000e+00 1.000000000000000000e+00 1.000000000000000000e+00 1.000000000000000000e+00 1.000000000000000000e+00 1.000000000000000000e+00 1.000000000000000000e+00 1.000000000000000000e+00 1.000000000000000000e+00 1.000000000000000000e+00 1.000000000000000000e+00 1.000000000000000000e+00 1.000000000000000000e+00 1.000000000000000000e+00 1.000000000000000000e+00 1.000000000000000000e+00 1.000000000000000000e+00 1.000000000000000000e+00 1.000000000000000000e+00 1.000000000000000000e+00 1.000000000000000000e+00 1.000000000000000000e+00 1.000000000000000000e+00 1.000000000000000000e+00 1.000000000000000000e+00
