4.491994632911606059e-283 1.200199165618406555e-271 1.857505771456001880e-260 1.665244525071356460e-249 8.647799741118184805e-239 2.601491245044517127e-228 4.533548475343043033e-218 4.576822110500194499e-208 2.676770733658193597e-198 9.069681656414599676e-189 1.780409609016373602e-179 2.024926019353474598e-170 1.334366753508275086e-161 5.094890239864105489e-153 1.127213502443451128e-144 1.445136946321071651e-136 1.073655137577103741e-128 4.622714593473356392e-121 1.153537063512890541e-113 1.668385760370353408e-106 1.398694806486751713e-99 6.797440253117846542e-93 1.915146069728090008e-86 3.128490858842917099e-80 2.963409958651782496e-74 1.627891967380321370e-68 5.186761679569705549e-63 9.586755610756724025e-58 1.028084483591598960e-52 6.398173612271095021e-48 2.311292800701435506e-43 4.847786739163745609e-39 5.905535671774024594e-35 4.179885894485346101e-31 1.719695154818510740e-27 4.114826305281562651e-24 5.729872316773990506e-21 4.647038536018575886e-18 2.197225935362406202e-15 6.064340897721241915e-13 9.785955825107307347e-11 9.252414329499865051e-09 5.140204203423815513e-07 1.684601550780042472e-05 3.275350797076873911e-04 3.809654554763033680e-03 2.684959504377255543e-02 1.170191537548773975e-01 3.260719134623873972e-01 6.134983397135481686e-01 8.479505828810647294e-01 9.613790105655244389e-01 9.938973520174998466e-01 9.994135447529355343e-01 9.999662061513476807e-01 9.999988429305668447e-01 9.999999766042692029e-01 9.999999997218258496e-01 9.999999999980611065e-01 9.999999999999921174e-01 1.000000000000000000e+00 1.000000000000000000e+00 1.000000000000000000e+00 1.000000000000000000e+00 1.000000000000000000e+00 1.000000000000000000e+00 1.000000000000000000e+00 1.000000000000000000e+00 1.000000000000000000e+00 1.000000000000000000e+00 1.000000000000000000e+00 1.000000000000000000e+00 1.000000000000000000e+00 1.000000000000000000e+00 1.000000000000000000e+00 1.000000000000000000e+00 1.000000000000000000e+00 1.000000000000000000e+00 1.000000000000000000e+00 1.000000000000000000e+00 1.000000000000000000e+00 1.000000000000000000e+00 1.000000000000000000e+00 1.000000000000000000e+00 1.000000000000000000e+00 1.000000000000000000e+00 1.000000000000000000e+00 1.000000000000000000e+00 1.000000000000000000e+00 1.000000000000000000e+00 1.000000000000000000e+00 1.000000000000000000e+00 1.000000000000000000e+00 1.000000000000000000e+00 1.000000000000000000e+00 1.000000000000000000e+00 1.000000000000000000e+00 1.000000000000000000e+00 1.000000000000000000e+00 1.000000000000000000e+00
2.272800702055811252e-280 4.927736660355805373e-269 6.209737480141624353e-258 4.548276710414350772e-247 1.936320430986057838e-236 4.791524442145706763e-226 6.892017792755140833e-216 5.762435257138426748e-206 2.800685106422937358e-196 7.912860059802745390e-187 1.299651888452162359e-177 1.240964537449917290e-168 6.888839185792705369e-160 2.223329995817006680e-151 4.172067238954027487e-143 4.552060669786149918e-135 2.887990883856578966e-127 1.065462805953987879e-119 2.285921910240089559e-112 2.852289356652262975e-105 2.069980413710892371e-98 8.738039930788826189e-92 2.145731598591687823e-85 3.065442299156062771e-79 2.548091907274065812e-73 1.232522557573726397e-67 3.469708414858523277e-62 5.685620695035629834e-57 5.424098419706556867e-52 3.013223147380448439e-47 9.749715695765868050e-43 1.837929536091976680e-38 2.019209875534938460e-34 1.293344065264767286e-30 4.831945803771826483e-27 1.053513296647072900e-23 1.341383380946545060e-20 9.981853573396753758e-18 4.345622206181740651e-15 1.108228444008928458e-12 1.658281785842553274e-10 1.459088352298452921e-08 7.571311812522657347e-07 2.326436626458766214e-05 4.257610072845802521e-04 4.680944240187465653e-03 3.132859954032175820e-02 1.303614247520547831e-01 3.490996827765964206e-01 6.365228039843936481e-01 8.612852142671625355e-01 9.658516141782348408e-01 9.947660258713256765e-01 9.995112218841484264e-01 9.999725636194094491e-01 9.999990823926498962e-01 9.999999818227660597e-01 9.999999997876054536e-01 9.999999999985405008e-01 9.999999999999941158e-01 1.000000000000000000e+00 1.000000000000000000e+00 1.000000000000000000e+00 1.000000000000000000e+00 1.000000000000000000e+00 1.000000000000000000e+00 1.000000000000000000e+00 1.000000000000000000e+00 1.000000000000000000e+00 1.000000000000000000e+00 1.000000000000000000e+00 1.000000000000000000e+00 1.000000000000000000e+00 1.000000000000000000e+00 1.000000000000000000e+00 1.000000000000000000e+00 1.000000000000000000e+00 1.000000000000000000e+00 1.000000000000000000e+00 1.000000000000000000e+00 1.000000000000000000e+00 1.000000000000000000e+00 1.000000000000000000e+00 1.000000000000000000e+00 1.000000000000000000e+00 1.000000000000000000e+00 1.000000000000000000e+00 1.000000000000000000e+00 1.000000000000000000e+00 1.000000000000000000e+00 1.000000000000000000e+00 1.000000000000000000e+00 1.000000000000000000e+00 1.000000000000000000e+00 1.000000000000000000e+00 1.000000000000000000e+00 1.000000000000000000e+00 1.000000000000000000e+00 1.000000000000000000e+00 1.000000000000000000e+00
7.963980734161093508e-277 1.307401909968293060e-265 1.253258223605486301e-254 7.015083963173685261e-244 2.292951810374567061e-233 4.376593476627127301e-223 4.878281508166138329e-213 3.175394860595814732e-203 1.207092349503867492e-193 2.679832542658094844e-184 3.474663005524270733e-175 2.631298566950708628e-166 1.163846413502672422e-157 3.006812293502251566e-149 4.537540384451868192e-141 3.999984262460597714e-133 2.059878056208377511e-125 6.197179436862113275e-118 1.089286520318197087e-110 1.118702055643576466e-103 6.713402343296097698e-97 2.354300411067762617e-90 4.825150959981783625e-84 5.780069037107643165e-78 4.047404463097581299e-72 1.656898630635928776e-66 3.965995744027831288e-61 5.551558116425244012e-56 4.545303645240435015e-51 2.177142276265174382e-46 6.102264074243277159e-42 1.001144169439970323e-37 9.617127822752638380e-34 5.411334712274158500e-30 1.784319046661625797e-26 3.449759338376156511e-23 3.913307163254075078e-20 2.606728902627998348e-17 1.020684916998050009e-14 2.352334262159503673e-12 3.196331714838723927e-10 2.566370589890530382e-08 1.221272900896788948e-06 3.459034778455472817e-05 5.866259665537540413e-04 6.010581958259619308e-03 3.772323059346468360e-02 1.482522176491936905e-01 3.782131694115034581e-01 6.640729656287718274e-01 8.764427743446904229e-01 9.706990656101843751e-01 9.956669179705061046e-01 9.996084951938575269e-01 9.999786639096850394e-01 9.999993045200421538e-01 9.999999865172508606e-01 9.999999998451656325e-01 9.999999999989497290e-01 9.999999999999957812e-01 1.000000000000000000e+00 1.000000000000000000e+00 1.000000000000000000e+00 1.000000000000000000e+00 1.000000000000000000e+00 1.000000000000000000e+00 1.000000000000000000e+00 1.000000000000000000e+00 1.000000000000000000e+00 1.000000000000000000e+00 1.000000000000000000e+00 1.000000000000000000e+00 1.000000000000000000e+00 1.000000000000000000e+00 1.000000000000000000e+00 1.000000000000000000e+00 1.000000000000000000e+00 1.000000000000000000e+00 1.000000000000000000e+00 1.000000000000000000e+00 1.000000000000000000e+00 1.000000000000000000e+00 1.000000000000000000e+00 1.000000000000000000e+00 1.000000000000000000e+00 1.000000000000000000e+00 1.000000000000000000e+00 1.000000000000000000e+00 1.000000000000000000e+00 1.000000000000000000e+00 1.000000000000000000e+00 1.000000000000000000e+00 1.000000000000000000e+00 1.000000000000000000e+00 1.000000000000000000e+00 1.000000000000000000e+00 1.000000000000000000e+00 1.000000000000000000e+00 1.000000000000000000e+00 1.000000000000000000e+00
3.835231760238036195e-272 4.335778906784892279e-261 2.880399570095995425e-250 1.124493210302888935e-239 2.579813931052067554e-229 3.478219134470613355e-219 2.755958895277479962e-209 1.283354770462816182e-199 3.512292507185979111e-190 5.649593688987622680e-181 5.341213603749950398e-172 2.968065933056808007e-163 9.694688632432926521e-155 1.861393020866266024e-146 2.100897321448900380e-138 1.393973036179320392e-130 5.437619557064409745e-123 1.247074277681779022e-115 1.681633527550336080e-108 1.333383351904695595e-101 6.217208296316622368e-95 1.704857214850989182e-88 2.749616939107774729e-82 2.608505991053564689e-76 1.455780871284984812e-70 4.780131126800655473e-65 9.236031737104318615e-60 1.050275710207846583e-54 7.030300387380714672e-50 2.770698237281937859e-45 6.430661706284686880e-41 8.792182402090327948e-37 7.083646558079371267e-33 3.364394515003947646e-29 9.424322239599670535e-26 1.557870240551484394e-22 1.520717000515683879e-19 8.773422600234571102e-17 2.994698915569336266e-14 6.055999086512478748e-12 7.268171452549532759e-10 5.188896621061787044e-08 2.210532914622731441e-06 5.644041861994702428e-05 8.691373551274464079e-04 8.148284226781486381e-03 4.718717211906319625e-02 1.727593883439521028e-01 4.153230602681945993e-01 6.969229917618769976e-01 8.934369036472991077e-01 9.758352217521387706e-01 9.965734875798994974e-01 9.997019109902751666e-01 9.999842809652420561e-01 9.999995015143418042e-01 9.999999905445002835e-01 9.999999998931259348e-01 9.999999999992821298e-01 9.999999999999971134e-01 1.000000000000000000e+00 1.000000000000000000e+00 1.000000000000000000e+00 1.000000000000000000e+00 1.000000000000000000e+00 1.000000000000000000e+00 1.000000000000000000e+00 1.000000000000000000e+00 1.000000000000000000e+00 1.000000000000000000e+00 1.000000000000000000e+00 1.000000000000000000e+00 1.000000000000000000e+00 1.000000000000000000e+00 1.000000000000000000e+00 1.000000000000000000e+00 1.000000000000000000e+00 1.000000000000000000e+00 1.000000000000000000e+00 1.000000000000000000e+00 1.000000000000000000e+00 1.000000000000000000e+00 1.000000000000000000e+00 1.000000000000000000e+00 1.000000000000000000e+00 1.000000000000000000e+00 1.000000000000000000e+00 1.000000000000000000e+00 1.000000000000000000e+00 1.000000000000000000e+00 1.000000000000000000e+00 1.000000000000000000e+00 1.000000000000000000e+00 1.000000000000000000e+00 1.000000000000000000e+00 1.000000000000000000e+00 1.000000000000000000e+00 1.000000000000000000e+00 1.000000000000000000e+00 1.000000000000000000e+00
7.679246569321705465e-266 5.208782343816973491e-255 2.094751322304968770e-244 4.994774485315848668e-234 7.061476097532180817e-224 5.919444684766453190e-214 2.942270827685837635e-204 8.671847101188185972e-195 1.515583110698741935e-185 1.570723946710274842e-176 9.653520054937690152e-168 3.518456011524372849e-159 7.605279693904119634e-151 9.749723331424010816e-143 7.413141912087874805e-135 3.343226530016277393e-127 8.943451887527466130e-120 1.419204349067567219e-112 1.336016900759193164e-105 7.461665588014936112e-99 2.472572388425005158e-92 4.861695147356135520e-86 5.672727976804151909e-80 3.928315548337242870e-74 1.614659325870970528e-68 3.939777767733586742e-63 5.707451391445672841e-58 4.909805986954716806e-53 2.508534770570346087e-48 7.613840720275986256e-44 1.373169334043511130e-39 1.471999184212835524e-35 9.382152582082736820e-32 3.557002234380816869e-28 8.025306679829279517e-25 1.078169707076937906e-21 8.631139654326786191e-19 4.120830437726454620e-16 1.174663702011006003e-13 2.001991945963142556e-11 2.043717733976395417e-09 1.252674405983533257e-07 4.625321940705851154e-06 1.033549314796302450e-04 1.407002835047772328e-03 1.178574050348243744e-02 6.169146559193518925e-02 2.068460147559598727e-01 4.625151821759825865e-01 7.353959614161618141e-01 9.118970699004054214e-01 9.810458299053366193e-01 9.974382048568235515e-01 9.997862301374450533e-01 9.999891086780905436e-01 9.999996636826746776e-01 9.999999937373317271e-01 9.999999999299259423e-01 9.999999999995301536e-01 9.999999999999981126e-01 1.000000000000000000e+00 1.000000000000000000e+00 1.000000000000000000e+00 1.000000000000000000e+00 1.000000000000000000e+00 1.000000000000000000e+00 1.000000000000000000e+00 1.000000000000000000e+00 1.000000000000000000e+00 1.000000000000000000e+00 1.000000000000000000e+00 1.000000000000000000e+00 1.000000000000000000e+00 1.000000000000000000e+00 1.000000000000000000e+00 1.000000000000000000e+00 1.000000000000000000e+00 1.000000000000000000e+00 1.000000000000000000e+00 1.000000000000000000e+00 1.000000000000000000e+00 1.000000000000000000e+00 1.000000000000000000e+00 1.000000000000000000e+00 1.000000000000000000e+00 1.000000000000000000e+00 1.000000000000000000e+00 1.000000000000000000e+00 1.000000000000000000e+00 1.000000000000000000e+00 1.000000000000000000e+00 1.000000000000000000e+00 1.000000000000000000e+00 1.000000000000000000e+00 1.000000000000000000e+00 1.000000000000000000e+00 1.000000000000000000e+00 1.000000000000000000e+00 1.000000000000000000e+00 1.000000000000000000e+00
1.254850309178543191e-257 4.318949718142645642e-247 8.920923619976255261e-237 1.105848237862920795e-226 8.227055752007179073e-217 3.673384120445956849e-207 9.844002638780522509e-198 1.583331324323721824e-188 1.528546480229829607e-179 8.857378926261302493e-171 3.080814136248225184e-162 6.432422280228189178e-154 8.062109209967387839e-146 6.066043992606225268e-138 2.740087137009335281e-130 7.430978792386533557e-123 1.209966357703460849e-115 1.182962926311405875e-108 6.944914438610391325e-102 2.448446931172804990e-95 5.184128357741751939e-89 6.592632110733589609e-83 5.035943661949341372e-77 2.310933294801241511e-71 6.371321926513621034e-66 1.055515760984178525e-60 1.050891407942028533e-55 6.289015032018289566e-51 2.262680828275723752e-46 4.895269082998438548e-42 6.370218208622226612e-38 4.987544585810139392e-34 2.350319601827253579e-30 6.668923415078009937e-27 1.139959918330613007e-23 1.174599585486362963e-20 7.300893250693274706e-18 2.739957304948574303e-15 6.215711586238079314e-13 8.535984213665374207e-11 7.109873228733830595e-09 3.600987867419522553e-07 1.112870641124823690e-05 2.108903638208362052e-04 2.467994386788205027e-03 1.802793117193975114e-02 8.357616113931878865e-02 2.525371294192838012e-01 5.192844632533585303e-01 7.773406738841444064e-01 9.303131900843218949e-01 9.858467619918791502e-01 9.981806617434425544e-01 9.998542744716807373e-01 9.999927998525630635e-01 9.999997820273656135e-01 9.999999959756935564e-01 9.999999999548392360e-01 9.999999999996926903e-01 9.999999999999986677e-01 1.000000000000000000e+00 1.000000000000000000e+00 1.000000000000000000e+00 1.000000000000000000e+00 1.000000000000000000e+00 1.000000000000000000e+00 1.000000000000000000e+00 1.000000000000000000e+00 1.000000000000000000e+00 1.000000000000000000e+00 1.000000000000000000e+00 1.000000000000000000e+00 1.000000000000000000e+00 1.000000000000000000e+00 1.000000000000000000e+00 1.000000000000000000e+00 1.000000000000000000e+00 1.000000000000000000e+00 1.000000000000000000e+00 1.000000000000000000e+00 1.000000000000000000e+00 1.000000000000000000e+00 1.000000000000000000e+00 1.000000000000000000e+00 1.000000000000000000e+00 1.000000000000000000e+00 1.000000000000000000e+00 1.000000000000000000e+00 1.000000000000000000e+00 1.000000000000000000e+00 1.000000000000000000e+00 1.000000000000000000e+00 1.000000000000000000e+00 1.000000000000000000e+00 1.000000000000000000e+00 1.000000000000000000e+00 1.000000000000000000e+00 1.000000000000000000e+00 1.000000000000000000e+00 1.000000000000000000e+00
3.324741127289133436e-247 4.763500121786341570e-237 4.161976647302117774e-227 2.217618970602531253e-217 7.206051342171209932e-208 1.428041591008341917e-198 1.725949509724125947e-189 1.272244138672805019e-180 5.719791927282169420e-172 1.568449679638143128e-163 2.623347058065299208e-155 2.676400220715628160e-147 1.665609218512203568e-139 6.323243825962057590e-132 1.464438227634610019e-124 2.069130140657128809e-117 1.783665617597735196e-110 9.381524651815540263e-104 3.010895701232867064e-97 5.896727805204463918e-91 7.047799240777190002e-85 5.141155145560951886e-79 2.289151454313356776e-73 6.222168121106380989e-68 1.032558752814338510e-62 1.046291362740817532e-57 6.474736685563184278e-53 2.447367031524527964e-48 5.651587195299461511e-44 7.975096710081877377e-40 6.878778569569536249e-36 3.627700639807474449e-32 1.170185999779327519e-28 2.309775767563331407e-25 2.791267924583868229e-22 2.066440023070507438e-19 9.379246585742424936e-17 2.612475496928906341e-14 4.470945653771990406e-12 4.708489835043522036e-10 3.057586631467095875e-08 1.227632644723154747e-06 3.058916057063168248e-05 4.755115774696337108e-04 4.647106552330351401e-03 2.888444777656704390e-02 1.162669569519367979e-01 3.119726871653462630e-01 5.844629187148514537e-01 8.204063228616835790e-01 9.474381039098174195e-01 9.899398194865109968e-01 9.987678313521664020e-01 9.999047441561939031e-01 9.999953935521491699e-01 9.999998614989578094e-01 9.999999974218614085e-01 9.999999999703792497e-01 9.999999999997903899e-01 9.999999999999991118e-01 1.000000000000000000e+00 1.000000000000000000e+00 1.000000000000000000e+00 1.000000000000000000e+00 1.000000000000000000e+00 1.000000000000000000e+00 1.000000000000000000e+00 1.000000000000000000e+00 1.000000000000000000e+00 1.000000000000000000e+00 1.000000000000000000e+00 1.000000000000000000e+00 1.000000000000000000e+00 1.000000000000000000e+00 1.000000000000000000e+00 1.000000000000000000e+00 1.000000000000000000e+00 1.000000000000000000e+00 1.000000000000000000e+00 1.000000000000000000e+00 1.000000000000000000e+00 1.000000000000000000e+00 1.000000000000000000e+00 1.000000000000000000e+00 1.000000000000000000e+00 1.000000000000000000e+00 1.000000000000000000e+00 1.000000000000000000e+00 1.000000000000000000e+00 1.000000000000000000e+00 1.000000000000000000e+00 1.000000000000000000e+00 1.000000000000000000e+00 1.000000000000000000e+00 1.000000000000000000e+00 1.000000000000000000e+00 1.000000000000000000e+00 1.000000000000000000e+00 1.000000000000000000e+00 1.000000000000000000e+00
8.629741554772761383e-235 4.252680063273043808e-225 1.303903071727174111e-215 2.487450452087335480e-206 2.952565625212615820e-197 2.180674184108954683e-188 1.002164320428656790e-179 2.865864401027960323e-171 5.099802581639184402e-163 5.647360956431433542e-155 3.891765520234734808e-147 1.669061597750356980e-139 4.454916585318434795e-132 7.400595542359379650e-125 7.651976267911379869e-118 4.924727145594729792e-111 1.972950197733469728e-104 4.920412422880471007e-98 7.639535145205069762e-92 7.384888176657507245e-86 4.444954459431304096e-80 1.666002875178902397e-74 3.888769665129850464e-69 5.653596233434114707e-64 5.119969437643758281e-59 2.888688592341415992e-54 1.015532164426865931e-49 2.224972199634080190e-45 3.038667281639676183e-41 2.587454420114742811e-37 1.374083489579790333e-33 4.552442072794984443e-30 9.413076323374852447e-27 1.215263954773053920e-23 9.801597144414755440e-21 4.941921639193020071e-18 1.558900948629428897e-15 3.079654401048041597e-13 3.815042520355608691e-11 2.968404785767802198e-09 1.453815410974552702e-07 4.494858626315251682e-06 8.808029103784789833e-05 1.100172274506566522e-03 8.832238547440545220e-03 4.615011054078246161e-02 1.600635606099945207e-01 3.801806046529637162e-01 6.495788528423975805e-01 8.584483053095877114e-01 9.610129815774272055e-01 9.928919151050645819e-01 9.991579802585321968e-01 9.999359634300432065e-01 9.999968981431771597e-01 9.999999048210568287e-01 9.999999981570421026e-01 9.999999999775440740e-01 9.999999999998281375e-01 9.999999999999991118e-01 1.000000000000000000e+00 1.000000000000000000e+00 1.000000000000000000e+00 1.000000000000000000e+00 1.000000000000000000e+00 1.000000000000000000e+00 1.000000000000000000e+00 1.000000000000000000e+00 1.000000000000000000e+00 1.000000000000000000e+00 1.000000000000000000e+00 1.000000000000000000e+00 1.000000000000000000e+00 1.000000000000000000e+00 1.000000000000000000e+00 1.000000000000000000e+00 1.000000000000000000e+00 1.000000000000000000e+00 1.000000000000000000e+00 1.000000000000000000e+00 1.000000000000000000e+00 1.000000000000000000e+00 1.000000000000000000e+00 1.000000000000000000e+00 1.000000000000000000e+00 1.000000000000000000e+00 1.000000000000000000e+00 1.000000000000000000e+00 1.000000000000000000e+00 1.000000000000000000e+00 1.000000000000000000e+00 1.000000000000000000e+00 1.000000000000000000e+00 1.000000000000000000e+00 1.000000000000000000e+00 1.000000000000000000e+00 1.000000000000000000e+00 1.000000000000000000e+00 1.000000000000000000e+00 1.000000000000000000e+00
3.285411477198675826e-220 4.500372111832358719e-211 3.931374777762988973e-202 2.190215487732457962e-193 7.781892781900292055e-185 1.763396324084001034e-176 2.548542832511098763e-168 2.349216768595334679e-160 1.381198549158675215e-152 5.179701035267602270e-145 1.239035081440869970e-137 1.890639840717264447e-130 1.840337984587863978e-123 1.142796026725961240e-116 4.527334809538511714e-110 1.144304279433932137e-103 1.845396877720214671e-97 1.898952329856524198e-91 1.246934623657481417e-85 5.225296906372078328e-80 1.397499577607325005e-74 2.385643317632068178e-69 2.599660696314131670e-64 1.808567019299181496e-59 8.033686351199999388e-55 2.278873062530335481e-50 4.128777266757089166e-46 4.778590695173518149e-42 3.533850206689372603e-38 1.670219334190653509e-34 5.046617658689151622e-31 9.751568874260968178e-28 1.205501281001444114e-24 9.538600748825607504e-22 4.833611590613431174e-19 1.569742875434933104e-16 3.269821840865383031e-14 4.373404320547894221e-12 3.760975907049981168e-10 2.083163777499065529e-08 7.448794365402179227e-07 1.724783652736764226e-05 2.597368221173570416e-04 2.559402583749090850e-03 1.665144012297296860e-02 7.250786116966989603e-02 2.158409599417915881e-01 4.541160233674217395e-01 7.108190746407228033e-01 8.900562078995681858e-01 9.711437286315056649e-01 9.948992441634854078e-01 9.994022906751665047e-01 9.999540462184191014e-01 9.999976979873145266e-01 9.999999252258979787e-01 9.999999984305383283e-01 9.999999999787674287e-01 9.999999999998152589e-01 9.999999999999988898e-01 1.000000000000000000e+00 1.000000000000000000e+00 1.000000000000000000e+00 1.000000000000000000e+00 1.000000000000000000e+00 1.000000000000000000e+00 1.000000000000000000e+00 1.000000000000000000e+00 1.000000000000000000e+00 1.000000000000000000e+00 1.000000000000000000e+00 1.000000000000000000e+00 1.000000000000000000e+00 1.000000000000000000e+00 1.000000000000000000e+00 1.000000000000000000e+00 1.000000000000000000e+00 1.000000000000000000e+00 1.000000000000000000e+00 1.000000000000000000e+00 1.000000000000000000e+00 1.000000000000000000e+00 1.000000000000000000e+00 1.000000000000000000e+00 1.000000000000000000e+00 1.000000000000000000e+00 1.000000000000000000e+00 1.000000000000000000e+00 1.000000000000000000e+00 1.000000000000000000e+00 1.000000000000000000e+00 1.000000000000000000e+00 1.000000000000000000e+00 1.000000000000000000e+00 1.000000000000000000e+00 1.000000000000000000e+00 1.000000000000000000e+00 1.000000000000000000e+00 1.000000000000000000e+00 1.000000000000000000e+00
1.092558005568017417e-203 3.419410591457858575e-195 7.026028443576837992e-187 9.478282055685389532e-179 8.394990837759556150e-171 4.881937157016383649e-163 1.864046498798749649e-155 4.673324760984184635e-148 7.693302686462137608e-141 8.316321858304773152e-134 5.903321727628593903e-127 2.751849130092291540e-120 8.424293015014447019e-114 1.693722188298708187e-107 2.236514139898013892e-101 1.939745132848918409e-95 1.105060811403283264e-89 4.135457084271065849e-84 1.016685846044896044e-78 1.642136116759721988e-73 1.742719120564838505e-68 1.215296746404264634e-63 5.569542171491546163e-59 1.677605532554047273e-54 3.321625777390743641e-50 4.323811852380900521e-46 3.700936158593964732e-42 2.083382426075117171e-38 7.714988693983625805e-35 1.879843745848117376e-31 3.014795301702707695e-28 3.183430047872786179e-25 2.214183721688602828e-22 1.014908781520668279e-19 3.067563605468805773e-17 6.118264150806490554e-15 8.059718371409650404e-13 7.020301973502751447e-11 4.049080667090021750e-09 1.549266515877566910e-07 3.942114303605082881e-06 6.692779691797321243e-05 7.616564513239932471e-04 5.848499264494481063e-03 3.059591973746871377e-02 1.106539966258533875e-01 2.829811265513867413e-01 5.299089807118962936e-01 7.654948594312649401e-01 9.151455228648432971e-01 9.784215775485832767e-01 9.962213992419928221e-01 9.995503758707990904e-01 9.999639635024101247e-01 9.999980663174617979e-01 9.999999308285070221e-01 9.999999983555221128e-01 9.999999999740765144e-01 9.999999999997295497e-01 9.999999999999981126e-01 1.000000000000000000e+00 1.000000000000000000e+00 1.000000000000000000e+00 1.000000000000000000e+00 1.000000000000000000e+00 1.000000000000000000e+00 1.000000000000000000e+00 1.000000000000000000e+00 1.000000000000000000e+00 1.000000000000000000e+00 1.000000000000000000e+00 1.000000000000000000e+00 1.000000000000000000e+00 1.000000000000000000e+00 1.000000000000000000e+00 1.000000000000000000e+00 1.000000000000000000e+00 1.000000000000000000e+00 1.000000000000000000e+00 1.000000000000000000e+00 1.000000000000000000e+00 1.000000000000000000e+00 1.000000000000000000e+00 1.000000000000000000e+00 1.000000000000000000e+00 1.000000000000000000e+00 1.000000000000000000e+00 1.000000000000000000e+00 1.000000000000000000e+00 1.000000000000000000e+00 1.000000000000000000e+00 1.000000000000000000e+00 1.000000000000000000e+00 1.000000000000000000e+00 1.000000000000000000e+00 1.000000000000000000e+00 1.000000000000000000e+00 1.000000000000000000e+00 1.000000000000000000e+00 1.000000000000000000e+00
6.590185682691998002e-185 3.761227716675780703e-177 1.458093472734012289e-169 3.839496018639244479e-162 6.867619044876390365e-155 8.344340098758089449e-148 6.887206472362932242e-141 3.861640532313916007e-134 1.470928236839435035e-127 3.806416622673435332e-121 6.692090261622728674e-115 7.993640148695053755e-109 6.487581720958828316e-103 3.577636492077460398e-97 1.340621367417155155e-91 3.413783845529124702e-86 5.907605342023971919e-81 6.948013035246054394e-76 5.554109378559196393e-71 3.017915502688590653e-66 1.114747360925185290e-61 2.799398245817410642e-57 4.779899863648902443e-53 5.549980925439559626e-49 4.382703440088260446e-45 2.354169191191081828e-41 8.603090953423942882e-38 2.139339832747512828e-34 3.620876258376218048e-31 4.172268194350473738e-28 3.274089610031438590e-25 1.750360489654686897e-22 6.377803644716235069e-20 1.584697756800074364e-17 2.686737478499893435e-15 3.110568941554640681e-13 2.461510930987924637e-11 1.332993672680315176e-09 4.947422336491123524e-08 1.260993581577139647e-06 2.212935721228478057e-05 2.683444976859008504e-04 2.259620178802379531e-03 1.330668421001935699e-02 5.537380105193445701e-02 1.653906334729252914e-01 3.630789261477058161e-01 6.072118494522572574e-01 8.144353200972418438e-01 9.353237691861794323e-01 9.837805777728623191e-01 9.971210699113010056e-01 9.996422393177690768e-01 9.999691041548838255e-01 9.999981553780148413e-01 9.999999241413088935e-01 9.999999978570506265e-01 9.999999999585009736e-01 9.999999999994499955e-01 9.999999999999950040e-01 1.000000000000000000e+00 1.000000000000000000e+00 1.000000000000000000e+00 1.000000000000000000e+00 1.000000000000000000e+00 1.000000000000000000e+00 1.000000000000000000e+00 1.000000000000000000e+00 1.000000000000000000e+00 1.000000000000000000e+00 1.000000000000000000e+00 1.000000000000000000e+00 1.000000000000000000e+00 1.000000000000000000e+00 1.000000000000000000e+00 1.000000000000000000e+00 1.000000000000000000e+00 1.000000000000000000e+00 1.000000000000000000e+00 1.000000000000000000e+00 1.000000000000000000e+00 1.000000000000000000e+00 1.000000000000000000e+00 1.000000000000000000e+00 1.000000000000000000e+00 1.000000000000000000e+00 1.000000000000000000e+00 1.000000000000000000e+00 1.000000000000000000e+00 1.000000000000000000e+00 1.000000000000000000e+00 1.000000000000000000e+00 1.000000000000000000e+00 1.000000000000000000e+00 1.000000000000000000e+00 1.000000000000000000e+00 1.000000000000000000e+00 1.000000000000000000e+00 1.000000000000000000e+00 1.000000000000000000e+00
2.609717215976580153e-163 2.045189273393185894e-156 1.133469745786557086e-149 4.442549760981629186e-143 1.231433170864945503e-136 2.414107119754198222e-130 3.347195888671546776e-124 3.282443533418007423e-118 2.276766771137098461e-112 1.117016637380067110e-106 3.876469820939796906e-101 9.516253492972949624e-96 1.652597326569225971e-90 2.030297988846658665e-85 1.764681307376797627e-80 1.085202189868443672e-75 4.721927664983358062e-71 1.453855734179639872e-66 3.167733184517905731e-62 4.884684564042317180e-58 5.331191871800923001e-54 4.118656854349764934e-50 2.252574628656219260e-46 8.722676663845842340e-43 2.391823056436953522e-39 4.645012202556693247e-36 6.390027354118095525e-33 6.228272912162813430e-30 4.302158655503091815e-27 2.106592740610588879e-24 7.314623626991979702e-22 1.801721172482321164e-19 3.149673712267373654e-17 3.909880247905857001e-15 3.448807272751963278e-13 2.163388341664763975e-11 9.660458560970150252e-10 3.074750350911690413e-08 6.986767700940806802e-07 1.135837977810488775e-05 1.324805531181291577e-04 1.112868241307280077e-03 6.768619364181024771e-03 3.003380476730301007e-02 9.830328921438825918e-02 2.412575425539130736e-01 4.549176928412337895e-01 6.828811509764991516e-01 8.565139968572781370e-01 9.509163955756674280e-01 9.875458396969392094e-01 9.976859394904606937e-01 9.996878775471680356e-01 9.999696242213433894e-01 9.999978762539636357e-01 9.999998936642431335e-01 9.999999961960523986e-01 9.999999999029515196e-01 9.999999999982366328e-01 9.999999999999771294e-01 9.999999999999997780e-01 1.000000000000000000e+00 1.000000000000000000e+00 1.000000000000000000e+00 1.000000000000000000e+00 1.000000000000000000e+00 1.000000000000000000e+00 1.000000000000000000e+00 1.000000000000000000e+00 1.000000000000000000e+00 1.000000000000000000e+00 1.000000000000000000e+00 1.000000000000000000e+00 1.000000000000000000e+00 1.000000000000000000e+00 1.000000000000000000e+00 1.000000000000000000e+00 1.000000000000000000e+00 1.000000000000000000e+00 1.000000000000000000e+00 1.000000000000000000e+00 1.000000000000000000e+00 1.000000000000000000e+00 1.000000000000000000e+00 1.000000000000000000e+00 1.000000000000000000e+00 1.000000000000000000e+00 1.000000000000000000e+00 1.000000000000000000e+00 1.000000000000000000e+00 1.000000000000000000e+00 1.000000000000000000e+00 1.000000000000000000e+00 1.000000000000000000e+00 1.000000000000000000e+00 1.000000000000000000e+00 1.000000000000000000e+00 1.000000000000000000e+00 1.000000000000000000e+00 1.000000000000000000e+00
1.398676232173687942e-140 1.327738601301707299e-134 9.308217810949324373e-129 4.819354672001454086e-123 1.842850697175589753e-117 5.204530930044003246e-112 1.085613692040134461e-106 1.672570033246402908e-101 1.903367282990886403e-96 1.599945885358172991e-91 9.934562285053465702e-87 4.556911943183153542e-82 1.544152604505575761e-77 3.865702291740041281e-73 7.150032552067979372e-69 9.771337655095269735e-65 9.867196576122322563e-61 7.363044005909148641e-57 4.060486465994550076e-53 1.654979167869144576e-49 4.985877235167341823e-46 1.110377559873744082e-42 1.828229364024179518e-39 2.225762068074126540e-36 2.003915202239466333e-33 1.334460215999823018e-30 6.574170958323705464e-28 2.396519848399390223e-25 6.466004862686140536e-23 1.291617920576648999e-20 1.910842824518756447e-18 2.094524367743971225e-16 1.701866873561073644e-14 1.025646942127313400e-12 4.587844912416839567e-11 1.524524459619177047e-09 3.767411448649131556e-08 6.933069513767875816e-07 9.517864338148665276e-06 9.769524203405210777e-05 7.520413600612832570e-04 4.359415779331378242e-03 1.913839480230239767e-02 6.414621107306181513e-02 1.660576408062303111e-01 3.376614761878550808e-01 5.525688840350513331e-01 7.527479111926274058e-01 8.914303378442867132e-01 9.628838405978614734e-01 9.902592503469094254e-01 9.980565345354435181e-01 9.997072060515244107e-01 9.999668533464161069e-01 9.999971902167787974e-01 9.999998221238222129e-01 9.999999916072069839e-01 9.999999997053082845e-01 9.999999999923091520e-01 9.999999999998510081e-01 9.999999999999977796e-01 1.000000000000000000e+00 1.000000000000000000e+00 1.000000000000000000e+00 1.000000000000000000e+00 1.000000000000000000e+00 1.000000000000000000e+00 1.000000000000000000e+00 1.000000000000000000e+00 1.000000000000000000e+00 1.000000000000000000e+00 1.000000000000000000e+00 1.000000000000000000e+00 1.000000000000000000e+00 1.000000000000000000e+00 1.000000000000000000e+00 1.000000000000000000e+00 1.000000000000000000e+00 1.000000000000000000e+00 1.000000000000000000e+00 1.000000000000000000e+00 1.000000000000000000e+00 1.000000000000000000e+00 1.000000000000000000e+00 1.000000000000000000e+00 1.000000000000000000e+00 1.000000000000000000e+00 1.000000000000000000e+00 1.000000000000000000e+00 1.000000000000000000e+00 1.000000000000000000e+00 1.000000000000000000e+00 1.000000000000000000e+00 1.000000000000000000e+00 1.000000000000000000e+00 1.000000000000000000e+00 1.000000000000000000e+00 1.000000000000000000e+00 1.000000000000000000e+00 1.000000000000000000e+00
1.149700193151524789e-115 1.082760488662306731e-110 7.895455294465341481e-106 4.457888312332182948e-101 1.948944090368076665e-96 6.597805881458751331e-92 1.729586477502634870e-87 3.511084040358286483e-83 5.519643512860717864e-79 6.719973146571679637e-75 6.336185676243956049e-71 4.627119347560978399e-67 2.617195550310590383e-63 1.146638024621898383e-59 3.891394513600596441e-56 1.023055727928159855e-52 2.083710417403645178e-49 3.288147919997576950e-46 4.020466516960638035e-43 3.809357200818358527e-40 2.797180558531416150e-37 1.591956973646588262e-34 7.023256086609621817e-32 2.402167053997772961e-29 6.370809497147689578e-27 1.310362292809292316e-24 2.090659902924998474e-22 2.588057613835431821e-20 2.486466108117598932e-18 1.854592015996584113e-16 1.074322766121637270e-14 4.835427879284535778e-13 1.691918115426438310e-11 4.605172731182290793e-10 9.758276052372641769e-09 1.611305721974950205e-07 2.075779011158525057e-06 2.089496796363484420e-05 1.646671540387903638e-04 1.018554105430983679e-03 4.961869639515214050e-03 1.912421863686273454e-02 5.868725267176341798e-02 1.446641057267848141e-01 2.900277849927916929e-01 4.812523846791621485e-01 6.769842810027640878e-01 8.328716211476980824e-01 9.294717641918062156e-01 9.760447345447591516e-01 9.935124879355535787e-01 9.986085202822351237e-01 9.997647743185682501e-01 9.999687718393639457e-01 9.999967528967483865e-01 9.999997360968704285e-01 9.999999832620609652e-01 9.999999991725818660e-01 9.999999999681521423e-01 9.999999999990463184e-01 9.999999999999777955e-01 9.999999999999995559e-01 1.000000000000000000e+00 1.000000000000000000e+00 1.000000000000000000e+00 1.000000000000000000e+00 1.000000000000000000e+00 1.000000000000000000e+00 1.000000000000000000e+00 1.000000000000000000e+00 1.000000000000000000e+00 1.000000000000000000e+00 1.000000000000000000e+00 1.000000000000000000e+00 1.000000000000000000e+00 1.000000000000000000e+00 1.000000000000000000e+00 1.000000000000000000e+00 1.000000000000000000e+00 1.000000000000000000e+00 1.000000000000000000e+00 1.000000000000000000e+00 1.000000000000000000e+00 1.000000000000000000e+00 1.000000000000000000e+00 1.000000000000000000e+00 1.000000000000000000e+00 1.000000000000000000e+00 1.000000000000000000e+00 1.000000000000000000e+00 1.000000000000000000e+00 1.000000000000000000e+00 1.000000000000000000e+00 1.000000000000000000e+00 1.000000000000000000e+00 1.000000000000000000e+00 1.000000000000000000e+00 1.000000000000000000e+00 1.000000000000000000e+00 1.000000000000000000e+00
3.906783363358430994e-94 4.789652358345592308e-90 4.744929585045250992e-86 3.798457828309808485e-82 2.457242451522811013e-78 1.284588756424700932e-74 5.427112121655063684e-71 1.853003425783863562e-67 5.113305057513658092e-64 1.140412009987278911e-60 2.055769340063554228e-57 2.995428604333327468e-54 3.528066197662553589e-51 3.359160415090825773e-48 2.585629477797813659e-45 1.609055641767850228e-42 8.096093475779967270e-40 3.293921373012341702e-37 1.083730655427730450e-34 2.883640681726284295e-32 6.206096500745015640e-30 1.080450492559858715e-27 1.521801010134363890e-25 1.734373236751399502e-23 1.599678335445876486e-21 1.194296344251476649e-19 7.218999111410684259e-18 3.533767793157877783e-16 1.401275274290754395e-14 4.502804284992770337e-13 1.172986187027115519e-11 2.478344253588279776e-10 4.249509872223980729e-09 5.917331053036327697e-08 6.697155292430605761e-07 6.167172016912832301e-06 4.626789847154738118e-05 2.832624985571812154e-04 1.418192810955956878e-03 5.822623795073967462e-03 1.967554732883050259e-02 5.499063614571409603e-02 1.279661276905205147e-01 2.502068863281364797e-01 4.162019030980230738e-01 5.989381629610759372e-01 7.620210725326739265e-01 8.800102620508361007e-01 9.492116436125175305e-01 9.821125442297133912e-01 9.947918745810593322e-01 9.987523674765230730e-01 9.997549725186514191e-01 9.999606547272040791e-01 9.999948451218200196e-01 9.999994498396840292e-01 9.999999522306740607e-01 9.999999966290490372e-01 9.999999998068308527e-01 9.999999999910171855e-01 9.999999999996611599e-01 9.999999999999895639e-01 9.999999999999997780e-01 1.000000000000000000e+00 1.000000000000000000e+00 1.000000000000000000e+00 1.000000000000000000e+00 1.000000000000000000e+00 1.000000000000000000e+00 1.000000000000000000e+00 1.000000000000000000e+00 1.000000000000000000e+00 1.000000000000000000e+00 1.000000000000000000e+00 1.000000000000000000e+00 1.000000000000000000e+00 1.000000000000000000e+00 1.000000000000000000e+00 1.000000000000000000e+00 1.000000000000000000e+00 1.000000000000000000e+00 1.000000000000000000e+00 1.000000000000000000e+00 1.000000000000000000e+00 1.000000000000000000e+00 1.000000000000000000e+00 1.000000000000000000e+00 1.000000000000000000e+00 1.000000000000000000e+00 1.000000000000000000e+00 1.000000000000000000e+00 1.000000000000000000e+00 1.000000000000000000e+00 1.000000000000000000e+00 1.000000000000000000e+00 1.000000000000000000e+00 1.000000000000000000e+00 1.000000000000000000e+00 1.000000000000000000e+00 1.000000000000000000e+00
1.299561336048988668e-74 2.443077828437878057e-71 3.862201319333069387e-68 5.134530023461960281e-65 5.740458437352475294e-62 5.397409083223524744e-59 4.268062184725600946e-56 2.838557035250073214e-53 1.587822764904475199e-50 7.470699773668389843e-48 2.956611194181375329e-45 9.842859174934975894e-43 2.756542690400582110e-40 6.494547458459239963e-38 1.287361204486917788e-35 2.147081464640642738e-33 3.013182195566621824e-31 3.558496650504779326e-29 3.536807254710102456e-27 2.958718454788068558e-25 2.083493336529372045e-23 1.235183499635966225e-21 6.165711613998685219e-20 2.591890955074315804e-18 9.177213415906858828e-17 2.737508016646724408e-15 6.881030889715001940e-14 1.457887677204764531e-12 2.604384600924611024e-11 3.924262276620103078e-10 4.989681003594813192e-09 5.356423267139391940e-08 4.857740245596437478e-07 3.724578444238428377e-06 2.416581067974196722e-05 1.328305020706116077e-04 6.194105357010489844e-04 2.454800471628352295e-03 8.287001561394370663e-03 2.390000251690451924e-02 5.911334737984715038e-02 1.260262340239430567e-01 2.331548750266204395e-01 3.776667439224002387e-01 5.419181723911886683e-01 6.992167981239043595e-01 8.261426300198668748e-01 9.124365864185755015e-01 9.618686568903077605e-01 9.857261604304872193e-01 9.954271437498448671e-01 9.987504099068458263e-01 9.997094893862799037e-01 9.999426543944978096e-01 9.999904038690494712e-01 9.999986404244158855e-01 9.999998370775875500e-01 9.999999835005624060e-01 9.999999985888531340e-01 9.999999998981305982e-01 9.999999999937958517e-01 9.999999999996813660e-01 9.999999999999862332e-01 9.999999999999995559e-01 1.000000000000000000e+00 1.000000000000000000e+00 1.000000000000000000e+00 1.000000000000000000e+00 1.000000000000000000e+00 1.000000000000000000e+00 1.000000000000000000e+00 1.000000000000000000e+00 1.000000000000000000e+00 1.000000000000000000e+00 1.000000000000000000e+00 1.000000000000000000e+00 1.000000000000000000e+00 1.000000000000000000e+00 1.000000000000000000e+00 1.000000000000000000e+00 1.000000000000000000e+00 1.000000000000000000e+00 1.000000000000000000e+00 1.000000000000000000e+00 1.000000000000000000e+00 1.000000000000000000e+00 1.000000000000000000e+00 1.000000000000000000e+00 1.000000000000000000e+00 1.000000000000000000e+00 1.000000000000000000e+00 1.000000000000000000e+00 1.000000000000000000e+00 1.000000000000000000e+00 1.000000000000000000e+00 1.000000000000000000e+00 1.000000000000000000e+00 1.000000000000000000e+00 1.000000000000000000e+00 1.000000000000000000e+00
3.497005825854364690e-55 9.772933272421586625e-53 2.394016889563632258e-50 5.140612028963993538e-48 9.676098622972787463e-46 1.596603301738943254e-43 2.309508227221841067e-41 2.928757257324753273e-39 3.256158238590526025e-37 3.173979953276752100e-35 2.712684388297594031e-33 2.032882942995961558e-31 1.335878775159041686e-29 7.698197585105942262e-28 3.890510633438994312e-26 1.724450462013134751e-24 6.704333081133996211e-23 2.286435572731733600e-21 6.840735217544944308e-20 1.795699428840162115e-18 4.136220003637693410e-17 8.361248200714541197e-16 1.483548722301104234e-14 2.310840788493304093e-13 3.160531653855739864e-12 3.796369860607496940e-11 4.005951720138709107e-10 3.714491267300133903e-09 3.027593724107327522e-08 2.170069630103105122e-07 1.368457733058820716e-06 7.596480201627267384e-06 3.714543917962895422e-05 1.601247890809643205e-04 6.091082676065218181e-04 2.047066183422425849e-03 6.087131476461837831e-03 1.604496637770187403e-02 3.757689140243033327e-02 7.842277978561613960e-02 1.464004952594378794e-01 2.456530485487242732e-01 3.727914783829064937e-01 5.156723506601765816e-01 6.565475070148688586e-01 7.784065266523924054e-01 8.708854337326599193e-01 9.324579842858300438e-01 9.684236156895655867e-01 9.868542350726132728e-01 9.951401119086746849e-01 9.984080736620583041e-01 9.995387756165055038e-01 9.998819729383779942e-01 9.999733538100612495e-01 9.999946976581413072e-01 9.999990707224128972e-01 9.999998566523222721e-01 9.999999805477186587e-01 9.999999976789288869e-01 9.999999997565683918e-01 9.999999999775667225e-01 9.999999999981840082e-01 9.999999999998708811e-01 9.999999999999920064e-01 9.999999999999995559e-01 1.000000000000000000e+00 1.000000000000000000e+00 1.000000000000000000e+00 1.000000000000000000e+00 1.000000000000000000e+00 1.000000000000000000e+00 1.000000000000000000e+00 1.000000000000000000e+00 1.000000000000000000e+00 1.000000000000000000e+00 1.000000000000000000e+00 1.000000000000000000e+00 1.000000000000000000e+00 1.000000000000000000e+00 1.000000000000000000e+00 1.000000000000000000e+00 1.000000000000000000e+00 1.000000000000000000e+00 1.000000000000000000e+00 1.000000000000000000e+00 1.000000000000000000e+00 1.000000000000000000e+00 1.000000000000000000e+00 1.000000000000000000e+00 1.000000000000000000e+00 1.000000000000000000e+00 1.000000000000000000e+00 1.000000000000000000e+00 1.000000000000000000e+00 1.000000000000000000e+00 1.000000000000000000e+00 1.000000000000000000e+00 1.000000000000000000e+00 1.000000000000000000e+00
1.660702394542678912e-42 1.281849879536624848e-40 8.928759735253543659e-39 5.612619863825955274e-37 3.184002710422011354e-35 1.630152691344929173e-33 7.532601812228219132e-32 3.141518265108788937e-30 1.182576665597457962e-28 4.018212351375979501e-27 1.232453818156317750e-25 3.412437718763305239e-24 8.529807694812024458e-23 1.924954805547690047e-21 3.922270278347463635e-20 7.216422023538768192e-19 1.198971153761694783e-17 1.799022545457893108e-16 2.438082462489777466e-15 2.984638599230076899e-14 3.300805143572872854e-13 3.298317032837752313e-12 2.978353974101413262e-11 2.430789397274576732e-10 1.793458523215520859e-09 1.196482072813150011e-08 7.219448262167981105e-08 3.941067264099610962e-07 1.947086104749048125e-06 8.709475345828122971e-06 3.528891749950520206e-05 1.295880020367101086e-04 4.315758355098143432e-04 1.304539019912810726e-03 3.582418710066635238e-03 8.947762462050120116e-03 2.035549813374821701e-02 4.225021536697325109e-02 8.018343716523086695e-02 1.395091207429119129e-01 2.232640068123471211e-01 3.300030465994236994e-01 4.527987379902383980e-01 5.803222367634424117e-01 6.998708973268075173e-01 8.010396410064870576e-01 8.783245116854508927e-01 9.316197039426945548e-01 9.647958200179220789e-01 9.834383632885139725e-01 9.928947376306497263e-01 9.972246731573509715e-01 9.990143413656913385e-01 9.996820617524795338e-01 9.999069382871819123e-01 9.999753006549271239e-01 9.999940596371437174e-01 9.999987060324904142e-01 9.999997448350188556e-01 9.999999544656725803e-01 9.999999926492237901e-01 9.999999989268026912e-01 9.999999998583326555e-01 9.999999999830953001e-01 9.999999999981769028e-01 9.999999999998223643e-01 9.999999999999843459e-01 9.999999999999987788e-01 9.999999999999998890e-01 1.000000000000000000e+00 1.000000000000000000e+00 1.000000000000000000e+00 1.000000000000000000e+00 1.000000000000000000e+00 1.000000000000000000e+00 1.000000000000000000e+00 1.000000000000000000e+00 1.000000000000000000e+00 1.000000000000000000e+00 1.000000000000000000e+00 1.000000000000000000e+00 1.000000000000000000e+00 1.000000000000000000e+00 1.000000000000000000e+00 1.000000000000000000e+00 1.000000000000000000e+00 1.000000000000000000e+00 1.000000000000000000e+00 1.000000000000000000e+00 1.000000000000000000e+00 1.000000000000000000e+00 1.000000000000000000e+00 1.000000000000000000e+00 1.000000000000000000e+00 1.000000000000000000e+00 1.000000000000000000e+00 1.000000000000000000e+00 1.000000000000000000e+00 1.000000000000000000e+00 1.000000000000000000e+00
2.332379318864598543e-34 8.118342573110443086e-33 2.594331274993495016e-31 7.611773717889240161e-30 2.050511146065419089e-28 5.071876851686708410e-27 1.151916956900423541e-25 2.402350686364706378e-24 4.600792441450325634e-23 8.091511629318407740e-22 1.306919879822460737e-20 1.938714927608688440e-19 2.641497379109210058e-18 3.305868776671743764e-17 3.800588946157772189e-16 4.014022329994139620e-15 3.895017937987379162e-14 3.472810513452528177e-13 2.845380337523724828e-12 2.142584786598869967e-11 1.482965186073024743e-10 9.435889021787220857e-10 5.520333321486029149e-09 2.970020146261291627e-08 1.469795965535751535e-07 6.692110459327498498e-07 2.804126746452973108e-06 1.081680344537250141e-05 3.842616359955855682e-05 1.257674173553878971e-04 3.794374977575355940e-04 1.055844444612739214e-03 2.711759106146622092e-03 6.433626165011598584e-03 1.411393252053934518e-02 2.866492485445332195e-02 5.397564398758574605e-02 9.439742127883113398e-02 1.536662618577592510e-01 2.334544191489446308e-01 3.320714890968360922e-01 4.439812316561237426e-01 5.605778973620996197e-01 6.721117984727557060e-01 7.700675812062169889e-01 8.490545399559505935e-01 9.075311702689565774e-01 9.472787080725462161e-01 9.720836486880992666e-01 9.862959744815658070e-01 9.937723286920234766e-01 9.973831908082090303e-01 9.989843210346986968e-01 9.996361525400425663e-01 9.998797849375721247e-01 9.999633882784814132e-01 9.999897272540987370e-01 9.999973455596735672e-01 9.999993685771191299e-01 9.999998617735670337e-01 9.999999721602148561e-01 9.999999948424864726e-01 9.999999991213355255e-01 9.999999998623635422e-01 9.999999999801801875e-01 9.999999999973766540e-01 9.999999999996809219e-01 9.999999999999642508e-01 9.999999999999963363e-01 9.999999999999996669e-01 1.000000000000000000e+00 1.000000000000000000e+00 1.000000000000000000e+00 1.000000000000000000e+00 1.000000000000000000e+00 1.000000000000000000e+00 1.000000000000000000e+00 1.000000000000000000e+00 1.000000000000000000e+00 1.000000000000000000e+00 1.000000000000000000e+00 1.000000000000000000e+00 1.000000000000000000e+00 1.000000000000000000e+00 1.000000000000000000e+00 1.000000000000000000e+00 1.000000000000000000e+00 1.000000000000000000e+00 1.000000000000000000e+00 1.000000000000000000e+00 1.000000000000000000e+00 1.000000000000000000e+00 1.000000000000000000e+00 1.000000000000000000e+00 1.000000000000000000e+00 1.000000000000000000e+00 1.000000000000000000e+00 1.000000000000000000e+00 1.000000000000000000e+00 1.000000000000000000e+00
9.339495426411962164e-28 1.715506898742285820e-26 2.932657290076826708e-25 4.665984944748589307e-24 6.909600253133029408e-23 9.523697597507302415e-22 1.221850595785652312e-20 1.459178964328608795e-19 1.622170843201882317e-18 1.678817588435763888e-17 1.617530613640797704e-16 1.451004891106095814e-15 1.211937591017360785e-14 9.425772174974482131e-14 6.826721672289366264e-13 4.604714222216630631e-12 2.892869734813821657e-11 1.692916873975103698e-10 9.229385601983673363e-10 4.688089770588485755e-09 2.219050504688522679e-08 9.789407240608138510e-08 4.025707488498823110e-07 1.543524978284797569e-06 5.519145908988716471e-06 1.840908798387039220e-05 5.729637675885631279e-05 1.664596239747514388e-04 4.515999308442566660e-04 1.144635289324936371e-03 2.711992309247322937e-03 6.010346565684042755e-03 1.246903698119479834e-02 2.423724488873446603e-02 4.418967019536728519e-02 7.566724478624653472e-02 1.218763600222292215e-01 1.849975808110006503e-01 2.652290780435750950e-01 3.601225862633060104e-01 4.645586363814599440e-01 5.715101250517697906e-01 6.734269119753908406e-01 7.637974858509186671e-01 8.383617298605542389e-01 8.956091864386258594e-01 9.365073126561077599e-01 9.636949710405953162e-01 9.805124472765158750e-01 9.901923237999943339e-01 9.953767183751629499e-01 9.979604338148591047e-01 9.991585772016848832e-01 9.996755758205766451e-01 9.998831557459811892e-01 9.999607081966690458e-01 9.999876681200187134e-01 9.999963888612883878e-01 9.999990136742910041e-01 9.999997487838661048e-01 9.999999403474676418e-01 9.999999867968030198e-01 9.999999972765295508e-01 9.999999994765291778e-01 9.999999999062592071e-01 9.999999999843620646e-01 9.999999999975700549e-01 9.999999999996482813e-01 9.999999999999525935e-01 9.999999999999940048e-01 9.999999999999993339e-01 1.000000000000000000e+00 1.000000000000000000e+00 1.000000000000000000e+00 1.000000000000000000e+00 1.000000000000000000e+00 1.000000000000000000e+00 1.000000000000000000e+00 1.000000000000000000e+00 1.000000000000000000e+00 1.000000000000000000e+00 1.000000000000000000e+00 1.000000000000000000e+00 1.000000000000000000e+00 1.000000000000000000e+00 1.000000000000000000e+00 1.000000000000000000e+00 1.000000000000000000e+00 1.000000000000000000e+00 1.000000000000000000e+00 1.000000000000000000e+00 1.000000000000000000e+00 1.000000000000000000e+00 1.000000000000000000e+00 1.000000000000000000e+00 1.000000000000000000e+00 1.000000000000000000e+00 1.000000000000000000e+00 1.000000000000000000e+00 1.000000000000000000e+00
7.102878077992140282e-21 6.583253741077707322e-20 5.764449270227318399e-19 4.768707005898468939e-18 3.727217835387274640e-17 2.752499185147333783e-16 1.920641262595868052e-15 1.266373491819208965e-14 7.890334728798885140e-14 4.645907375710266268e-13 2.585310530398642248e-12 1.359721075264274271e-11 6.759466590700290264e-11 3.176391410179370914e-10 1.411079393664991439e-09 5.926596920973145024e-09 2.353644143172928663e-08 8.839089940219836636e-08 3.139504679713615836e-07 1.054783850413769363e-06 3.352616686015354652e-06 1.008324520173990555e-05 2.870123501839300670e-05 7.733642062491317504e-05 1.973166264207005551e-04 4.768350544285633792e-04 1.091804664925899752e-03 2.369536596277374476e-03 4.876622450600278172e-03 9.522229551295349759e-03 1.765165720905446586e-02 3.108617439857821324e-02 5.205282670393578115e-02 8.295445481373599217e-02 1.259654144116851560e-01 1.825010956564653841e-01 2.526808819821396712e-01 3.349520220881497812e-01 4.260333096328076108e-01 5.212596398414327536e-01 6.152820125259531592e-01 7.029521380108230133e-01 7.801523094527115232e-01 8.443517183019337846e-01 8.947702036468417885e-01 9.321635554962686143e-01 9.583541061340736800e-01 9.756777900865207798e-01 9.864991286265022419e-01 9.928827409898333123e-01 9.964390252434431883e-01 9.983100109576228398e-01 9.992395937884966939e-01 9.996757568386835935e-01 9.998690214362290218e-01 9.999498933776729270e-01 9.999818517751851710e-01 9.999937782772129191e-01 9.999979814913613207e-01 9.999993804008926457e-01 9.999998200809162574e-01 9.999999505844032743e-01 9.999999871645154359e-01 9.999999968473989309e-01 9.999999992678725302e-01 9.999999998392605782e-01 9.999999999666391304e-01 9.999999999934552353e-01 9.999999999987864152e-01 9.999999999997872813e-01 9.999999999999646949e-01 9.999999999999944489e-01 9.999999999999991118e-01 9.999999999999998890e-01 1.000000000000000000e+00 1.000000000000000000e+00 1.000000000000000000e+00 1.000000000000000000e+00 1.000000000000000000e+00 1.000000000000000000e+00 1.000000000000000000e+00 1.000000000000000000e+00 1.000000000000000000e+00 1.000000000000000000e+00 1.000000000000000000e+00 1.000000000000000000e+00 1.000000000000000000e+00 1.000000000000000000e+00 1.000000000000000000e+00 1.000000000000000000e+00 1.000000000000000000e+00 1.000000000000000000e+00 1.000000000000000000e+00 1.000000000000000000e+00 1.000000000000000000e+00 1.000000000000000000e+00 1.000000000000000000e+00 1.000000000000000000e+00 1.000000000000000000e+00 1.000000000000000000e+00
2.685426192380324900e-16 1.536303537885702388e-15 8.398141184593364499e-15 4.386790942826628512e-14 2.189700971465695498e-13 1.044514750576671382e-12 4.761628058788670681e-12 2.074571061043278802e-11 8.638845826218126711e-11 3.438446511025900431e-10 1.308201810216327468e-09 4.757977520190749771e-09 1.654387327932765478e-08 5.499893427410362754e-08 1.748284940874610231e-07 5.314391691354433237e-07 1.544988718347006503e-06 4.296151205478968726e-06 1.142810362397759463e-05 2.908530574388193683e-05 7.083534589133877316e-05 1.651140823226548017e-04 3.684399952719428508e-04 7.872278630293495262e-04 1.611020834476925827e-03 3.158642977513401954e-03 5.935380743539812702e-03 1.069342066329108908e-02 1.847996507935830562e-02 3.064981130219749175e-02 4.881538900306900408e-02 7.471166266459654259e-02 1.099689911297677403e-01 1.558133285339486640e-01 2.127439945388067410e-01 2.802637982796492566e-01 3.567424954803106729e-01 4.394746317471238117e-01 5.249483252955243762e-01 6.092847510280596790e-01 6.887582608294964270e-01 7.602826333437930906e-01 8.217592761803087509e-01 8.722243136202181280e-01 9.117878729723707387e-01 9.414105515378248246e-01 9.625930609086406076e-01 9.770592614461376391e-01 9.864945549404093850e-01 9.923718846580222852e-01 9.958683420466651892e-01 9.978548933560440481e-01 9.989328331363792612e-01 9.994914475880344318e-01 9.997679204848743950e-01 9.998986023869212980e-01 9.999575953979691345e-01 9.999830289866409316e-01 9.999935011498790605e-01 9.999976191518158419e-01 9.999991656797285744e-01 9.999997203689525715e-01 9.999999103726746608e-01 9.999999725303200249e-01 9.999999919502071677e-01 9.999999977447369126e-01 9.999999993959707290e-01 9.999999998453548145e-01 9.999999999621553837e-01 9.999999999911480808e-01 9.999999999980211385e-01 9.999999999995772271e-01 9.999999999999136246e-01 9.999999999999831246e-01 9.999999999999968914e-01 9.999999999999994449e-01 9.999999999999998890e-01 1.000000000000000000e+00 1.000000000000000000e+00 1.000000000000000000e+00 1.000000000000000000e+00 1.000000000000000000e+00 1.000000000000000000e+00 1.000000000000000000e+00 1.000000000000000000e+00 1.000000000000000000e+00 1.000000000000000000e+00 1.000000000000000000e+00 1.000000000000000000e+00 1.000000000000000000e+00 1.000000000000000000e+00 1.000000000000000000e+00 1.000000000000000000e+00 1.000000000000000000e+00 1.000000000000000000e+00 1.000000000000000000e+00 1.000000000000000000e+00 1.000000000000000000e+00 1.000000000000000000e+00 1.000000000000000000e+00
1.655188262251923814e-13 7.028867874450978157e-13 2.872507528227758543e-12 1.129771490289057127e-11 4.276522273252093834e-11 1.558044867354162060e-10 5.463590878757800686e-10 1.844195331973505891e-09 5.992245226688276447e-09 1.874353760475909147e-08 5.644435918541140703e-08 1.636540433324181477e-07 4.568810836179505143e-07 1.228248013253397895e-06 3.179912712449748437e-06 7.929291163484218947e-06 1.904547978815097935e-05 4.406982774816656706e-05 9.825213962274327887e-05 2.110862348914850921e-04 4.370877649832387128e-04 8.724700570221496703e-04 1.679182272693598155e-03 3.116838746693351495e-03 5.581063727623403192e-03 9.643573712339665455e-03 1.608522908654414288e-02 2.590925702960685320e-02 4.031948457991169771e-02 6.064966895166196137e-02 8.823645444564585938e-02 1.242404124386628644e-01 1.694352489191476019e-01 2.240005889665166172e-01 2.873633986342710722e-01 3.581321500990235496e-01 4.341539609959078616e-01 5.127000333055029557e-01 5.907549614068405841e-01 6.653595902590772049e-01 7.339432729966988145e-01 7.945841386919054727e-01 8.461544223458972169e-01 8.883360321241899893e-01 9.215206054457640850e-01 9.466301441058095900e-01 9.649040160153268264e-01 9.776952280717234878e-01 9.863067918953201119e-01 9.918830320511486942e-01 9.953559133629132916e-01 9.974362199268445028e-01 9.986347627502695223e-01 9.992989162636444211e-01 9.996528907590829238e-01 9.998343436597870726e-01 9.999238068059195239e-01 9.999662309002445015e-01 9.999855803669506216e-01 9.999940685212576064e-01 9.999976498584253193e-01 9.999991031898225469e-01 9.999996704357961841e-01 9.999998833797524300e-01 9.999999602655545994e-01 9.999999869657053564e-01 9.999999958837122449e-01 9.999999987486037911e-01 9.999999996337900487e-01 9.999999998968454040e-01 9.999999999720328159e-01 9.999999999927021710e-01 9.999999999981672438e-01 9.999999999995570210e-01 9.999999999998969713e-01 9.999999999999769074e-01 9.999999999999951150e-01 9.999999999999988898e-01 9.999999999999997780e-01 1.000000000000000000e+00 1.000000000000000000e+00 1.000000000000000000e+00 1.000000000000000000e+00 1.000000000000000000e+00 1.000000000000000000e+00 1.000000000000000000e+00 1.000000000000000000e+00 1.000000000000000000e+00 1.000000000000000000e+00 1.000000000000000000e+00 1.000000000000000000e+00 1.000000000000000000e+00 1.000000000000000000e+00 1.000000000000000000e+00 1.000000000000000000e+00 1.000000000000000000e+00 1.000000000000000000e+00 1.000000000000000000e+00 1.000000000000000000e+00 1.000000000000000000e+00
1.178466475186583826e-11 4.012981498609858790e-11 1.322963941863591882e-10 4.222553675967765537e-10 1.304863963364907908e-09 3.904235738458140094e-09 1.131115176596413657e-08 3.173207370036492680e-08 8.620519908271860776e-08 2.267964792704383817e-07 5.778745772214313586e-07 1.426114013129185549e-06 3.409022458978724374e-06 7.893960532730885795e-06 1.770872599245160473e-05 3.849004864728961233e-05 8.106325142199447692e-05 1.654490626847527008e-04 3.272841146561712819e-04 6.275775863465788600e-04 1.166702505674747448e-03 2.103192652190468553e-03 3.677129778032759647e-03 6.236552226924772617e-03 1.026341713749292367e-02 1.639344848042149569e-02 2.542222560750110813e-02 3.828888556784269814e-02 5.602969429858847827e-02 7.969715935816484853e-02 1.102464305668677674e-01 1.483987350289221185e-01 1.944998614577829465e-01 2.483979252728831244e-01 3.093664487335905378e-01 3.760945999670917139e-01 4.467561925451269955e-01 5.191545430622421797e-01 5.909248570595361238e-01 6.597634435892563154e-01 7.236471286887120602e-01 7.810084153403951124e-01 8.308416068912239938e-01 8.727295848113549859e-01 9.067963535621763604e-01 9.336030511462691805e-01 9.540122746662073050e-01 9.690464776074234621e-01 9.797617953563397819e-01 9.871510456093284258e-01 9.920812658864812672e-01 9.952640182323102547e-01 9.972519885183811494e-01 9.984533878570305276e-01 9.991558699879781180e-01 9.995532934471367259e-01 9.997708348718559179e-01 9.998860476404458630e-01 9.999450853298483821e-01 9.999743556923288423e-01 9.999883966513246625e-01 9.999949134644992021e-01 9.999978399306399535e-01 9.999991114452955188e-01 9.999996459712123809e-01 9.999998633842515083e-01 9.999999489444375556e-01 9.999999815226350286e-01 9.999999935245753591e-01 9.999999978026152814e-01 9.999999992780059799e-01 9.999999997703152843e-01 9.999999999292568109e-01 9.999999999789052074e-01 9.999999999939104267e-01 9.999999999982982501e-01 9.999999999995395905e-01 9.999999999998794298e-01 9.999999999999693578e-01 9.999999999999924505e-01 9.999999999999982236e-01 9.999999999999995559e-01 9.999999999999998890e-01 1.000000000000000000e+00 1.000000000000000000e+00 1.000000000000000000e+00 1.000000000000000000e+00 1.000000000000000000e+00 1.000000000000000000e+00 1.000000000000000000e+00 1.000000000000000000e+00 1.000000000000000000e+00 1.000000000000000000e+00 1.000000000000000000e+00 1.000000000000000000e+00 1.000000000000000000e+00 1.000000000000000000e+00 1.000000000000000000e+00 1.000000000000000000e+00 1.000000000000000000e+00
2.027142598996751868e-10 5.833149272147979517e-10 1.633318479470980106e-09 4.450427860044889319e-09 1.180078501232937209e-08 3.045191011147558891e-08 7.647688475857362381e-08 1.869290101856001677e-07 4.447074901506779667e-07 1.029782251769697105e-06 2.321204477263422529e-06 5.093358740933134751e-06 1.088043006447380381e-05 2.262920636043473489e-05 4.582551330682529728e-05 9.036421196464015297e-05 1.735307673825964324e-04 3.245570271167207100e-04 5.912728784512457725e-04 1.049349195542190498e-03 1.814451559577730851e-03 3.057230775392588001e-03 5.020415605604893784e-03 8.036345231456789792e-03 1.254216749486184238e-02 1.908882740043526052e-02 2.833918247766879089e-02 4.105048203825561320e-02 5.803739475637254702e-02 8.011398166500117990e-02 1.080164357551632870e-01 1.423126265424912162e-01 1.833087129880363320e-01 2.309662899167372052e-01 2.848446750507956926e-01 3.440812920904114947e-01 4.074185123029898659e-01 4.732783759516839828e-01 5.398786071220323945e-01 6.053759569539460816e-01 6.680178393099880374e-01 7.262816583814593052e-01 7.789835457314522316e-01 8.253438685909076922e-01 8.650045150191552068e-01 8.980008851185190544e-01 9.246980762270100573e-01 9.457047835360086196e-01 9.617795025199979975e-01 9.737419973865549805e-01 9.823995090697050792e-01 9.884928759783542240e-01 9.926636289433643512e-01 9.954399166447327474e-01 9.972371617273700917e-01 9.983686314521384997e-01 9.990613731580315626e-01 9.994738432435508191e-01 9.997126828042808278e-01 9.998471798403163469e-01 9.999208364563568763e-01 9.999600651064517454e-01 9.999803834111833378e-01 9.999906178498929599e-01 9.999956312572221284e-01 9.999980195870448174e-01 9.999991260780902724e-01 9.999996246108933118e-01 9.999998430506830127e-01 9.999999361318613333e-01 9.999999747049170828e-01 9.999999902501844895e-01 9.999999963428070071e-01 9.999999986650207617e-01 9.999999995258002095e-01 9.999999998360941111e-01 9.999999999448734300e-01 9.999999999819595420e-01 9.999999999942555950e-01 9.999999999982203125e-01 9.999999999994635402e-01 9.999999999998426814e-01 9.999999999999551470e-01 9.999999999999875655e-01 9.999999999999966693e-01 9.999999999999991118e-01 9.999999999999997780e-01 1.000000000000000000e+00 1.000000000000000000e+00 1.000000000000000000e+00 1.000000000000000000e+00 1.000000000000000000e+00 1.000000000000000000e+00 1.000000000000000000e+00 1.000000000000000000e+00 1.000000000000000000e+00 1.000000000000000000e+00 1.000000000000000000e+00 1.000000000000000000e+00 1.000000000000000000e+00
4.737481610734891656e-10 1.292017892344390081e-09 3.434585687948930664e-09 8.899765258621368417e-09 2.247996424685346730e-08 5.535299308472105644e-08 1.328714736923794691e-07 3.109464026180273061e-07 7.094501005662903178e-07 1.578198525458074392e-06 3.423162333904100681e-06 7.240089440466461212e-06 1.493267119053020798e-05 3.003565155146601165e-05 5.892152610620448005e-05 1.127411614435680650e-04 2.104262752732145088e-04 3.831485969463476978e-04 6.806582266127474481e-04 1.179871475328698365e-03 1.995896967321209286e-03 3.295330078167043979e-03 5.311080414988067488e-03 8.357236766851499493e-03 1.284159506138916190e-02 1.927263353972923088e-02 2.825714824224442520e-02 4.048473839337010660e-02 5.669611433805563094e-02 7.763394357270649027e-02 1.039776100045229773e-01 1.362665351156815419e-01 1.748200318560793332e-01 2.196642843280194324e-01 2.704781976604145322e-01 3.265689600223168898e-01 3.868850105337225398e-01 4.500690383493391455e-01 5.145474870085083863e-01 5.786469977159692801e-01 6.407235675146579768e-01 6.992879498255429871e-01 7.531114924453108372e-01 8.013000406051555835e-01 8.433289623088847664e-01 8.790386036395909652e-01 9.085952770028055125e-01 9.324271638146116592e-01 9.511466576022868935e-01 9.654705996383639022e-01 9.761479568859285916e-01 9.839014559344366750e-01 9.893863017879120925e-01 9.931660582440202667e-01 9.957034988560371502e-01 9.973629352398708514e-01 9.984201371873295816e-01 9.990762641684811651e-01 9.994729533944903821e-01 9.997065924526215008e-01 9.998406443569255453e-01 9.999155704337006068e-01 9.999563671703707302e-01 9.999780068210661899e-01 9.999891885102367706e-01 9.999948170649459733e-01 9.999975771256353063e-01 9.999988956027332510e-01 9.999995091651112666e-01 9.999997873137755899e-01 9.999999101502410337e-01 9.999999629959427372e-01 9.999999851434064890e-01 9.999999941855262087e-01 9.999999977817637387e-01 9.999999991751075124e-01 9.999999997010036168e-01 9.999999998943666091e-01 9.999999999636259851e-01 9.999999999877924317e-01 9.999999999960069719e-01 9.999999999987271293e-01 9.999999999996045386e-01 9.999999999998803180e-01 9.999999999999646949e-01 9.999999999999897859e-01 9.999999999999971134e-01 9.999999999999992228e-01 9.999999999999997780e-01 1.000000000000000000e+00 1.000000000000000000e+00 1.000000000000000000e+00 1.000000000000000000e+00 1.000000000000000000e+00 1.000000000000000000e+00 1.000000000000000000e+00 1.000000000000000000e+00 1.000000000000000000e+00 1.000000000000000000e+00 1.000000000000000000e+00
1.675767199533742309e-09 4.239946732669773545e-09 1.048032071135538311e-08 2.530865269446526701e-08 5.971143126070166617e-08 1.376431608997187226e-07 3.100103996472204420e-07 6.822433250039707227e-07 1.467107551235656712e-06 3.082931376200111164e-06 6.330910568706584752e-06 1.270550062275049033e-05 2.492099665657296069e-05 4.777644833123911546e-05 8.952951653211174991e-05 1.640038964221158396e-04 2.937054980307912027e-04 5.142538167451925256e-04 8.804233098914464577e-04 1.474005123082170994e-03 2.413510038333586093e-03 3.865413005389332912e-03 6.056180134219906440e-03 9.283744755876963475e-03 1.392647876684003153e-02 2.044715750334810331e-02 2.938910190604852868e-02 4.136177992558072447e-02 5.701381570256979642e-02 7.699266931104474521e-02 1.018921628496292503e-01 1.321913298893091504e-01 1.681903850206064865e-01 2.099514686954747911e-01 2.572527244231022081e-01 3.095638228707444650e-01 3.660491011533482109e-01 4.256011864437779790e-01 4.869037935001507833e-01 5.485180464408211387e-01 6.089829969522636555e-01 6.669187274689551970e-01 7.211200073565982027e-01 7.706300000250874138e-01 8.147866831234451546e-01 8.532388023103447683e-01 8.859325242715754278e-01 9.130737020996824160e-01 9.350732242380030979e-01 9.524839961118081177e-01 9.659377355464018322e-01 9.760882533162926755e-01 9.835657040806637941e-01 9.889439306751981462e-01 9.927209115092221481e-01 9.953107375901601994e-01 9.970446075992391854e-01 9.981780059199798494e-01 9.989013895390018716e-01 9.993521801146822980e-01 9.996264644567287583e-01 9.997894117720292906e-01 9.998839295239156932e-01 9.999374598034296291e-01 9.999670607476951467e-01 9.999830427620727269e-01 9.999914679061583378e-01 9.999958044425357739e-01 9.999979837999295462e-01 9.999990531839517693e-01 9.999995655244238169e-01 9.999998051887204475e-01 9.999999146518055992e-01 9.999999634666218995e-01 9.999999847213338899e-01 9.999999937573780251e-01 9.999999975081526049e-01 9.999999990282908424e-01 9.999999996298309934e-01 9.999999998622467468e-01 9.999999999499238346e-01 9.999999999822180019e-01 9.999999999938320450e-01 9.999999999979102272e-01 9.999999999993083311e-01 9.999999999997764011e-01 9.999999999999293898e-01 9.999999999999782396e-01 9.999999999999934497e-01 9.999999999999980016e-01 9.999999999999994449e-01 9.999999999999997780e-01 1.000000000000000000e+00 1.000000000000000000e+00 1.000000000000000000e+00 1.000000000000000000e+00 1.000000000000000000e+00 1.000000000000000000e+00 1.000000000000000000e+00 1.000000000000000000e+00
7.813513350621242078e-10 2.040738998147377042e-09 5.203586247212373483e-09 1.295403082058194733e-08 3.148527891733944430e-08 7.471798588606738161e-08 1.731304111095179962e-07 3.917138368464418210e-07 8.654257985572097105e-07 1.867134263071165984e-06 3.933933268581906253e-06 8.094812298319776451e-06 1.626819655797384019e-05 3.193385890029362792e-05 6.123102793545642179e-05 1.146914810931431370e-04 2.098767475187498426e-04 3.752392246722197153e-04 6.555465088723440173e-04 1.119166335689304693e-03 1.867370026511825862e-03 3.045539989798314376e-03 4.855739009274634421e-03 7.569521309421882276e-03 1.153918768630336419e-02 1.720501528270311845e-02 2.509548875773877363e-02 3.581742333893656732e-02 5.003329972492547711e-02 6.842426546276575428e-02 9.163911416595581227e-02 1.202319754834679094e-01 1.545940857550073266e-01 1.948873540476586119e-01 2.409889151232532944e-01 2.924559611476453824e-01 3.485185739316217779e-01 4.081050786821142640e-01 4.699000275077224176e-01 5.324300425793552227e-01 5.941683304026487145e-01 6.536456131700849603e-01 7.095541525554437401e-01 7.608326934041170775e-01 8.067232844806515590e-01 8.467953860014150180e-01 8.809375507548329320e-01 9.093213448165025081e-01 9.323453189839403521e-01 9.505683480960671616e-01 9.646414966990521922e-01 9.752460502404443066e-01 9.830429850058509667e-01 9.886365126847620477e-01 9.925519298815294045e-01 9.952261714731210906e-01 9.970083596417014249e-01 9.981672351218097150e-01 9.989025109170230898e-01 9.993577022859012615e-01 9.996326613214300272e-01 9.997947199556176390e-01 9.998879179414450480e-01 9.999402142486533140e-01 9.999688471682532942e-01 9.999841436068201972e-01 9.999921170346847132e-01 9.999961723985566486e-01 9.999981849387682420e-01 9.999991594553863106e-01 9.999996198856255791e-01 9.999998321456919914e-01 9.999999276235309598e-01 9.999999695286089230e-01 9.999999874743117356e-01 9.999999949729772020e-01 9.999999980302709535e-01 9.999999992465128384e-01 9.999999997186110878e-01 9.999999998974137272e-01 9.999999999634900938e-01 9.999999999873157019e-01 9.999999999956983299e-01 9.999999999985760279e-01 9.999999999995398126e-01 9.999999999998547828e-01 9.999999999999553690e-01 9.999999999999865663e-01 9.999999999999960032e-01 9.999999999999988898e-01 9.999999999999996669e-01 9.999999999999998890e-01 1.000000000000000000e+00 1.000000000000000000e+00 1.000000000000000000e+00 1.000000000000000000e+00 1.000000000000000000e+00 1.000000000000000000e+00 1.000000000000000000e+00 1.000000000000000000e+00
1.035265860823470963e-09 2.681468820415351334e-09 6.781120332696715783e-09 1.674367830511714369e-08 4.036777346207628370e-08 9.503158999226612123e-08 2.184571778707611613e-07 4.903958595038301367e-07 1.075047725604106109e-06 2.301595026016185607e-06 4.812509429222424379e-06 9.828309277091798967e-06 1.960539013014560574e-05 3.820222216478710733e-05 7.271894195779880690e-05 1.352334595111040916e-04 2.457158596553506765e-04 4.362471005882898262e-04 7.568741802208137949e-04 1.283370254890302264e-03 2.126998354548487527e-03 3.446068593397057667e-03 5.458614595251627157e-03 8.454910784179496888e-03 1.280787122473012879e-02 1.897873232706107777e-02 2.751499779797158055e-02 3.903761575263944156e-02 5.421495132052549931e-02 7.372242586515266594e-02 9.818869300721956572e-02 1.281317089834657641e-01 1.638906414906516340e-01 2.055617192944581562e-01 2.529472898121724600e-01 3.055270612217749759e-01 3.624585418144786741e-01 4.226101817935254412e-01 4.846261714563553369e-01 5.470170496421625783e-01 6.082661526271785357e-01 6.669393262662843824e-01 7.217847805304087316e-01 7.718116011926421383e-01 8.163389021273698143e-01 8.550121845229754491e-01 8.877882551347796580e-01 9.148941605458665860e-01 9.367683575904083293e-01 9.539934467905104576e-01 9.672293012980038851e-01 9.771536866955212730e-01 9.844150200283242613e-01 9.895993212302880426e-01 9.932111334189852592e-01 9.956665272219771268e-01 9.972953663509001032e-01 9.983497441486240964e-01 9.990157458037169924e-01 9.994262478609163836e-01 9.996731451464782037e-01 9.998180484256908862e-01 9.999010336946239086e-01 9.999474087735724659e-01 9.999726976277458768e-01 9.999861541999077730e-01 9.999931413569893568e-01 9.999966815529731656e-01 9.999984318622874291e-01 9.999992762909518662e-01 9.999996738226443194e-01 9.999998564396159750e-01 9.999999382994886332e-01 9.999999741059579783e-01 9.999999893890912928e-01 9.999999957544624118e-01 9.999999983414564753e-01 9.999999993674094645e-01 9.999999997644362093e-01 9.999999999143607265e-01 9.999999999696046471e-01 9.999999999894682023e-01 9.999999999964376274e-01 9.999999999988236077e-01 9.999999999996207478e-01 9.999999999998807620e-01 9.999999999999633626e-01 9.999999999999890088e-01 9.999999999999967804e-01 9.999999999999991118e-01 9.999999999999997780e-01 1.000000000000000000e+00 1.000000000000000000e+00 1.000000000000000000e+00 1.000000000000000000e+00 1.000000000000000000e+00 1.000000000000000000e+00 1.000000000000000000e+00 1.000000000000000000e+00 1.000000000000000000e+00
2.271395502654521896e-09 5.755039470987570859e-09 1.423882940110529316e-08 3.440204143814979078e-08 8.116944281808407994e-08 1.870315450179708569e-07 4.208891957145090281e-07 9.250585974346351500e-07 1.985814015894756714e-06 4.163864504872958982e-06 8.528365259293162155e-06 1.706359438910981979e-05 3.335317155133869045e-05 6.369337485412972602e-05 1.188428320314415589e-04 2.166741960111247093e-04 3.860413209412562091e-04 6.721916769258232723e-04 1.144008760030672256e-03 1.903228084353716151e-03 3.095499389947065343e-03 4.922746146530087089e-03 7.655708183723040905e-03 1.164489441190523847e-02 1.732752409264159965e-02 2.522755427262105693e-02 3.594577048169173700e-02 5.013734756301187895e-02 6.847539982205497200e-02 9.160084829247013005e-02 1.200612840782319529e-01 1.542440627355435301e-01 1.943111364262984642e-01 2.401445643634035898e-01 2.913117482534501868e-01 3.470579338702287631e-01 4.063304370196085258e-01 4.678347899915322738e-01 5.301182764867268249e-01 5.916720175419977190e-01 6.510397507262390970e-01 7.069203370311571977e-01 7.582520683234612591e-01 8.042698136674574227e-01 8.445303189507787911e-01 8.789057030265975401e-01 9.075494838826384525e-01 9.308425983614814214e-01 9.493284389862816086e-01 9.636458753107386421e-01 9.744678301000810894e-01 9.824507276307936632e-01 9.881975763199137841e-01 9.922350836320010803e-01 9.950033712745742775e-01 9.968557228520527058e-01 9.980653455215824366e-01 9.988362324566846251e-01 9.993156850811273362e-01 9.996066997880428406e-01 9.997790843505076630e-01 9.998787386346816852e-01 9.999349608194603167e-01 9.999659160166048943e-01 9.999825491285941892e-01 9.999912713578686940e-01 9.999957350630424013e-01 9.999979644090964959e-01 9.999990510184048054e-01 9.999995678907129815e-01 9.999998078331042706e-01 9.999999165368564924e-01 9.999999645981971774e-01 9.999999853359161639e-01 9.999999940684403121e-01 9.999999976571001259e-01 9.999999990963572838e-01 9.999999996596810048e-01 9.999999998748557717e-01 9.999999999550674978e-01 9.999999999842483778e-01 9.999999999946087570e-01 9.999999999981983301e-01 9.999999999994122479e-01 9.999999999998128164e-01 9.999999999999418243e-01 9.999999999999823475e-01 9.999999999999947820e-01 9.999999999999984457e-01 9.999999999999995559e-01 9.999999999999998890e-01 1.000000000000000000e+00 1.000000000000000000e+00 1.000000000000000000e+00 1.000000000000000000e+00 1.000000000000000000e+00 1.000000000000000000e+00 1.000000000000000000e+00 1.000000000000000000e+00 1.000000000000000000e+00
3.256096455657763252e-09 8.152001798533975940e-09 1.993289250475240179e-08 4.760243572071317820e-08 1.110338861733637390e-07 2.529677826806566934e-07 5.629569226268827957e-07 1.223780822326756440e-06 2.598784785890967886e-06 5.391335964755992117e-06 1.092709719801434890e-05 2.163816111072351558e-05 4.186681372678316198e-05 7.915578641986988192e-05 1.462481402396566656e-04 2.640751389620068406e-04 4.660492976945507151e-04 8.039787410501886668e-04 1.355847128001921430e-03 2.235526249266510477e-03 3.604176115411970079e-03 5.682626989869285147e-03 8.763448374996173074e-03 1.322075640372833392e-02 1.951521187222370057e-02 2.819128274559407413e-02 3.986387838766721620e-02 5.519208094520489799e-02 7.483900083193771591e-02 9.941873513997037670e-02 1.294338059309828315e-01 1.652089217276106470e-01 2.068289357018777419e-01 2.540899350209398500e-01 3.064720574031987166e-01 3.631406984947909145e-01 4.229793815785439781e-01 4.846531917539427803e-01 5.466970872814077564e-01 6.076194673757535636e-01 6.660088913317866455e-01 7.206313245353246355e-01 7.705068418227991600e-01 8.149580222439043453e-01 8.536266439290383090e-01 8.864598723077099507e-01 9.136710899367279648e-01 9.356832086932647119e-01 9.530634255510685993e-01 9.664579714532739452e-01 9.765337878597282195e-01 9.839317469991590848e-01 9.892335431716499095e-01 9.929421733279724105e-01 9.954742882021914152e-01 9.971617449294307711e-01 9.982593882162527077e-01 9.989562860670524458e-01 9.993881593323581392e-01 9.996493891737043835e-01 9.998036190459185235e-01 9.998924968733373664e-01 9.999424885326844148e-01 9.999699346450425796e-01 9.999846422939328017e-01 9.999923350997671490e-01 9.999962625017657647e-01 9.999982195655365835e-01 9.999991714485964023e-01 9.999996233473908980e-01 9.999998327478817339e-01 9.999999274572841657e-01 9.999999692679756302e-01 9.999999872840601434e-01 9.999999948613210732e-01 9.999999979719113030e-01 9.999999992182957431e-01 9.999999997057569256e-01 9.999999998918397415e-01 9.999999999611746127e-01 9.999999999863904421e-01 9.999999999953415042e-01 9.999999999984430232e-01 9.999999999994918509e-01 9.999999999998381295e-01 9.999999999999495959e-01 9.999999999999846789e-01 9.999999999999954481e-01 9.999999999999986677e-01 9.999999999999995559e-01 9.999999999999998890e-01 1.000000000000000000e+00 1.000000000000000000e+00 1.000000000000000000e+00 1.000000000000000000e+00 1.000000000000000000e+00 1.000000000000000000e+00 1.000000000000000000e+00 1.000000000000000000e+00 1.000000000000000000e+00
