0.000000000000000000e+00
0.000000000000000000e+00
0.000000000000000000e+00
0.000000000000000000e+00
0.000000000000000000e+00
0.000000000000000000e+00
0.000000000000000000e+00
0.000000000000000000e+00
0.000000000000000000e+00
0.000000000000000000e+00
0.000000000000000000e+00
0.000000000000000000e+00
0.000000000000000000e+00
0.000000000000000000e+00
0.000000000000000000e+00
0.000000000000000000e+00
0.000000000000000000e+00
0.000000000000000000e+00
0.000000000000000000e+00
0.000000000000000000e+00
0.000000000000000000e+00
9.439999999999999403e-06
9.865340000000000654e-05
6.200999999999999481e-04
3.740204000000000011e-03
2.020800700000000005e-02
8.543008100000000493e-02
2.472864280000000026e-01
4.838442379999999821e-01
7.126829380000000436e-01
8.821713399999999705e-01
