0.000000000000000000e+00 0.000000000000000000e+00 0.000000000000000000e+00 0.000000000000000000e+00 0.000000000000000000e+00 0.000000000000000000e+00 0.000000000000000000e+00 0.000000000000000000e+00 0.000000000000000000e+00 0.000000000000000000e+00 0.000000000000000000e+00 0.000000000000000000e+00 0.000000000000000000e+00 0.000000000000000000e+00 0.000000000000000000e+00 0.000000000000000000e+00 0.000000000000000000e+00 0.000000000000000000e+00 0.000000000000000000e+00 4.940000000000000015e-305 1.399999999999999902e-283 6.470000000000000114e-263 4.880000000000000050e-243 6.009999999999999852e-224 1.209999999999999984e-205 3.950000000000000102e-188 2.110000000000000158e-171 1.839999999999999960e-155 2.630000000000000065e-140 6.120000000000000551e-126 2.330000000000000093e-112 1.449999999999999927e-99 1.469999999999999915e-87 2.449999999999999859e-76 6.660000000000000150e-66 2.970000000000000080e-56 2.170000000000000054e-47 2.610000000000000052e-39 5.169999999999999940e-32 1.690000000000000036e-25 9.119999999999999428e-20 8.189999999999999370e-15 1.229999999999999888e-10 3.150000000000000016e-07 1.391049999999999904e-04 1.107938500000000062e-02 1.734850129999999935e-01 6.578747740000000510e-01 9.602695350000000074e-01 9.990355770000000080e-01 9.999956690000000314e-01 9.999999969999999738e-01 1.000000000000000000e+00 1.000000000000000000e+00 1.000000000000000000e+00 1.000000000000000000e+00 1.000000000000000000e+00 1.000000000000000000e+00 1.000000000000000000e+00 1.000000000000000000e+00 1.000000000000000000e+00 1.000000000000000000e+00 1.000000000000000000e+00 1.000000000000000000e+00 1.000000000000000000e+00 1.000000000000000000e+00 1.000000000000000000e+00 1.000000000000000000e+00 1.000000000000000000e+00 1.000000000000000000e+00 1.000000000000000000e+00 1.000000000000000000e+00 1.000000000000000000e+00 1.000000000000000000e+00 1.000000000000000000e+00 1.000000000000000000e+00 1.000000000000000000e+00 1.000000000000000000e+00 1.000000000000000000e+00 1.000000000000000000e+00 1.000000000000000000e+00 1.000000000000000000e+00 1.000000000000000000e+00 1.000000000000000000e+00 1.000000000000000000e+00 1.000000000000000000e+00 1.000000000000000000e+00 1.000000000000000000e+00 1.000000000000000000e+00 1.000000000000000000e+00 1.000000000000000000e+00 1.000000000000000000e+00 1.000000000000000000e+00 1.000000000000000000e+00 1.000000000000000000e+00 1.000000000000000000e+00 1.000000000000000000e+00 1.000000000000000000e+00 1.000000000000000000e+00 1.000000000000000000e+00
0.000000000000000000e+00 0.000000000000000000e+00 0.000000000000000000e+00 0.000000000000000000e+00 0.000000000000000000e+00 0.000000000000000000e+00 0.000000000000000000e+00 0.000000000000000000e+00 0.000000000000000000e+00 0.000000000000000000e+00 0.000000000000000000e+00 0.000000000000000000e+00 1.837553653295056209e-317 1.779999999999999882e-299 5.139999999999999820e-282 4.390000000000000036e-265 1.110000000000000079e-248 8.329999999999999398e-233 1.849999999999999820e-217 1.220000000000000090e-202 2.390000000000000003e-188 1.389999999999999938e-174 2.389999999999999951e-161 1.219999999999999918e-148 1.850000000000000012e-136 8.340000000000000229e-125 1.109999999999999966e-113 4.409999999999999876e-103 5.189999999999999807e-93 1.819999999999999953e-83 1.889999999999999851e-74 5.830000000000000410e-66 5.350000000000000049e-58 1.460000000000000070e-50 1.189999999999999983e-43 2.889999999999999843e-37 2.090000000000000069e-31 4.519999999999999830e-26 2.929999999999999994e-21 5.689999999999999768e-17 3.319999999999999990e-13 5.880000000000000374e-10 3.169999999999999931e-07 5.282259999999999804e-05 2.767060999999999913e-03 4.734986499999999793e-02 2.850027900000000058e-01 7.036835660000000381e-01 9.492987920000000024e-01 9.969388679999999781e-01 9.999395340000000187e-01 9.999996239999999759e-01 9.999999990000000283e-01 1.000000000000000000e+00 1.000000000000000000e+00 1.000000000000000000e+00 1.000000000000000000e+00 1.000000000000000000e+00 1.000000000000000000e+00 1.000000000000000000e+00 1.000000000000000000e+00 1.000000000000000000e+00 1.000000000000000000e+00 1.000000000000000000e+00 1.000000000000000000e+00 1.000000000000000000e+00 1.000000000000000000e+00 1.000000000000000000e+00 1.000000000000000000e+00 1.000000000000000000e+00 1.000000000000000000e+00 1.000000000000000000e+00 1.000000000000000000e+00 1.000000000000000000e+00 1.000000000000000000e+00 1.000000000000000000e+00 1.000000000000000000e+00 1.000000000000000000e+00 1.000000000000000000e+00 1.000000000000000000e+00 1.000000000000000000e+00 1.000000000000000000e+00 1.000000000000000000e+00 1.000000000000000000e+00 1.000000000000000000e+00 1.000000000000000000e+00 1.000000000000000000e+00 1.000000000000000000e+00 1.000000000000000000e+00 1.000000000000000000e+00 1.000000000000000000e+00 1.000000000000000000e+00 1.000000000000000000e+00 1.000000000000000000e+00 1.000000000000000000e+00 1.000000000000000000e+00 1.000000000000000000e+00 1.000000000000000000e+00 1.000000000000000000e+00 1.000000000000000000e+00
0.000000000000000000e+00 0.000000000000000000e+00 0.000000000000000000e+00 0.000000000000000000e+00 0.000000000000000000e+00 0.000000000000000000e+00 5.882713349410096354e-311 7.620000000000000244e-296 4.120000000000000015e-281 9.310000000000000649e-267 8.799999999999999834e-253 3.470000000000000080e-239 5.730000000000000001e-226 3.950000000000000182e-213 1.140000000000000014e-200 1.370000000000000048e-188 6.909999999999999789e-177 1.450000000000000051e-165 1.280000000000000051e-154 4.710000000000000017e-144 7.249999999999999585e-134 4.659999999999999954e-124 1.249999999999999973e-114 1.409999999999999957e-105 6.650000000000000105e-97 1.310000000000000105e-88 1.079999999999999958e-80 3.729999999999999773e-73 5.389999999999999862e-66 3.259999999999999942e-59 8.280000000000000093e-53 8.800000000000000747e-47 3.920000000000000033e-41 7.329999999999999444e-36 5.759999999999999884e-31 1.900000000000000073e-26 2.640000000000000166e-22 1.540000000000000087e-18 3.809999999999999984e-15 3.979999999999999601e-12 1.759999999999999919e-09 3.339999999999999997e-07 2.719769999999999881e-05 9.630010000000000046e-04 1.511998600000000019e-02 1.088897900000000002e-01 3.828611639999999761e-01 7.377760490000000448e-01 9.419067140000000338e-01 9.938854249999999890e-01 9.997090800000000277e-01 9.999939119999999848e-01 9.999999450000000012e-01 1.000000000000000000e+00 1.000000000000000000e+00 1.000000000000000000e+00 1.000000000000000000e+00 1.000000000000000000e+00 1.000000000000000000e+00 1.000000000000000000e+00 1.000000000000000000e+00 1.000000000000000000e+00 1.000000000000000000e+00 1.000000000000000000e+00 1.000000000000000000e+00 1.000000000000000000e+00 1.000000000000000000e+00 1.000000000000000000e+00 1.000000000000000000e+00 1.000000000000000000e+00 1.000000000000000000e+00 1.000000000000000000e+00 1.000000000000000000e+00 1.000000000000000000e+00 1.000000000000000000e+00 1.000000000000000000e+00 1.000000000000000000e+00 1.000000000000000000e+00 1.000000000000000000e+00 1.000000000000000000e+00 1.000000000000000000e+00 1.000000000000000000e+00 1.000000000000000000e+00 1.000000000000000000e+00 1.000000000000000000e+00 1.000000000000000000e+00 1.000000000000000000e+00 1.000000000000000000e+00 1.000000000000000000e+00 1.000000000000000000e+00 1.000000000000000000e+00 1.000000000000000000e+00 1.000000000000000000e+00 1.000000000000000000e+00 1.000000000000000000e+00 1.000000000000000000e+00 1.000000000000000000e+00 1.000000000000000000e+00 1.000000000000000000e+00 1.000000000000000000e+00
1.429999999999999930e-273 6.190000000000000534e-262 1.490000000000000025e-250 1.990000000000000019e-239 1.479999999999999890e-228 6.140000000000000170e-218 1.410000000000000086e-207 1.810000000000000038e-197 1.289999999999999899e-187 5.110000000000000533e-178 1.130000000000000101e-168 1.379999999999999972e-159 9.429999999999999599e-151 3.580000000000000323e-142 7.570000000000000380e-134 8.890000000000000412e-126 5.819999999999999858e-118 2.119999999999999884e-110 4.290000000000000213e-103 4.840000000000000295e-96 3.040000000000000089e-89 1.060000000000000000e-82 2.070000000000000025e-76 2.240000000000000003e-70 1.349999999999999928e-64 4.540000000000000435e-59 8.499999999999999972e-54 8.869999999999999943e-49 5.160000000000000360e-44 1.670000000000000070e-39 3.030000000000000065e-35 3.049999999999999904e-31 1.720000000000000009e-27 5.420000000000000082e-24 9.529999999999999798e-21 9.379999999999999392e-18 5.169999999999999995e-15 1.600000000000000049e-12 2.780000000000000223e-10 2.719999999999999872e-08 1.509999999999999942e-06 4.737670000000000330e-05 8.522999999999999543e-04 8.866936000000000609e-03 5.426140699999999761e-02 2.008446479999999867e-01 4.711625280000000249e-01 7.561313859999999609e-01 9.278786540000000249e-01 9.870073900000000400e-01 9.986173600000000095e-01 9.999146869999999687e-01 9.999969829999999504e-01 9.999999389999999488e-01 9.999999990000000283e-01 1.000000000000000000e+00 1.000000000000000000e+00 1.000000000000000000e+00 1.000000000000000000e+00 1.000000000000000000e+00 1.000000000000000000e+00 1.000000000000000000e+00 1.000000000000000000e+00 1.000000000000000000e+00 1.000000000000000000e+00 1.000000000000000000e+00 1.000000000000000000e+00 1.000000000000000000e+00 1.000000000000000000e+00 1.000000000000000000e+00 1.000000000000000000e+00 1.000000000000000000e+00 1.000000000000000000e+00 1.000000000000000000e+00 1.000000000000000000e+00 1.000000000000000000e+00 1.000000000000000000e+00 1.000000000000000000e+00 1.000000000000000000e+00 1.000000000000000000e+00 1.000000000000000000e+00 1.000000000000000000e+00 1.000000000000000000e+00 1.000000000000000000e+00 1.000000000000000000e+00 1.000000000000000000e+00 1.000000000000000000e+00 1.000000000000000000e+00 1.000000000000000000e+00 1.000000000000000000e+00 1.000000000000000000e+00 1.000000000000000000e+00 1.000000000000000000e+00 1.000000000000000000e+00 1.000000000000000000e+00 1.000000000000000000e+00 1.000000000000000000e+00 1.000000000000000000e+00 1.000000000000000000e+00 1.000000000000000000e+00
3.669999999999999876e-215 5.330000000000000262e-206 4.879999999999999959e-197 2.810000000000000115e-188 1.019999999999999987e-179 2.319999999999999980e-171 3.329999999999999925e-163 2.999999999999999836e-155 1.699999999999999978e-147 6.089999999999999714e-140 1.369999999999999943e-132 1.940000000000000047e-125 1.730000000000000109e-118 9.680000000000000750e-112 3.419999999999999854e-105 7.590000000000000375e-99 1.059999999999999991e-92 9.340000000000000301e-87 5.170000000000000409e-81 1.810000000000000090e-75 3.970000000000000303e-70 5.490000000000000044e-65 4.779999999999999809e-60 2.629999999999999962e-55 9.079999999999999950e-51 1.979999999999999925e-46 2.720000000000000051e-42 2.349999999999999989e-38 1.289999999999999947e-34 4.430000000000000159e-31 9.620000000000000241e-28 1.319999999999999936e-24 1.139999999999999928e-21 6.250000000000000447e-19 2.160000000000000093e-16 4.739999999999999871e-14 6.579999999999999831e-12 5.799999999999999617e-10 3.249999999999999985e-08 1.159999999999999905e-06 2.643980000000000052e-05 3.876800000000000016e-04 3.677067999999999916e-03 2.278843399999999977e-02 9.371590300000000318e-02 2.620174200000000009e-01 5.175231959999999631e-01 7.657785019999999720e-01 9.201514750000000520e-01 9.815635080000000290e-01 9.971820390000000200e-01 9.997190000000000243e-01 9.999818929999999551e-01 9.999992509999999779e-01 9.999999800000000105e-01 1.000000000000000000e+00 1.000000000000000000e+00 1.000000000000000000e+00 1.000000000000000000e+00 1.000000000000000000e+00 1.000000000000000000e+00 1.000000000000000000e+00 1.000000000000000000e+00 1.000000000000000000e+00 1.000000000000000000e+00 1.000000000000000000e+00 1.000000000000000000e+00 1.000000000000000000e+00 1.000000000000000000e+00 1.000000000000000000e+00 1.000000000000000000e+00 1.000000000000000000e+00 1.000000000000000000e+00 1.000000000000000000e+00 1.000000000000000000e+00 1.000000000000000000e+00 1.000000000000000000e+00 1.000000000000000000e+00 1.000000000000000000e+00 1.000000000000000000e+00 1.000000000000000000e+00 1.000000000000000000e+00 1.000000000000000000e+00 1.000000000000000000e+00 1.000000000000000000e+00 1.000000000000000000e+00 1.000000000000000000e+00 1.000000000000000000e+00 1.000000000000000000e+00 1.000000000000000000e+00 1.000000000000000000e+00 1.000000000000000000e+00 1.000000000000000000e+00 1.000000000000000000e+00 1.000000000000000000e+00 1.000000000000000000e+00 1.000000000000000000e+00 1.000000000000000000e+00 1.000000000000000000e+00 1.000000000000000000e+00
4.180000000000000167e-207 3.049999999999999974e-198 1.419999999999999902e-189 4.189999999999999804e-181 7.919999999999999519e-173 9.520000000000000731e-165 7.299999999999999763e-157 3.569999999999999967e-149 1.110000000000000032e-141 2.199999999999999965e-134 2.789999999999999870e-127 2.249999999999999995e-120 1.150000000000000040e-113 3.779999999999999843e-107 7.900000000000000361e-101 1.050000000000000047e-94 8.929999999999999565e-89 4.839999999999999948e-83 1.670000000000000016e-77 3.679999999999999813e-72 5.159999999999999791e-67 4.619999999999999803e-62 2.640000000000000209e-57 9.639999999999999346e-53 2.239999999999999979e-48 3.329999999999999989e-44 3.159999999999999972e-40 1.909999999999999891e-36 7.380000000000000317e-33 1.819999999999999871e-29 2.879999999999999881e-26 2.910000000000000210e-23 1.880000000000000120e-20 7.749999999999999591e-18 2.050000000000000179e-15 3.489999999999999770e-13 3.799999999999999802e-11 2.659999999999999913e-09 1.199999999999999893e-07 3.499999999999999947e-06 6.624199999999999360e-05 8.159270000000000368e-04 6.596623999999999717e-03 3.539147900000000346e-02 1.281405310000000020e-01 3.214734200000000097e-01 5.824088750000000481e-01 8.104896830000000163e-01 9.395904440000000246e-01 9.868916639999999463e-01 9.981019679999999505e-01 9.998189520000000385e-01 9.999887200000000531e-01 9.999995440000000180e-01 9.999999880000000063e-01 1.000000000000000000e+00 1.000000000000000000e+00 1.000000000000000000e+00 1.000000000000000000e+00 1.000000000000000000e+00 1.000000000000000000e+00 1.000000000000000000e+00 1.000000000000000000e+00 1.000000000000000000e+00 1.000000000000000000e+00 1.000000000000000000e+00 1.000000000000000000e+00 1.000000000000000000e+00 1.000000000000000000e+00 1.000000000000000000e+00 1.000000000000000000e+00 1.000000000000000000e+00 1.000000000000000000e+00 1.000000000000000000e+00 1.000000000000000000e+00 1.000000000000000000e+00 1.000000000000000000e+00 1.000000000000000000e+00 1.000000000000000000e+00 1.000000000000000000e+00 1.000000000000000000e+00 1.000000000000000000e+00 1.000000000000000000e+00 1.000000000000000000e+00 1.000000000000000000e+00 1.000000000000000000e+00 1.000000000000000000e+00 1.000000000000000000e+00 1.000000000000000000e+00 1.000000000000000000e+00 1.000000000000000000e+00 1.000000000000000000e+00 1.000000000000000000e+00 1.000000000000000000e+00 1.000000000000000000e+00 1.000000000000000000e+00 1.000000000000000000e+00 1.000000000000000000e+00 1.000000000000000000e+00 1.000000000000000000e+00
2.660000000000000162e-204 1.579999999999999973e-195 5.989999999999999756e-187 1.449999999999999876e-178 2.259999999999999834e-170 2.239999999999999976e-162 1.420000000000000008e-154 5.739999999999999503e-147 1.490000000000000024e-139 2.459999999999999978e-132 2.600000000000000057e-125 1.760000000000000045e-118 7.590000000000000294e-112 2.099999999999999985e-105 3.710000000000000054e-99 4.179999999999999620e-93 3.020000000000000127e-87 1.399999999999999946e-81 4.119999999999999914e-76 7.779999999999999847e-71 9.399999999999999826e-66 7.259999999999999492e-61 3.590000000000000145e-56 1.139999999999999949e-51 2.299999999999999820e-47 2.979999999999999813e-43 2.470000000000000013e-39 1.309999999999999993e-35 4.469999999999999970e-32 9.749999999999999972e-29 1.360000000000000052e-25 1.220000000000000102e-22 7.019999999999999528e-20 2.589999999999999931e-17 6.150000000000000143e-15 9.380000000000000421e-13 9.220000000000000214e-11 5.839999999999999685e-09 2.390000000000000093e-07 6.350000000000000189e-06 1.096240000000000062e-04 1.238174999999999996e-03 9.219237999999999392e-03 4.578534699999999708e-02 1.544229679999999938e-01 3.638737850000000051e-01 6.260463410000000062e-01 8.391384650000000001e-01 9.515876690000000249e-01 9.900961259999999653e-01 9.986478540000000015e-01 9.998782569999999925e-01 9.999928280000000003e-01 9.999997250000000060e-01 9.999999929999999759e-01 1.000000000000000000e+00 1.000000000000000000e+00 1.000000000000000000e+00 1.000000000000000000e+00 1.000000000000000000e+00 1.000000000000000000e+00 1.000000000000000000e+00 1.000000000000000000e+00 1.000000000000000000e+00 1.000000000000000000e+00 1.000000000000000000e+00 1.000000000000000000e+00 1.000000000000000000e+00 1.000000000000000000e+00 1.000000000000000000e+00 1.000000000000000000e+00 1.000000000000000000e+00 1.000000000000000000e+00 1.000000000000000000e+00 1.000000000000000000e+00 1.000000000000000000e+00 1.000000000000000000e+00 1.000000000000000000e+00 1.000000000000000000e+00 1.000000000000000000e+00 1.000000000000000000e+00 1.000000000000000000e+00 1.000000000000000000e+00 1.000000000000000000e+00 1.000000000000000000e+00 1.000000000000000000e+00 1.000000000000000000e+00 1.000000000000000000e+00 1.000000000000000000e+00 1.000000000000000000e+00 1.000000000000000000e+00 1.000000000000000000e+00 1.000000000000000000e+00 1.000000000000000000e+00 1.000000000000000000e+00 1.000000000000000000e+00 1.000000000000000000e+00 1.000000000000000000e+00 1.000000000000000000e+00 1.000000000000000000e+00
3.920000000000000326e-167 6.609999999999999868e-160 7.689999999999999735e-153 6.159999999999999618e-146 3.399999999999999990e-139 1.289999999999999969e-132 3.400000000000000015e-126 6.140000000000000264e-120 7.659999999999999342e-114 6.590000000000000352e-108 3.899999999999999995e-102 1.600000000000000058e-96 4.499999999999999759e-91 8.740000000000000357e-86 1.170000000000000002e-80 1.080000000000000013e-75 6.900000000000000340e-71 3.029999999999999845e-66 9.200000000000000018e-62 1.920000000000000049e-57 2.779999999999999865e-53 2.760000000000000045e-49 1.899999999999999985e-45 9.009999999999999732e-42 2.949999999999999914e-38 6.669999999999999597e-35 1.039999999999999894e-31 1.120000000000000093e-28 8.360000000000000437e-26 4.310000000000000066e-23 1.529999999999999936e-20 3.779999999999999916e-18 6.440000000000000122e-16 7.600000000000000433e-14 6.219999999999999750e-12 3.540000000000000183e-10 1.399999999999999963e-08 3.829999999999999753e-07 7.349999999999999932e-06 9.851480000000000078e-05 9.279489999999999614e-04 6.175543999999999825e-03 2.927683799999999947e-02 1.000778769999999956e-01 2.512102210000000113e-01 4.759724869999999997e-01 7.088942280000000151e-01 8.770934129999999884e-01 9.617197039999999530e-01 9.913770379999999882e-01 9.986135109999999537e-01 9.998422719999999764e-01 9.999873820000000357e-01 9.999992930000000113e-01 9.999999720000000147e-01 9.999999990000000283e-01 1.000000000000000000e+00 1.000000000000000000e+00 1.000000000000000000e+00 1.000000000000000000e+00 1.000000000000000000e+00 1.000000000000000000e+00 1.000000000000000000e+00 1.000000000000000000e+00 1.000000000000000000e+00 1.000000000000000000e+00 1.000000000000000000e+00 1.000000000000000000e+00 1.000000000000000000e+00 1.000000000000000000e+00 1.000000000000000000e+00 1.000000000000000000e+00 1.000000000000000000e+00 1.000000000000000000e+00 1.000000000000000000e+00 1.000000000000000000e+00 1.000000000000000000e+00 1.000000000000000000e+00 1.000000000000000000e+00 1.000000000000000000e+00 1.000000000000000000e+00 1.000000000000000000e+00 1.000000000000000000e+00 1.000000000000000000e+00 1.000000000000000000e+00 1.000000000000000000e+00 1.000000000000000000e+00 1.000000000000000000e+00 1.000000000000000000e+00 1.000000000000000000e+00 1.000000000000000000e+00 1.000000000000000000e+00 1.000000000000000000e+00 1.000000000000000000e+00 1.000000000000000000e+00 1.000000000000000000e+00 1.000000000000000000e+00 1.000000000000000000e+00 1.000000000000000000e+00 1.000000000000000000e+00
2.739999999999999899e-170 6.459999999999999587e-163 1.040000000000000031e-155 1.149999999999999987e-148 8.659999999999999981e-142 4.459999999999999774e-135 1.570000000000000063e-128 3.800000000000000091e-122 6.259999999999999632e-116 7.060000000000000545e-110 5.449999999999999762e-104 2.880000000000000058e-98 1.039999999999999933e-92 2.570000000000000080e-87 4.340000000000000113e-82 5.020000000000000078e-77 3.979999999999999828e-72 2.150000000000000133e-67 7.980000000000000091e-63 2.029999999999999893e-58 3.519999999999999923e-54 4.180000000000000091e-50 3.399999999999999962e-46 1.900000000000000087e-42 7.240000000000000434e-39 1.890000000000000086e-35 3.389999999999999937e-32 4.159999999999999786e-29 3.509999999999999819e-26 2.020000000000000011e-23 8.009999999999999893e-21 2.179999999999999956e-18 4.059999999999999905e-16 5.210000000000000014e-14 4.599999999999999786e-12 2.790000000000000188e-10 1.170000000000000054e-08 3.379999999999999826e-07 6.770000000000000403e-06 9.411469999999999526e-05 9.120870000000000106e-04 6.199053000000000375e-03 2.979919199999999865e-02 1.025954840000000007e-01 2.578308100000000214e-01 4.867597320000000005e-01 7.202748949999999706e-01 8.850295630000000191e-01 9.654193039999999781e-01 9.925379749999999612e-01 9.988598619999999872e-01 9.998777349999999897e-01 9.999908539999999846e-01 9.999995250000000002e-01 9.999999830000000367e-01 1.000000000000000000e+00 1.000000000000000000e+00 1.000000000000000000e+00 1.000000000000000000e+00 1.000000000000000000e+00 1.000000000000000000e+00 1.000000000000000000e+00 1.000000000000000000e+00 1.000000000000000000e+00 1.000000000000000000e+00 1.000000000000000000e+00 1.000000000000000000e+00 1.000000000000000000e+00 1.000000000000000000e+00 1.000000000000000000e+00 1.000000000000000000e+00 1.000000000000000000e+00 1.000000000000000000e+00 1.000000000000000000e+00 1.000000000000000000e+00 1.000000000000000000e+00 1.000000000000000000e+00 1.000000000000000000e+00 1.000000000000000000e+00 1.000000000000000000e+00 1.000000000000000000e+00 1.000000000000000000e+00 1.000000000000000000e+00 1.000000000000000000e+00 1.000000000000000000e+00 1.000000000000000000e+00 1.000000000000000000e+00 1.000000000000000000e+00 1.000000000000000000e+00 1.000000000000000000e+00 1.000000000000000000e+00 1.000000000000000000e+00 1.000000000000000000e+00 1.000000000000000000e+00 1.000000000000000000e+00 1.000000000000000000e+00 1.000000000000000000e+00 1.000000000000000000e+00 1.000000000000000000e+00 1.000000000000000000e+00
1.499999999999999956e-117 1.800000000000000048e-112 1.659999999999999888e-107 1.179999999999999972e-102 6.470000000000000028e-98 2.719999999999999838e-93 8.790000000000000442e-89 2.189999999999999948e-84 4.189999999999999792e-80 6.170000000000000416e-76 6.980000000000000478e-72 6.089999999999999773e-68 4.080000000000000007e-64 2.110000000000000101e-60 8.359999999999999437e-57 2.550000000000000223e-53 5.999999999999999808e-50 1.089999999999999984e-46 1.509999999999999928e-43 1.620000000000000032e-40 1.340000000000000085e-37 8.489999999999999897e-35 4.150000000000000061e-32 1.560000000000000130e-29 4.539999999999999773e-27 1.020000000000000051e-24 1.750000000000000026e-22 2.319999999999999981e-20 2.380000000000000047e-18 1.879999999999999980e-16 1.140000000000000065e-14 5.380000000000000300e-13 1.950000000000000052e-11 5.479999999999999688e-10 1.190000000000000068e-08 1.999999999999999909e-07 2.600000000000000094e-06 2.634280000000000128e-05 2.073689999999999995e-04 1.273650000000000086e-03 6.125916000000000347e-03 2.318837500000000065e-02 6.955819900000000111e-02 1.669643349999999915e-01 3.251403620000000161e-01 5.237176479999999801e-01 7.164558720000000491e-01 8.610842659999999871e-01 9.449854410000000371e-01 9.826104450000000545e-01 9.956519969999999553e-01 9.991455160000000113e-01 9.998686230000000119e-01 9.999842509999999907e-01 9.999985319999999955e-01 9.999998940000000003e-01 9.999999939999999476e-01 1.000000000000000000e+00 1.000000000000000000e+00 1.000000000000000000e+00 1.000000000000000000e+00 1.000000000000000000e+00 1.000000000000000000e+00 1.000000000000000000e+00 1.000000000000000000e+00 1.000000000000000000e+00 1.000000000000000000e+00 1.000000000000000000e+00 1.000000000000000000e+00 1.000000000000000000e+00 1.000000000000000000e+00 1.000000000000000000e+00 1.000000000000000000e+00 1.000000000000000000e+00 1.000000000000000000e+00 1.000000000000000000e+00 1.000000000000000000e+00 1.000000000000000000e+00 1.000000000000000000e+00 1.000000000000000000e+00 1.000000000000000000e+00 1.000000000000000000e+00 1.000000000000000000e+00 1.000000000000000000e+00 1.000000000000000000e+00 1.000000000000000000e+00 1.000000000000000000e+00 1.000000000000000000e+00 1.000000000000000000e+00 1.000000000000000000e+00 1.000000000000000000e+00 1.000000000000000000e+00 1.000000000000000000e+00 1.000000000000000000e+00 1.000000000000000000e+00 1.000000000000000000e+00 1.000000000000000000e+00 1.000000000000000000e+00 1.000000000000000000e+00 1.000000000000000000e+00
1.669999999999999966e-124 4.179999999999999997e-119 7.919999999999999391e-114 1.129999999999999937e-108 1.229999999999999890e-103 1.010000000000000040e-98 6.219999999999999924e-94 2.909999999999999957e-89 1.030000000000000100e-84 2.749999999999999847e-80 5.570000000000000000e-76 8.519999999999999616e-72 9.849999999999999512e-68 8.610000000000000496e-64 5.700000000000000191e-60 2.849999999999999921e-56 1.079999999999999964e-52 3.090000000000000124e-49 6.679999999999999975e-46 1.089999999999999995e-42 1.359999999999999936e-39 1.270000000000000082e-36 9.040000000000000082e-34 4.859999999999999985e-31 1.980000000000000053e-28 6.089999999999999976e-26 1.419999999999999947e-23 2.510000000000000120e-21 3.370000000000000172e-19 3.419999999999999983e-17 2.630000000000000137e-15 1.540000000000000001e-13 6.829999999999999776e-12 2.300000000000000071e-10 5.899999999999999892e-09 1.149999999999999974e-07 1.709999999999999933e-06 1.941560000000000093e-05 1.686070000000000071e-04 1.123557999999999979e-03 5.767893999999999972e-03 2.293404099999999876e-02 7.116420800000000657e-02 1.741877209999999898e-01 3.415212269999999828e-01 5.482000769999999523e-01 7.423299500000000162e-01 8.809949839999999810e-01 9.563120600000000193e-01 9.874166890000000141e-01 9.971822249999999777e-01 9.995125910000000058e-01 9.999351760000000366e-01 9.999933939999999799e-01 9.999994850000000213e-01 9.999999689999999886e-01 9.999999990000000283e-01 1.000000000000000000e+00 1.000000000000000000e+00 1.000000000000000000e+00 1.000000000000000000e+00 1.000000000000000000e+00 1.000000000000000000e+00 1.000000000000000000e+00 1.000000000000000000e+00 1.000000000000000000e+00 1.000000000000000000e+00 1.000000000000000000e+00 1.000000000000000000e+00 1.000000000000000000e+00 1.000000000000000000e+00 1.000000000000000000e+00 1.000000000000000000e+00 1.000000000000000000e+00 1.000000000000000000e+00 1.000000000000000000e+00 1.000000000000000000e+00 1.000000000000000000e+00 1.000000000000000000e+00 1.000000000000000000e+00 1.000000000000000000e+00 1.000000000000000000e+00 1.000000000000000000e+00 1.000000000000000000e+00 1.000000000000000000e+00 1.000000000000000000e+00 1.000000000000000000e+00 1.000000000000000000e+00 1.000000000000000000e+00 1.000000000000000000e+00 1.000000000000000000e+00 1.000000000000000000e+00 1.000000000000000000e+00 1.000000000000000000e+00 1.000000000000000000e+00 1.000000000000000000e+00 1.000000000000000000e+00 1.000000000000000000e+00 1.000000000000000000e+00 1.000000000000000000e+00
1.659999999999999944e-124 4.170000000000000091e-119 7.909999999999999445e-114 1.129999999999999937e-108 1.229999999999999890e-103 1.010000000000000040e-98 6.259999999999999571e-94 2.930000000000000031e-89 1.040000000000000045e-84 2.780000000000000174e-80 5.640000000000000478e-76 8.629999999999999554e-72 9.999999999999999429e-68 8.750000000000000076e-64 5.790000000000000246e-60 2.899999999999999912e-56 1.100000000000000045e-52 3.149999999999999828e-49 6.820000000000000044e-46 1.119999999999999927e-42 1.389999999999999991e-39 1.300000000000000024e-36 9.239999999999999682e-34 4.969999999999999573e-31 2.020000000000000056e-28 6.229999999999999580e-26 1.450000000000000082e-23 2.570000000000000155e-21 3.440000000000000088e-19 3.489999999999999764e-17 2.689999999999999929e-15 1.570000000000000126e-13 6.960000000000000232e-12 2.340000000000000191e-10 5.999999999999999960e-09 1.170000000000000021e-07 1.740000000000000069e-06 1.968549999999999982e-05 1.707369999999999884e-04 1.136258000000000016e-03 5.825046999999999864e-03 2.312821199999999869e-02 7.166226600000000224e-02 1.751523020000000097e-01 3.429317279999999912e-01 5.497574699999999703e-01 7.436283989999999955e-01 8.818124410000000024e-01 9.567006829999999962e-01 9.875562060000000475e-01 9.972200479999999700e-01 9.995203350000000375e-01 9.999363730000000450e-01 9.999935340000000172e-01 9.999994979999999867e-01 9.999999699999999603e-01 9.999999990000000283e-01 1.000000000000000000e+00 1.000000000000000000e+00 1.000000000000000000e+00 1.000000000000000000e+00 1.000000000000000000e+00 1.000000000000000000e+00 1.000000000000000000e+00 1.000000000000000000e+00 1.000000000000000000e+00 1.000000000000000000e+00 1.000000000000000000e+00 1.000000000000000000e+00 1.000000000000000000e+00 1.000000000000000000e+00 1.000000000000000000e+00 1.000000000000000000e+00 1.000000000000000000e+00 1.000000000000000000e+00 1.000000000000000000e+00 1.000000000000000000e+00 1.000000000000000000e+00 1.000000000000000000e+00 1.000000000000000000e+00 1.000000000000000000e+00 1.000000000000000000e+00 1.000000000000000000e+00 1.000000000000000000e+00 1.000000000000000000e+00 1.000000000000000000e+00 1.000000000000000000e+00 1.000000000000000000e+00 1.000000000000000000e+00 1.000000000000000000e+00 1.000000000000000000e+00 1.000000000000000000e+00 1.000000000000000000e+00 1.000000000000000000e+00 1.000000000000000000e+00 1.000000000000000000e+00 1.000000000000000000e+00 1.000000000000000000e+00 1.000000000000000000e+00 1.000000000000000000e+00
2.889999999999999875e-100 6.360000000000000319e-96 1.109999999999999999e-91 1.559999999999999969e-87 1.740000000000000024e-83 1.549999999999999968e-79 1.100000000000000027e-75 6.269999999999999505e-72 2.839999999999999917e-68 1.030000000000000020e-64 2.980000000000000152e-61 6.869999999999999805e-58 1.269999999999999999e-54 1.860000000000000074e-51 2.189999999999999859e-48 2.060000000000000020e-45 1.539999999999999940e-42 9.230000000000000546e-40 4.419999999999999612e-37 1.690000000000000004e-34 5.160000000000000097e-32 1.259999999999999965e-29 2.449999999999999879e-27 3.820000000000000204e-25 4.759999999999999747e-23 4.749999999999999702e-21 3.779999999999999820e-19 2.409999999999999964e-17 1.230000000000000068e-15 5.019999999999999688e-14 1.640000000000000080e-12 4.290000000000000178e-11 9.009999999999999906e-10 1.520000000000000045e-08 2.049999999999999960e-07 2.229999999999999825e-06 1.948360000000000096e-05 1.372529999999999952e-04 7.808630000000000215e-04 3.597471999999999996e-03 1.346932399999999953e-02 4.118235199999999846e-02 1.035015739999999990e-01 2.157666430000000080e-01 3.777892389999999989e-01 5.651289699999999527e-01 7.386745580000000366e-01 8.674768139999999850e-01 9.440624439999999451e-01 9.805432099999999984e-01 9.944633630000000446e-01 9.987178810000000295e-01 9.997593329999999723e-01 9.999634880000000114e-01 9.999955329999999920e-01 9.999995600000000096e-01 9.999999649999999907e-01 9.999999979999999455e-01 1.000000000000000000e+00 1.000000000000000000e+00 1.000000000000000000e+00 1.000000000000000000e+00 1.000000000000000000e+00 1.000000000000000000e+00 1.000000000000000000e+00 1.000000000000000000e+00 1.000000000000000000e+00 1.000000000000000000e+00 1.000000000000000000e+00 1.000000000000000000e+00 1.000000000000000000e+00 1.000000000000000000e+00 1.000000000000000000e+00 1.000000000000000000e+00 1.000000000000000000e+00 1.000000000000000000e+00 1.000000000000000000e+00 1.000000000000000000e+00 1.000000000000000000e+00 1.000000000000000000e+00 1.000000000000000000e+00 1.000000000000000000e+00 1.000000000000000000e+00 1.000000000000000000e+00 1.000000000000000000e+00 1.000000000000000000e+00 1.000000000000000000e+00 1.000000000000000000e+00 1.000000000000000000e+00 1.000000000000000000e+00 1.000000000000000000e+00 1.000000000000000000e+00 1.000000000000000000e+00 1.000000000000000000e+00 1.000000000000000000e+00 1.000000000000000000e+00 1.000000000000000000e+00 1.000000000000000000e+00 1.000000000000000000e+00 1.000000000000000000e+00
4.229999999999999821e-99 8.339999999999999842e-95 1.309999999999999921e-90 1.660000000000000094e-86 1.670000000000000076e-82 1.349999999999999969e-78 8.730000000000000229e-75 4.509999999999999686e-71 1.869999999999999957e-67 6.179999999999999782e-64 1.639999999999999996e-60 3.470000000000000213e-57 5.879999999999999555e-54 7.969999999999999734e-51 8.659999999999999802e-48 7.529999999999999518e-45 5.240000000000000127e-42 2.920000000000000022e-39 1.300000000000000024e-36 4.640000000000000314e-34 1.329999999999999944e-31 3.040000000000000253e-29 5.569999999999999870e-27 8.179999999999999798e-25 9.619999999999999946e-23 9.069999999999999272e-21 6.860000000000000475e-19 4.150000000000000258e-17 2.020000000000000086e-15 7.869999999999999535e-14 2.460000000000000019e-12 6.179999999999999597e-11 1.250000000000000026e-09 2.019999999999999890e-08 2.639999999999999817e-07 2.770000000000000161e-06 2.350840000000000010e-05 1.609500000000000091e-04 8.919579999999999870e-04 4.012029000000000289e-03 1.470002699999999919e-02 4.408742599999999900e-02 1.089503510000000008e-01 2.238801870000000083e-01 3.873706319999999925e-01 5.740899940000000479e-01 7.452999710000000055e-01 8.713398620000000205e-01 9.458326059999999647e-01 9.811774599999999458e-01 9.946396579999999821e-01 9.987553919999999641e-01 9.997652889999999459e-01 9.999641540000000495e-01 9.999955759999999971e-01 9.999995600000000096e-01 9.999999649999999907e-01 9.999999979999999455e-01 1.000000000000000000e+00 1.000000000000000000e+00 1.000000000000000000e+00 1.000000000000000000e+00 1.000000000000000000e+00 1.000000000000000000e+00 1.000000000000000000e+00 1.000000000000000000e+00 1.000000000000000000e+00 1.000000000000000000e+00 1.000000000000000000e+00 1.000000000000000000e+00 1.000000000000000000e+00 1.000000000000000000e+00 1.000000000000000000e+00 1.000000000000000000e+00 1.000000000000000000e+00 1.000000000000000000e+00 1.000000000000000000e+00 1.000000000000000000e+00 1.000000000000000000e+00 1.000000000000000000e+00 1.000000000000000000e+00 1.000000000000000000e+00 1.000000000000000000e+00 1.000000000000000000e+00 1.000000000000000000e+00 1.000000000000000000e+00 1.000000000000000000e+00 1.000000000000000000e+00 1.000000000000000000e+00 1.000000000000000000e+00 1.000000000000000000e+00 1.000000000000000000e+00 1.000000000000000000e+00 1.000000000000000000e+00 1.000000000000000000e+00 1.000000000000000000e+00 1.000000000000000000e+00 1.000000000000000000e+00 1.000000000000000000e+00 1.000000000000000000e+00
1.270000000000000041e-68 1.219999999999999986e-65 1.009999999999999936e-62 7.059999999999999554e-60 4.249999999999999773e-57 2.180000000000000137e-54 9.590000000000000162e-52 3.599999999999999695e-49 1.160000000000000019e-46 3.179999999999999828e-44 7.490000000000000172e-42 1.509999999999999885e-39 2.590000000000000011e-37 3.809999999999999812e-35 4.790000000000000015e-33 5.159999999999999659e-31 4.750000000000000116e-29 3.750000000000000144e-27 2.530000000000000183e-25 1.460000000000000127e-23 7.199999999999999598e-22 3.039999999999999809e-20 1.099999999999999925e-18 3.419999999999999983e-17 9.059999999999999308e-16 2.059999999999999868e-14 4.010000000000000079e-13 6.700000000000000128e-12 9.579999999999999488e-11 1.180000000000000061e-09 1.240000000000000019e-08 1.119999999999999970e-07 8.670000000000000211e-07 5.779999999999999717e-06 3.311289999999999937e-05 1.634170000000000110e-04 6.951909999999999513e-04 2.553278999999999879e-03 8.112209999999999907e-03 2.235241300000000153e-02 5.358823900000000279e-02 1.122577220000000042e-01 2.066208900000000015e-01 3.365870539999999966e-01 4.898721939999999830e-01 6.446875669999999614e-01 7.785850850000000101e-01 8.777534959999999664e-01 9.406479559999999518e-01 9.748052440000000152e-01 9.906899070000000362e-01 9.970152799999999482e-01 9.991720079999999449e-01 9.998016490000000145e-01 9.999590329999999971e-01 9.999927149999999765e-01 9.999988859999999757e-01 9.999998530000000496e-01 9.999999830000000367e-01 9.999999979999999455e-01 1.000000000000000000e+00 1.000000000000000000e+00 1.000000000000000000e+00 1.000000000000000000e+00 1.000000000000000000e+00 1.000000000000000000e+00 1.000000000000000000e+00 1.000000000000000000e+00 1.000000000000000000e+00 1.000000000000000000e+00 1.000000000000000000e+00 1.000000000000000000e+00 1.000000000000000000e+00 1.000000000000000000e+00 1.000000000000000000e+00 1.000000000000000000e+00 1.000000000000000000e+00 1.000000000000000000e+00 1.000000000000000000e+00 1.000000000000000000e+00 1.000000000000000000e+00 1.000000000000000000e+00 1.000000000000000000e+00 1.000000000000000000e+00 1.000000000000000000e+00 1.000000000000000000e+00 1.000000000000000000e+00 1.000000000000000000e+00 1.000000000000000000e+00 1.000000000000000000e+00 1.000000000000000000e+00 1.000000000000000000e+00 1.000000000000000000e+00 1.000000000000000000e+00 1.000000000000000000e+00 1.000000000000000000e+00 1.000000000000000000e+00 1.000000000000000000e+00 1.000000000000000000e+00 1.000000000000000000e+00
6.860000000000000070e-71 9.029999999999999634e-68 1.009999999999999984e-64 9.509999999999999840e-62 7.609999999999999966e-59 5.159999999999999581e-56 2.969999999999999993e-53 1.450000000000000041e-50 5.969999999999999956e-48 2.089999999999999891e-45 6.190000000000000171e-43 1.559999999999999963e-40 3.320000000000000124e-38 5.989999999999999944e-36 9.170000000000000164e-34 1.189999999999999950e-31 1.310000000000000109e-29 1.219999999999999990e-27 9.660000000000000200e-26 6.480000000000000020e-24 3.689999999999999853e-22 1.780000000000000110e-20 7.290000000000000306e-19 2.529999999999999942e-17 7.470000000000000095e-16 1.869999999999999857e-14 3.980000000000000207e-13 7.179999999999999698e-12 1.099999999999999950e-10 1.439999999999999990e-09 1.590000000000000010e-08 1.499999999999999932e-07 1.199999999999999946e-06 8.240000000000000728e-06 4.806580000000000319e-05 2.393239999999999875e-04 1.018772000000000037e-03 3.714453999999999846e-03 1.162640399999999991e-02 3.133464600000000072e-02 7.300007099999999971e-02 1.477617830000000076e-01 2.616208329999999971e-01 4.088004430000000133e-01 5.702823009999999915e-01 7.206648230000000099e-01 8.395334759999999452e-01 9.192833120000000191e-01 9.646961040000000542e-01 9.866445339999999620e-01 9.956476749999999543e-01 9.987819430000000054e-01 9.997079479999999574e-01 9.999401199999999879e-01 9.999895170000000499e-01 9.999984349999999633e-01 9.999998009999999660e-01 9.999999779999999561e-01 9.999999979999999455e-01 1.000000000000000000e+00 1.000000000000000000e+00 1.000000000000000000e+00 1.000000000000000000e+00 1.000000000000000000e+00 1.000000000000000000e+00 1.000000000000000000e+00 1.000000000000000000e+00 1.000000000000000000e+00 1.000000000000000000e+00 1.000000000000000000e+00 1.000000000000000000e+00 1.000000000000000000e+00 1.000000000000000000e+00 1.000000000000000000e+00 1.000000000000000000e+00 1.000000000000000000e+00 1.000000000000000000e+00 1.000000000000000000e+00 1.000000000000000000e+00 1.000000000000000000e+00 1.000000000000000000e+00 1.000000000000000000e+00 1.000000000000000000e+00 1.000000000000000000e+00 1.000000000000000000e+00 1.000000000000000000e+00 1.000000000000000000e+00 1.000000000000000000e+00 1.000000000000000000e+00 1.000000000000000000e+00 1.000000000000000000e+00 1.000000000000000000e+00 1.000000000000000000e+00 1.000000000000000000e+00 1.000000000000000000e+00 1.000000000000000000e+00 1.000000000000000000e+00 1.000000000000000000e+00 1.000000000000000000e+00 1.000000000000000000e+00
2.599999999999999949e-49 4.060000000000000163e-47 5.640000000000000526e-45 6.949999999999999792e-43 7.609999999999999902e-41 7.400000000000000292e-39 6.380000000000000185e-37 4.890000000000000243e-35 3.330000000000000193e-33 2.010000000000000010e-31 1.079999999999999950e-29 5.139999999999999868e-28 2.169999999999999883e-26 8.169999999999999827e-25 2.729999999999999985e-23 8.090000000000000443e-22 2.129999999999999993e-20 4.990000000000000026e-19 1.040000000000000013e-17 1.919999999999999891e-16 3.149999999999999910e-15 4.589999999999999879e-14 5.959999999999999848e-13 6.879999999999999765e-12 7.059999999999999402e-11 6.450000000000000474e-10 5.240000000000000103e-09 3.790000000000000188e-08 2.440000000000000144e-07 1.399999999999999937e-06 7.140000000000000249e-06 3.251949999999999925e-05 1.321940000000000018e-04 4.798709999999999868e-04 1.557100000000000064e-03 4.521828999999999779e-03 1.176971999999999914e-02 2.750932899999999903e-02 5.787172899999999676e-02 1.099003330000000028e-01 1.890985470000000057e-01 2.961908589999999730e-01 4.248298879999999889e-01 5.620949109999999749e-01 6.922077340000000190e-01 8.017679949999999556e-01 8.837196459999999698e-01 9.381739559999999756e-01 9.703160549999999551e-01 9.871691790000000077e-01 9.950187700000000524e-01 9.982664220000000421e-01 9.994599769999999994e-01 9.998496150000000249e-01 9.999625989999999520e-01 9.999917000000000389e-01 9.999983569999999489e-01 9.999997099999999861e-01 9.999999539999999687e-01 9.999999939999999476e-01 9.999999990000000283e-01 1.000000000000000000e+00 1.000000000000000000e+00 1.000000000000000000e+00 1.000000000000000000e+00 1.000000000000000000e+00 1.000000000000000000e+00 1.000000000000000000e+00 1.000000000000000000e+00 1.000000000000000000e+00 1.000000000000000000e+00 1.000000000000000000e+00 1.000000000000000000e+00 1.000000000000000000e+00 1.000000000000000000e+00 1.000000000000000000e+00 1.000000000000000000e+00 1.000000000000000000e+00 1.000000000000000000e+00 1.000000000000000000e+00 1.000000000000000000e+00 1.000000000000000000e+00 1.000000000000000000e+00 1.000000000000000000e+00 1.000000000000000000e+00 1.000000000000000000e+00 1.000000000000000000e+00 1.000000000000000000e+00 1.000000000000000000e+00 1.000000000000000000e+00 1.000000000000000000e+00 1.000000000000000000e+00 1.000000000000000000e+00 1.000000000000000000e+00 1.000000000000000000e+00 1.000000000000000000e+00 1.000000000000000000e+00 1.000000000000000000e+00 1.000000000000000000e+00 1.000000000000000000e+00
6.680000000000000384e-56 2.090000000000000012e-53 5.720000000000000162e-51 1.370000000000000135e-48 2.850000000000000134e-46 5.190000000000000292e-44 8.260000000000000142e-42 1.150000000000000041e-39 1.400000000000000051e-37 1.480000000000000006e-35 1.370000000000000001e-33 1.109999999999999891e-31 7.869999999999999815e-30 4.870000000000000238e-28 2.630000000000000015e-26 1.239999999999999979e-24 5.130000000000000242e-23 1.850000000000000102e-21 5.840000000000000077e-20 1.609999999999999907e-18 3.879999999999999692e-17 8.189999999999999962e-16 1.510000000000000003e-14 2.440000000000000205e-13 3.439999999999999882e-12 4.250000000000000187e-11 4.600000000000000142e-10 4.350000000000000074e-09 3.609999999999999900e-08 2.630000000000000125e-07 1.670000000000000104e-06 9.360000000000000169e-06 4.597419999999999767e-05 1.983599999999999914e-04 7.528040000000000382e-04 2.516258999999999857e-03 7.419407000000000259e-03 1.933724599999999891e-02 4.466167100000000001e-02 9.170605699999999361e-02 1.681085509999999950e-01 2.765869129999999898e-01 4.112404299999999902e-01 5.573683579999999527e-01 6.960089609999999816e-01 8.110065850000000021e-01 8.943990490000000015e-01 9.472680850000000374e-01 9.765708459999999924e-01 9.907693659999999847e-01 9.967838540000000247e-01 9.990110989999999580e-01 9.997321120000000061e-01 9.999361509999999953e-01 9.999866250000000178e-01 9.999975399999999626e-01 9.999996030000000147e-01 9.999999440000000295e-01 9.999999929999999759e-01 9.999999990000000283e-01 1.000000000000000000e+00 1.000000000000000000e+00 1.000000000000000000e+00 1.000000000000000000e+00 1.000000000000000000e+00 1.000000000000000000e+00 1.000000000000000000e+00 1.000000000000000000e+00 1.000000000000000000e+00 1.000000000000000000e+00 1.000000000000000000e+00 1.000000000000000000e+00 1.000000000000000000e+00 1.000000000000000000e+00 1.000000000000000000e+00 1.000000000000000000e+00 1.000000000000000000e+00 1.000000000000000000e+00 1.000000000000000000e+00 1.000000000000000000e+00 1.000000000000000000e+00 1.000000000000000000e+00 1.000000000000000000e+00 1.000000000000000000e+00 1.000000000000000000e+00 1.000000000000000000e+00 1.000000000000000000e+00 1.000000000000000000e+00 1.000000000000000000e+00 1.000000000000000000e+00 1.000000000000000000e+00 1.000000000000000000e+00 1.000000000000000000e+00 1.000000000000000000e+00 1.000000000000000000e+00 1.000000000000000000e+00 1.000000000000000000e+00 1.000000000000000000e+00 1.000000000000000000e+00 1.000000000000000000e+00
1.559999999999999964e-33 4.749999999999999958e-32 1.330000000000000076e-30 3.450000000000000007e-29 8.219999999999999900e-28 1.810000000000000041e-26 3.670000000000000170e-25 6.860000000000000413e-24 1.179999999999999921e-22 1.880000000000000120e-21 2.760000000000000144e-20 3.739999999999999936e-19 4.679999999999999749e-18 5.389999999999999823e-17 5.730000000000000418e-16 5.619999999999999814e-15 5.090000000000000273e-14 4.250000000000000066e-13 3.270000000000000001e-12 2.329999999999999967e-11 1.529999999999999886e-10 9.280000000000000007e-10 5.200000000000000241e-09 2.689999999999999934e-08 1.280000000000000080e-07 5.670000000000000347e-07 2.309999999999999906e-06 8.719999999999999521e-06 3.040119999999999956e-05 9.807430000000000390e-05 2.928219999999999825e-04 8.095920000000000373e-04 2.074012999999999985e-03 4.926713000000000099e-03 1.086133700000000042e-02 2.224558100000000038e-02 4.238236399999999876e-02 7.522606599999999422e-02 1.246219979999999977e-01 1.931247610000000059e-01 2.807246339999999729e-01 3.840192829999999891e-01 4.963326519999999853e-01 6.089394299999999483e-01 7.130457420000000379e-01 8.017958509999999483e-01 8.715611890000000139e-01 9.221307330000000357e-01 9.559306969999999959e-01 9.767621979999999704e-01 9.886008170000000206e-01 9.948046010000000106e-01 9.978022859999999827e-01 9.991379219999999561e-01 9.996866540000000079e-01 9.998945299999999481e-01 9.999671420000000310e-01 9.999905300000000441e-01 9.999974759999999963e-01 9.999993780000000498e-01 9.999998580000000192e-01 9.999999699999999603e-01 9.999999939999999476e-01 9.999999990000000283e-01 1.000000000000000000e+00 1.000000000000000000e+00 1.000000000000000000e+00 1.000000000000000000e+00 1.000000000000000000e+00 1.000000000000000000e+00 1.000000000000000000e+00 1.000000000000000000e+00 1.000000000000000000e+00 1.000000000000000000e+00 1.000000000000000000e+00 1.000000000000000000e+00 1.000000000000000000e+00 1.000000000000000000e+00 1.000000000000000000e+00 1.000000000000000000e+00 1.000000000000000000e+00 1.000000000000000000e+00 1.000000000000000000e+00 1.000000000000000000e+00 1.000000000000000000e+00 1.000000000000000000e+00 1.000000000000000000e+00 1.000000000000000000e+00 1.000000000000000000e+00 1.000000000000000000e+00 1.000000000000000000e+00 1.000000000000000000e+00 1.000000000000000000e+00 1.000000000000000000e+00 1.000000000000000000e+00 1.000000000000000000e+00 1.000000000000000000e+00 1.000000000000000000e+00 1.000000000000000000e+00 1.000000000000000000e+00
7.979999999999999590e-35 2.919999999999999986e-33 9.770000000000000061e-32 2.999999999999999900e-30 8.469999999999999865e-29 2.189999999999999970e-27 5.190000000000000228e-26 1.129999999999999923e-24 2.249999999999999874e-23 4.119999999999999796e-22 6.920000000000000120e-21 1.070000000000000012e-19 1.499999999999999915e-18 1.949999999999999947e-17 2.320000000000000228e-16 2.530000000000000090e-15 2.540000000000000095e-14 2.330000000000000169e-13 1.969999999999999886e-12 1.519999999999999986e-11 1.080000000000000019e-10 7.080000000000000367e-10 4.240000000000000248e-09 2.340000000000000109e-08 1.179999999999999978e-07 5.500000000000000281e-07 2.349999999999999947e-06 9.249999999999999528e-06 3.346539999999999980e-05 1.113879999999999981e-04 3.413639999999999795e-04 9.638090000000000416e-04 2.508779000000000044e-03 6.025537000000000080e-03 1.336678500000000082e-02 2.742092499999999877e-02 5.209534400000000176e-02 9.182357900000000239e-02 1.504863230000000052e-01 2.299259449999999927e-01 3.285821420000000215e-01 4.409454489999999893e-01 5.583102559999999492e-01 6.707357010000000175e-01 7.695010450000000501e-01 8.490725329999999627e-01 9.078651509999999814e-01 9.477033609999999664e-01 9.724597680000000022e-01 9.865684049999999816e-01 9.939421960000000000e-01 9.974764969999999620e-01 9.990300330000000395e-01 9.996562749999999831e-01 9.998877830000000300e-01 9.999662679999999915e-01 9.999906680000000270e-01 9.999976250000000011e-01 9.999994439999999596e-01 9.999998799999999521e-01 9.999999760000000126e-01 9.999999960000000021e-01 9.999999990000000283e-01 1.000000000000000000e+00 1.000000000000000000e+00 1.000000000000000000e+00 1.000000000000000000e+00 1.000000000000000000e+00 1.000000000000000000e+00 1.000000000000000000e+00 1.000000000000000000e+00 1.000000000000000000e+00 1.000000000000000000e+00 1.000000000000000000e+00 1.000000000000000000e+00 1.000000000000000000e+00 1.000000000000000000e+00 1.000000000000000000e+00 1.000000000000000000e+00 1.000000000000000000e+00 1.000000000000000000e+00 1.000000000000000000e+00 1.000000000000000000e+00 1.000000000000000000e+00 1.000000000000000000e+00 1.000000000000000000e+00 1.000000000000000000e+00 1.000000000000000000e+00 1.000000000000000000e+00 1.000000000000000000e+00 1.000000000000000000e+00 1.000000000000000000e+00 1.000000000000000000e+00 1.000000000000000000e+00 1.000000000000000000e+00 1.000000000000000000e+00 1.000000000000000000e+00 1.000000000000000000e+00 1.000000000000000000e+00 1.000000000000000000e+00
5.889999999999999854e-24 7.140000000000000502e-23 8.130000000000000153e-22 8.710000000000000562e-21 8.780000000000000177e-20 8.310000000000000464e-19 7.400000000000000683e-18 6.199999999999999673e-17 4.880000000000000411e-16 3.619999999999999658e-15 2.519999999999999928e-14 1.650000000000000037e-13 1.020000000000000097e-12 5.909999999999999657e-12 3.220000000000000254e-11 1.659999999999999954e-10 8.000000000000000291e-10 3.630000000000000079e-09 1.560000000000000072e-08 6.260000000000000468e-08 2.369999999999999914e-07 8.479999999999999701e-07 2.849999999999999818e-06 9.020000000000000037e-06 2.691329999999999862e-05 7.565900000000000186e-05 2.004920000000000042e-04 5.009829999999999839e-04 1.180878999999999913e-03 2.626859000000000052e-03 5.517479999999999954e-03 1.094911699999999953e-02 2.054270299999999896e-02 3.647001799999999988e-02 6.132513700000000179e-02 9.778384099999999635e-02 1.480527020000000082e-01 2.132019719999999896e-01 2.925677010000000133e-01 3.834479590000000049e-01 4.812660819999999839e-01 5.802312520000000307e-01 6.743462260000000486e-01 7.584757290000000429e-01 8.291646040000000273e-01 8.849945009999999890e-01 9.264417179999999696e-01 9.553642599999999652e-01 9.743352410000000186e-01 9.860317149999999753e-01 9.928101839999999845e-01 9.965026729999999500e-01 9.983933499999999572e-01 9.993033159999999970e-01 9.997149800000000308e-01 9.998900320000000397e-01 9.999600010000000427e-01 9.999862880000000009e-01 9.999955710000000275e-01 9.999986520000000434e-01 9.999996140000000366e-01 9.999998960000000547e-01 9.999999739999999582e-01 9.999999939999999476e-01 9.999999990000000283e-01 1.000000000000000000e+00 1.000000000000000000e+00 1.000000000000000000e+00 1.000000000000000000e+00 1.000000000000000000e+00 1.000000000000000000e+00 1.000000000000000000e+00 1.000000000000000000e+00 1.000000000000000000e+00 1.000000000000000000e+00 1.000000000000000000e+00 1.000000000000000000e+00 1.000000000000000000e+00 1.000000000000000000e+00 1.000000000000000000e+00 1.000000000000000000e+00 1.000000000000000000e+00 1.000000000000000000e+00 1.000000000000000000e+00 1.000000000000000000e+00 1.000000000000000000e+00 1.000000000000000000e+00 1.000000000000000000e+00 1.000000000000000000e+00 1.000000000000000000e+00 1.000000000000000000e+00 1.000000000000000000e+00 1.000000000000000000e+00 1.000000000000000000e+00 1.000000000000000000e+00 1.000000000000000000e+00 1.000000000000000000e+00 1.000000000000000000e+00 1.000000000000000000e+00 1.000000000000000000e+00
2.089999999999999916e-22 2.299999999999999994e-21 2.389999999999999898e-20 2.329999999999999832e-19 2.140000000000000169e-18 1.849999999999999863e-17 1.499999999999999969e-16 1.149999999999999951e-15 8.239999999999999788e-15 5.569999999999999869e-14 3.540000000000000062e-13 2.119999999999999852e-12 1.190000000000000059e-11 6.330000000000000371e-11 3.159999999999999945e-10 1.480000000000000059e-09 6.559999999999999681e-09 2.729999999999999961e-08 1.070000000000000052e-07 3.949999999999999768e-07 1.370000000000000012e-06 4.500000000000000114e-06 1.388300000000000074e-05 4.037489999999999862e-05 1.106939999999999942e-04 2.861860000000000142e-04 6.979739999999999686e-04 1.606465000000000063e-03 3.490977000000000142e-03 7.166416000000000106e-03 1.390629200000000065e-02 2.552686800000000117e-02 4.436495299999999864e-02 7.307802900000000268e-02 1.142268020000000023e-01 1.696725890000000125e-01 2.399175189999999958e-01 3.235926439999999848e-01 4.173084550000000226e-01 5.159965060000000214e-01 6.137093230000000288e-01 7.046742000000000283e-01 7.842958399999999664e-01 8.498233349999999575e-01 9.005283509999999492e-01 9.374187170000000124e-01 9.626540710000000001e-01 9.788848719999999615e-01 9.887001850000000092e-01 9.942810530000000258e-01 9.972645949999999759e-01 9.987642610000000420e-01 9.994730050000000254e-01 9.997879349999999610e-01 9.999195090000000397e-01 9.999711930000000359e-01 9.999902819999999526e-01 9.999969100000000166e-01 9.999990749999999595e-01 9.999997390000000541e-01 9.999999309999999531e-01 9.999999830000000367e-01 9.999999960000000021e-01 9.999999990000000283e-01 1.000000000000000000e+00 1.000000000000000000e+00 1.000000000000000000e+00 1.000000000000000000e+00 1.000000000000000000e+00 1.000000000000000000e+00 1.000000000000000000e+00 1.000000000000000000e+00 1.000000000000000000e+00 1.000000000000000000e+00 1.000000000000000000e+00 1.000000000000000000e+00 1.000000000000000000e+00 1.000000000000000000e+00 1.000000000000000000e+00 1.000000000000000000e+00 1.000000000000000000e+00 1.000000000000000000e+00 1.000000000000000000e+00 1.000000000000000000e+00 1.000000000000000000e+00 1.000000000000000000e+00 1.000000000000000000e+00 1.000000000000000000e+00 1.000000000000000000e+00 1.000000000000000000e+00 1.000000000000000000e+00 1.000000000000000000e+00 1.000000000000000000e+00 1.000000000000000000e+00 1.000000000000000000e+00 1.000000000000000000e+00 1.000000000000000000e+00 1.000000000000000000e+00 1.000000000000000000e+00 1.000000000000000000e+00
6.820000000000000380e-16 3.619999999999999658e-15 1.839999999999999922e-14 8.969999999999999896e-14 4.189999999999999817e-13 1.869999999999999908e-12 8.030000000000000317e-12 3.300000000000000237e-11 1.299999999999999905e-10 4.899999999999999623e-10 1.770000000000000092e-09 6.139999999999999890e-09 2.040000000000000069e-08 6.499999999999999971e-08 1.989999999999999952e-07 5.810000000000000277e-07 1.630000000000000064e-06 4.400000000000000224e-06 1.135250000000000015e-05 2.812359999999999955e-05 6.684239999999999550e-05 1.524429999999999904e-04 3.336699999999999952e-04 7.010919999999999479e-04 1.414443000000000037e-03 2.740723999999999938e-03 5.102088999999999756e-03 9.128203999999999138e-03 1.570182399999999964e-02 2.598006400000000063e-02 4.136971400000000187e-02 6.343627400000000083e-02 9.373584899999999609e-02 1.335772480000000095e-01 1.837454819999999878e-01 2.442404599999999926e-01 3.140968519999999820e-01 3.913452250000000188e-01 4.731481679999999801e-01 5.561036209999999924e-01 6.366632309999999961e-01 7.115812329999999797e-01 7.783005210000000229e-01 8.352006130000000361e-01 8.816704180000000113e-01 9.180137680000000078e-01 9.452329619999999544e-01 9.647548430000000286e-01 9.781628430000000041e-01 9.869814959999999582e-01 9.925358850000000066e-01 9.958860480000000237e-01 9.978210920000000206e-01 9.988914070000000089e-01 9.994583339999999483e-01 9.997458999999999651e-01 9.998855819999999950e-01 9.999505570000000176e-01 9.999794990000000494e-01 9.999918450000000458e-01 9.999968890000000554e-01 9.999988610000000167e-01 9.999995999999999885e-01 9.999998660000000150e-01 9.999999569999999949e-01 9.999999870000000346e-01 9.999999960000000021e-01 9.999999990000000283e-01 1.000000000000000000e+00 1.000000000000000000e+00 1.000000000000000000e+00 1.000000000000000000e+00 1.000000000000000000e+00 1.000000000000000000e+00 1.000000000000000000e+00 1.000000000000000000e+00 1.000000000000000000e+00 1.000000000000000000e+00 1.000000000000000000e+00 1.000000000000000000e+00 1.000000000000000000e+00 1.000000000000000000e+00 1.000000000000000000e+00 1.000000000000000000e+00 1.000000000000000000e+00 1.000000000000000000e+00 1.000000000000000000e+00 1.000000000000000000e+00 1.000000000000000000e+00 1.000000000000000000e+00 1.000000000000000000e+00 1.000000000000000000e+00 1.000000000000000000e+00 1.000000000000000000e+00 1.000000000000000000e+00 1.000000000000000000e+00 1.000000000000000000e+00 1.000000000000000000e+00 1.000000000000000000e+00 1.000000000000000000e+00
6.349999999999999448e-14 2.710000000000000065e-13 1.109999999999999915e-12 4.409999999999999990e-12 1.679999999999999950e-11 6.179999999999999597e-11 2.189999999999999934e-10 7.470000000000000054e-10 2.460000000000000190e-09 7.779999999999999190e-09 2.380000000000000136e-08 6.989999999999999726e-08 1.979999999999999995e-07 5.419999999999999564e-07 1.430000000000000073e-06 3.629999999999999973e-06 8.889999999999999587e-06 2.101010000000000066e-05 4.786029999999999983e-05 1.051540000000000032e-04 2.228669999999999924e-04 4.557289999999999865e-04 8.992629999999999721e-04 1.712673999999999967e-03 3.148989999999999949e-03 5.590987999999999861e-03 9.588566999999999230e-03 1.588949599999999948e-02 2.545193200000000003e-02 3.942489899999999936e-02 5.908406799999999653e-02 8.571571799999999630e-02 1.204523309999999958e-01 1.640771269999999893e-01 2.168287600000000093e-01 2.782466710000000010e-01 3.470977579999999785e-01 4.214139140000000006e-01 4.986485949999999723e-01 5.759341209999999656e-01 6.503971440000000381e-01 7.194751590000000308e-01 7.811766559999999693e-01 8.342416590000000243e-01 8.781834039999999453e-01 9.132184749999999740e-01 9.401143220000000023e-01 9.599946670000000237e-01 9.741434500000000218e-01 9.838389570000000139e-01 9.902359859999999570e-01 9.942998790000000531e-01 9.967856569999999916e-01 9.982496480000000449e-01 9.990798250000000325e-01 9.995330959999999543e-01 9.997713839999999852e-01 9.998919990000000313e-01 9.999507819999999825e-01 9.999783669999999791e-01 9.999908299999999972e-01 9.999962519999999744e-01 9.999985230000000280e-01 9.999994389999999900e-01 9.999997940000000529e-01 9.999999269999999552e-01 9.999999750000000409e-01 9.999999920000000042e-01 9.999999969999999738e-01 9.999999990000000283e-01 1.000000000000000000e+00 1.000000000000000000e+00 1.000000000000000000e+00 1.000000000000000000e+00 1.000000000000000000e+00 1.000000000000000000e+00 1.000000000000000000e+00 1.000000000000000000e+00 1.000000000000000000e+00 1.000000000000000000e+00 1.000000000000000000e+00 1.000000000000000000e+00 1.000000000000000000e+00 1.000000000000000000e+00 1.000000000000000000e+00 1.000000000000000000e+00 1.000000000000000000e+00 1.000000000000000000e+00 1.000000000000000000e+00 1.000000000000000000e+00 1.000000000000000000e+00 1.000000000000000000e+00 1.000000000000000000e+00 1.000000000000000000e+00 1.000000000000000000e+00 1.000000000000000000e+00 1.000000000000000000e+00 1.000000000000000000e+00 1.000000000000000000e+00 1.000000000000000000e+00
1.520000000000000087e-13 6.080000000000000346e-13 2.340000000000000127e-12 8.699999999999999684e-12 3.129999999999999790e-11 1.080000000000000019e-10 3.629999999999999872e-10 1.170000000000000096e-09 3.669999999999999941e-09 1.110000000000000013e-08 3.229999999999999806e-08 9.080000000000000574e-08 2.469999999999999751e-07 6.500000000000000235e-07 1.650000000000000084e-06 4.050000000000000187e-06 9.599999999999999566e-06 2.200459999999999935e-05 4.875219999999999717e-05 1.044169999999999999e-04 2.162239999999999952e-04 4.329690000000000079e-04 8.384939999999999581e-04 1.570776999999999981e-03 2.847012999999999801e-03 4.993728999999999703e-03 8.478779000000000524e-03 1.393931600000000021e-02 2.219689899999999910e-02 3.424898400000000315e-02 5.122606799999999960e-02 7.430712300000000270e-02 1.045929879999999979e-01 1.429474669999999947e-01 1.898270800000000091e-01 2.451294569999999950e-01 3.080939140000000243e-01 3.772832309999999967e-01 4.506626959999999738e-01 5.257734229999999620e-01 5.999763989999999936e-01 6.707274050000000543e-01 7.358356259999999649e-01 7.936626650000000449e-01 8.432325569999999937e-01 8.842432270000000205e-01 9.169899299999999531e-01 9.422264860000000297e-01 9.609973550000000531e-01 9.744724040000000143e-01 9.838085579999999997e-01 9.900516139999999687e-01 9.940808060000000390e-01 9.965905550000000446e-01 9.980993620000000455e-01 9.989748069999999647e-01 9.994650539999999639e-01 9.997300209999999687e-01 9.998682380000000203e-01 9.999378230000000034e-01 9.999716349999999698e-01 9.999874920000000333e-01 9.999946690000000027e-01 9.999978040000000457e-01 9.999991259999999604e-01 9.999996639999999548e-01 9.999998749999999825e-01 9.999999550000000514e-01 9.999999840000000084e-01 9.999999950000000304e-01 9.999999979999999455e-01 9.999999990000000283e-01 1.000000000000000000e+00 1.000000000000000000e+00 1.000000000000000000e+00 1.000000000000000000e+00 1.000000000000000000e+00 1.000000000000000000e+00 1.000000000000000000e+00 1.000000000000000000e+00 1.000000000000000000e+00 1.000000000000000000e+00 1.000000000000000000e+00 1.000000000000000000e+00 1.000000000000000000e+00 1.000000000000000000e+00 1.000000000000000000e+00 1.000000000000000000e+00 1.000000000000000000e+00 1.000000000000000000e+00 1.000000000000000000e+00 1.000000000000000000e+00 1.000000000000000000e+00 1.000000000000000000e+00 1.000000000000000000e+00 1.000000000000000000e+00 1.000000000000000000e+00 1.000000000000000000e+00 1.000000000000000000e+00 1.000000000000000000e+00
9.269999999999999880e-13 3.369999999999999979e-12 1.190000000000000059e-11 4.039999999999999749e-11 1.330000000000000060e-10 4.249999999999999799e-10 1.310000000000000026e-09 3.930000000000000284e-09 1.139999999999999951e-08 3.200000000000000199e-08 8.679999999999999639e-08 2.280000000000000034e-07 5.819999999999999970e-07 1.439999999999999977e-06 3.430000000000000194e-06 7.950000000000000117e-06 1.783660000000000131e-05 3.876560000000000032e-05 8.163729999999999847e-05 1.666050000000000083e-04 3.295330000000000177e-04 6.318079999999999790e-04 1.174396000000000077e-03 2.116718000000000072e-03 3.700114999999999914e-03 6.274319000000000424e-03 1.032341099999999935e-02 1.648559299999999977e-02 2.555906299999999992e-02 3.848536899999999844e-02 5.630249400000000154e-02 8.006340200000000573e-02 1.107218870000000049e-01 1.489956030000000042e-01 1.952244310000000038e-01 2.492485220000000001e-01 3.103320909999999766e-01 3.771547450000000135e-01 4.478817749999999820e-01 5.203102779999999594e-01 5.920725199999999910e-01 6.608656200000000425e-01 7.246708299999999880e-01 7.819279890000000455e-01 8.316405110000000267e-01 8.734008640000000545e-01 9.073418800000000450e-01 9.340318330000000335e-01 9.543382379999999499e-01 9.692861499999999575e-01 9.799322400000000099e-01 9.872682849999999677e-01 9.921592649999999569e-01 9.953142099999999770e-01 9.972832280000000216e-01 9.984721949999999513e-01 9.991668209999999828e-01 9.995594620000000097e-01 9.997741949999999767e-01 9.998878180000000393e-01 9.999459880000000078e-01 9.999748010000000242e-01 9.999886089999999728e-01 9.999950109999999892e-01 9.999978840000000035e-01 9.999991299999999583e-01 9.999996540000000156e-01 9.999998669999999867e-01 9.999999499999999708e-01 9.999999819999999540e-01 9.999999939999999476e-01 9.999999979999999455e-01 9.999999990000000283e-01 1.000000000000000000e+00 1.000000000000000000e+00 1.000000000000000000e+00 1.000000000000000000e+00 1.000000000000000000e+00 1.000000000000000000e+00 1.000000000000000000e+00 1.000000000000000000e+00 1.000000000000000000e+00 1.000000000000000000e+00 1.000000000000000000e+00 1.000000000000000000e+00 1.000000000000000000e+00 1.000000000000000000e+00 1.000000000000000000e+00 1.000000000000000000e+00 1.000000000000000000e+00 1.000000000000000000e+00 1.000000000000000000e+00 1.000000000000000000e+00 1.000000000000000000e+00 1.000000000000000000e+00 1.000000000000000000e+00 1.000000000000000000e+00 1.000000000000000000e+00 1.000000000000000000e+00 1.000000000000000000e+00
1.870000000000000069e-11 5.819999999999999677e-11 1.760000000000000126e-10 5.189999999999999655e-10 1.490000000000000025e-09 4.140000000000000179e-09 1.119999999999999937e-08 2.939999999999999856e-08 7.530000000000000591e-08 1.869999999999999937e-07 4.520000000000000240e-07 1.060000000000000016e-06 2.430000000000000028e-06 5.399999999999999967e-06 1.168049999999999938e-05 2.455970000000000136e-05 5.022999999999999850e-05 9.993620000000000042e-05 1.934390000000000024e-04 3.643100000000000136e-04 6.676650000000000119e-04 1.190862999999999904e-03 2.067493000000000108e-03 3.494417000000000096e-03 5.750838999999999777e-03 9.217202000000000728e-03 1.439044100000000034e-02 2.189086299999999999e-02 3.245523300000000000e-02 4.691083900000000279e-02 6.612687200000000320e-02 9.094254000000000226e-02 1.220756910000000001e-01 1.600207290000000004e-01 2.049492159999999896e-01 2.566293319999999878e-01 3.143804040000000022e-01 3.770752050000000244e-01 4.431959770000000187e-01 5.109412850000000228e-01 5.783716399999999647e-01 6.435744920000000535e-01 7.048254149999999552e-01 7.607230729999999719e-01 8.102805819999999715e-01 8.529641019999999463e-01 8.886787080000000394e-01 9.177100000000000257e-01 9.406356510000000171e-01 9.582234649999999965e-01 9.713314769999999987e-01 9.808221400000000090e-01 9.874977510000000347e-01 9.920593819999999896e-01 9.950875789999999999e-01 9.970404910000000287e-01 9.982640240000000276e-01 9.990087279999999570e-01 9.994490649999999698e-01 9.997020079999999753e-01 9.998431620000000075e-01 9.999196860000000298e-01 9.999599890000000491e-01 9.999806110000000192e-01 9.999908600000000369e-01 9.999958100000000405e-01 9.999981319999999840e-01 9.999991900000000378e-01 9.999996589999999852e-01 9.999998599999999627e-01 9.999999440000000295e-01 9.999999779999999561e-01 9.999999920000000042e-01 9.999999969999999738e-01 9.999999990000000283e-01 1.000000000000000000e+00 1.000000000000000000e+00 1.000000000000000000e+00 1.000000000000000000e+00 1.000000000000000000e+00 1.000000000000000000e+00 1.000000000000000000e+00 1.000000000000000000e+00 1.000000000000000000e+00 1.000000000000000000e+00 1.000000000000000000e+00 1.000000000000000000e+00 1.000000000000000000e+00 1.000000000000000000e+00 1.000000000000000000e+00 1.000000000000000000e+00 1.000000000000000000e+00 1.000000000000000000e+00 1.000000000000000000e+00 1.000000000000000000e+00 1.000000000000000000e+00 1.000000000000000000e+00 1.000000000000000000e+00 1.000000000000000000e+00 1.000000000000000000e+00
3.710000000000000146e-12 1.210000000000000054e-11 3.850000000000000276e-11 1.190000000000000027e-10 3.560000000000000114e-10 1.039999999999999924e-09 2.940000000000000187e-09 8.080000000000000222e-09 2.160000000000000151e-08 5.609999999999999942e-08 1.420000000000000010e-07 3.470000000000000235e-07 8.279999999999999498e-07 1.919999999999999828e-06 4.330000000000000048e-06 9.480000000000000715e-06 2.018220000000000135e-05 4.178969999999999733e-05 8.414170000000000113e-05 1.647540000000000018e-04 3.137540000000000186e-04 5.811980000000000011e-04 1.047360999999999908e-03 1.836404000000000031e-03 3.133354999999999994e-03 5.203524999999999644e-03 8.412361000000000144e-03 1.324237500000000067e-02 2.030243899999999851e-02 3.032384000000000121e-02 4.413746500000000073e-02 6.262786900000000267e-02 8.666289800000000210e-02 1.170019810000000049e-01 1.541914390000000135e-01 1.984601440000000050e-01 2.496322639999999926e-01 3.070742730000000087e-01 3.696902930000000032e-01 4.359731079999999981e-01 5.041090209999999905e-01 5.721249840000000031e-01 6.380583560000000487e-01 7.001251560000000262e-01 7.568630320000000467e-01 8.072300709999999935e-01 8.506490289999999455e-01 8.869963130000000362e-01 9.165440430000000305e-01 9.398698070000000016e-01 9.577514390000000377e-01 9.710632750000000035e-01 9.806866699999999826e-01 9.874424899999999505e-01 9.920481020000000427e-01 9.950970909999999892e-01 9.970572170000000511e-01 9.982809059999999679e-01 9.990227590000000379e-01 9.994594999999999452e-01 9.997091830000000012e-01 9.998477980000000098e-01 9.999225290000000044e-01 9.999616519999999786e-01 9.999815420000000010e-01 9.999913620000000503e-01 9.999960700000000147e-01 9.999982619999999711e-01 9.999992530000000324e-01 9.999996880000000532e-01 9.999998730000000391e-01 9.999999499999999708e-01 9.999999809999999822e-01 9.999999929999999759e-01 9.999999969999999738e-01 9.999999990000000283e-01 1.000000000000000000e+00 1.000000000000000000e+00 1.000000000000000000e+00 1.000000000000000000e+00 1.000000000000000000e+00 1.000000000000000000e+00 1.000000000000000000e+00 1.000000000000000000e+00 1.000000000000000000e+00 1.000000000000000000e+00 1.000000000000000000e+00 1.000000000000000000e+00 1.000000000000000000e+00 1.000000000000000000e+00 1.000000000000000000e+00 1.000000000000000000e+00 1.000000000000000000e+00 1.000000000000000000e+00 1.000000000000000000e+00 1.000000000000000000e+00 1.000000000000000000e+00 1.000000000000000000e+00 1.000000000000000000e+00 1.000000000000000000e+00
7.810000000000000043e-13 2.770000000000000112e-12 9.560000000000000462e-12 3.190000000000000099e-11 1.030000000000000062e-10 3.240000000000000185e-10 9.859999999999999038e-10 2.910000000000000084e-09 8.319999999999999393e-09 2.309999999999999840e-08 6.199999999999999931e-08 1.619999999999999948e-07 4.090000000000000228e-07 9.999999999999999547e-07 2.380000000000000083e-06 5.489999999999999953e-06 1.229089999999999950e-05 2.667310000000000048e-05 5.615860000000000133e-05 1.147239999999999946e-04 2.274260000000000008e-04 4.375480000000000059e-04 8.170939999999999800e-04 1.481312999999999944e-03 2.607503000000000164e-03 4.457471999999999650e-03 7.401697999999999958e-03 1.194143899999999987e-02 1.872322900000000095e-02 2.853870299999999860e-02 4.230228899999999986e-02 6.100073599999999985e-02 8.561195200000000505e-02 1.169963819999999960e-01 1.557711380000000034e-01 2.021839179999999903e-01 2.560083919999999735e-01 3.164833710000000133e-01 3.823136050000000008e-01 4.517406720000000098e-01 5.226798219999999606e-01 5.929056550000000314e-01 6.602593730000000383e-01 7.228457769999999671e-01 7.791903580000000273e-01 8.283352099999999885e-01 8.698647999999999936e-01 9.038657390000000014e-01 9.308355489999999843e-01 9.515616909999999873e-01 9.669933529999999999e-01 9.781250270000000357e-01 9.859047079999999630e-01 9.911723550000000049e-01 9.946279660000000300e-01 9.968242409999999998e-01 9.981766300000000092e-01 9.989834380000000014e-01 9.994497660000000172e-01 9.997109010000000406e-01 9.998525769999999646e-01 9.999270460000000416e-01 9.999649689999999813e-01 9.999836800000000414e-01 9.999926239999999966e-01 9.999967659999999814e-01 9.999986250000000298e-01 9.999994330000000486e-01 9.999997729999999807e-01 9.999999120000000463e-01 9.999999670000000451e-01 9.999999880000000063e-01 9.999999960000000021e-01 9.999999990000000283e-01 1.000000000000000000e+00 1.000000000000000000e+00 1.000000000000000000e+00 1.000000000000000000e+00 1.000000000000000000e+00 1.000000000000000000e+00 1.000000000000000000e+00 1.000000000000000000e+00 1.000000000000000000e+00 1.000000000000000000e+00 1.000000000000000000e+00 1.000000000000000000e+00 1.000000000000000000e+00 1.000000000000000000e+00 1.000000000000000000e+00 1.000000000000000000e+00 1.000000000000000000e+00 1.000000000000000000e+00 1.000000000000000000e+00 1.000000000000000000e+00 1.000000000000000000e+00 1.000000000000000000e+00 1.000000000000000000e+00 1.000000000000000000e+00 1.000000000000000000e+00 1.000000000000000000e+00
6.810000000000000265e-13 2.460000000000000019e-12 8.599999999999999706e-12 2.919999999999999998e-11 9.570000000000000298e-11 3.039999999999999842e-10 9.380000000000000696e-10 2.799999999999999844e-09 8.109999999999999498e-09 2.270000000000000143e-08 6.170000000000000324e-08 1.629999999999999905e-07 4.149999999999999971e-07 1.030000000000000091e-06 2.460000000000000164e-06 5.710000000000000387e-06 1.285380000000000050e-05 2.806299999999999881e-05 5.940449999999999680e-05 1.219369999999999948e-04 2.427379999999999924e-04 4.686800000000000189e-04 8.778479999999999747e-04 1.595274000000000041e-03 2.813206999999999861e-03 4.815108999999999709e-03 8.001022999999999469e-03 1.291007400000000055e-02 2.023382199999999853e-02 3.081274700000000144e-02 4.560798800000000208e-02 6.564232400000000189e-02 9.190871000000000457e-02 1.252512120000000007e-01 1.662308919999999912e-01 2.149962559999999967e-01 2.711821039999999794e-01 3.338600829999999742e-01 4.015580499999999997e-01 4.723540740000000127e-01 5.440368319999999702e-01 6.143105869999999635e-01 6.810134110000000129e-01 7.423144550000000397e-01 7.968606070000000541e-01 8.438535809999999637e-01 8.830525190000000357e-01 9.147108640000000124e-01 9.394665309999999936e-01 9.582092890000000196e-01 9.719485970000000252e-01 9.817000329999999719e-01 9.884011110000000544e-01 9.928596560000000348e-01 9.957318499999999739e-01 9.975233079999999974e-01 9.986051700000000420e-01 9.992377399999999854e-01 9.995958520000000069e-01 9.997921419999999948e-01 9.998963140000000083e-01 9.999498420000000332e-01 9.999764719999999496e-01 9.999892999999999699e-01 9.999952819999999853e-01 9.999979839999999509e-01 9.999991649999999677e-01 9.999996650000000376e-01 9.999998690000000412e-01 9.999999510000000535e-01 9.999999819999999540e-01 9.999999939999999476e-01 9.999999979999999455e-01 9.999999990000000283e-01 1.000000000000000000e+00 1.000000000000000000e+00 1.000000000000000000e+00 1.000000000000000000e+00 1.000000000000000000e+00 1.000000000000000000e+00 1.000000000000000000e+00 1.000000000000000000e+00 1.000000000000000000e+00 1.000000000000000000e+00 1.000000000000000000e+00 1.000000000000000000e+00 1.000000000000000000e+00 1.000000000000000000e+00 1.000000000000000000e+00 1.000000000000000000e+00 1.000000000000000000e+00 1.000000000000000000e+00 1.000000000000000000e+00 1.000000000000000000e+00 1.000000000000000000e+00 1.000000000000000000e+00 1.000000000000000000e+00 1.000000000000000000e+00 1.000000000000000000e+00 1.000000000000000000e+00
1.019999999999999935e-11 3.319999999999999909e-11 1.049999999999999993e-10 3.220000000000000254e-10 9.569999999999999006e-10 2.759999999999999982e-09 7.749999999999999914e-09 2.110000000000000034e-08 5.579999999999999673e-08 1.429999999999999967e-07 3.560000000000000114e-07 8.619999999999999631e-07 2.030000000000000046e-06 4.619999999999999812e-06 1.023499999999999942e-05 2.202129999999999870e-05 4.602260000000000216e-05 9.343500000000000243e-05 1.842919999999999899e-04 3.531900000000000252e-04 6.577679999999999812e-04 1.190585999999999988e-03 2.094784000000000142e-03 3.583300000000000200e-03 5.960408999999999846e-03 9.642968999999999499e-03 1.517718699999999997e-02 2.324522999999999867e-02 3.465523100000000162e-02 5.030863599999999686e-02 7.114095199999999342e-02 9.803597799999999585e-02 1.317190799999999884e-01 1.726411810000000047e-01 2.208703180000000099e-01 2.760103239999999736e-01 3.371650339999999746e-01 4.029609259999999971e-01 4.716319370000000011e-01 5.411590010000000284e-01 6.094463310000000078e-01 6.745090440000000021e-01 7.346444140000000234e-01 7.885623889999999747e-01 8.354591599999999785e-01 8.750284320000000227e-01 9.074160420000000338e-01 9.331321639999999862e-01 9.529400310000000207e-01 9.677405049999999731e-01 9.784685159999999549e-01 9.860119370000000050e-01 9.911573830000000029e-01 9.945621180000000505e-01 9.967476100000000061e-01 9.981084909999999866e-01 9.989305379999999790e-01 9.994122399999999518e-01 9.996860610000000147e-01 9.998370540000000029e-01 9.999178250000000379e-01 9.999597390000000141e-01 9.999808390000000102e-01 9.999911420000000550e-01 9.999960230000000116e-01 9.999982659999999690e-01 9.999992659999999978e-01 9.999996979999999924e-01 9.999998789999999804e-01 9.999999529999999970e-01 9.999999819999999540e-01 9.999999939999999476e-01 9.999999979999999455e-01 9.999999990000000283e-01 1.000000000000000000e+00 1.000000000000000000e+00 1.000000000000000000e+00 1.000000000000000000e+00 1.000000000000000000e+00 1.000000000000000000e+00 1.000000000000000000e+00 1.000000000000000000e+00 1.000000000000000000e+00 1.000000000000000000e+00 1.000000000000000000e+00 1.000000000000000000e+00 1.000000000000000000e+00 1.000000000000000000e+00 1.000000000000000000e+00 1.000000000000000000e+00 1.000000000000000000e+00 1.000000000000000000e+00 1.000000000000000000e+00 1.000000000000000000e+00 1.000000000000000000e+00 1.000000000000000000e+00 1.000000000000000000e+00 1.000000000000000000e+00 1.000000000000000000e+00 1.000000000000000000e+00
