0.000000000000000000e+00 0.000000000000000000e+00 0.000000000000000000e+00 0.000000000000000000e+00 0.000000000000000000e+00 0.000000000000000000e+00 0.000000000000000000e+00 0.000000000000000000e+00 0.000000000000000000e+00 0.000000000000000000e+00 0.000000000000000000e+00 0.000000000000000000e+00 0.000000000000000000e+00 0.000000000000000000e+00 0.000000000000000000e+00 0.000000000000000000e+00 0.000000000000000000e+00 0.000000000000000000e+00 0.000000000000000000e+00 0.000000000000000000e+00 0.000000000000000000e+00 0.000000000000000000e+00 0.000000000000000000e+00 0.000000000000000000e+00 0.000000000000000000e+00 0.000000000000000000e+00 0.000000000000000000e+00 0.000000000000000000e+00 0.000000000000000000e+00 0.000000000000000000e+00 0.000000000000000000e+00 0.000000000000000000e+00 0.000000000000000000e+00 0.000000000000000000e+00 0.000000000000000000e+00 0.000000000000000000e+00 0.000000000000000000e+00 0.000000000000000000e+00 0.000000000000000000e+00 0.000000000000000000e+00 4.112631667893293636e-300 2.846541311324474666e-243 1.941351186248944230e-192 1.308981599489271839e-147 8.768652725300595454e-109 5.880208579826860184e-76 3.997622511300589030e-49 2.820658486102360396e-28 2.174494023839248110e-13 2.128284410114804836e-04 5.780645911337042309e-01 9.999552700380438530e-01 9.999999999999888978e-01 1.000000000000000000e+00 1.000000000000000000e+00 1.000000000000000000e+00 1.000000000000000000e+00 1.000000000000000000e+00 1.000000000000000000e+00 1.000000000000000000e+00 1.000000000000000000e+00 1.000000000000000000e+00 1.000000000000000000e+00 1.000000000000000000e+00 1.000000000000000000e+00 1.000000000000000000e+00 1.000000000000000000e+00 1.000000000000000000e+00 1.000000000000000000e+00 1.000000000000000000e+00 1.000000000000000000e+00 1.000000000000000000e+00 1.000000000000000000e+00 1.000000000000000000e+00 1.000000000000000000e+00 1.000000000000000000e+00 1.000000000000000000e+00 1.000000000000000000e+00 1.000000000000000000e+00 1.000000000000000000e+00 1.000000000000000000e+00 1.000000000000000000e+00 1.000000000000000000e+00 1.000000000000000000e+00 1.000000000000000000e+00 1.000000000000000000e+00 1.000000000000000000e+00 1.000000000000000000e+00 1.000000000000000000e+00 1.000000000000000000e+00 1.000000000000000000e+00 1.000000000000000000e+00 1.000000000000000000e+00 1.000000000000000000e+00 1.000000000000000000e+00 1.000000000000000000e+00 1.000000000000000000e+00 1.000000000000000000e+00 1.000000000000000000e+00 1.000000000000000000e+00
0.000000000000000000e+00 0.000000000000000000e+00 0.000000000000000000e+00 0.000000000000000000e+00 0.000000000000000000e+00 0.000000000000000000e+00 0.000000000000000000e+00 0.000000000000000000e+00 0.000000000000000000e+00 0.000000000000000000e+00 0.000000000000000000e+00 0.000000000000000000e+00 0.000000000000000000e+00 0.000000000000000000e+00 0.000000000000000000e+00 0.000000000000000000e+00 0.000000000000000000e+00 0.000000000000000000e+00 0.000000000000000000e+00 0.000000000000000000e+00 0.000000000000000000e+00 0.000000000000000000e+00 0.000000000000000000e+00 0.000000000000000000e+00 0.000000000000000000e+00 0.000000000000000000e+00 0.000000000000000000e+00 0.000000000000000000e+00 0.000000000000000000e+00 0.000000000000000000e+00 0.000000000000000000e+00 0.000000000000000000e+00 0.000000000000000000e+00 0.000000000000000000e+00 0.000000000000000000e+00 0.000000000000000000e+00 0.000000000000000000e+00 0.000000000000000000e+00 0.000000000000000000e+00 0.000000000000000000e+00 4.112631667893293636e-300 2.846541311324474666e-243 1.941351186248944230e-192 1.308981599489271839e-147 8.768652725300595454e-109 5.880208579826860184e-76 3.997622511300589030e-49 2.820658486102360396e-28 2.174494023839248110e-13 2.128284410114804836e-04 5.780645911337042309e-01 9.999552700380438530e-01 9.999999999999888978e-01 1.000000000000000000e+00 1.000000000000000000e+00 1.000000000000000000e+00 1.000000000000000000e+00 1.000000000000000000e+00 1.000000000000000000e+00 1.000000000000000000e+00 1.000000000000000000e+00 1.000000000000000000e+00 1.000000000000000000e+00 1.000000000000000000e+00 1.000000000000000000e+00 1.000000000000000000e+00 1.000000000000000000e+00 1.000000000000000000e+00 1.000000000000000000e+00 1.000000000000000000e+00 1.000000000000000000e+00 1.000000000000000000e+00 1.000000000000000000e+00 1.000000000000000000e+00 1.000000000000000000e+00 1.000000000000000000e+00 1.000000000000000000e+00 1.000000000000000000e+00 1.000000000000000000e+00 1.000000000000000000e+00 1.000000000000000000e+00 1.000000000000000000e+00 1.000000000000000000e+00 1.000000000000000000e+00 1.000000000000000000e+00 1.000000000000000000e+00 1.000000000000000000e+00 1.000000000000000000e+00 1.000000000000000000e+00 1.000000000000000000e+00 1.000000000000000000e+00 1.000000000000000000e+00 1.000000000000000000e+00 1.000000000000000000e+00 1.000000000000000000e+00 1.000000000000000000e+00 1.000000000000000000e+00 1.000000000000000000e+00 1.000000000000000000e+00 1.000000000000000000e+00
0.000000000000000000e+00 0.000000000000000000e+00 0.000000000000000000e+00 0.000000000000000000e+00 0.000000000000000000e+00 0.000000000000000000e+00 0.000000000000000000e+00 0.000000000000000000e+00 0.000000000000000000e+00 0.000000000000000000e+00 0.000000000000000000e+00 0.000000000000000000e+00 0.000000000000000000e+00 0.000000000000000000e+00 0.000000000000000000e+00 0.000000000000000000e+00 0.000000000000000000e+00 0.000000000000000000e+00 0.000000000000000000e+00 0.000000000000000000e+00 0.000000000000000000e+00 0.000000000000000000e+00 0.000000000000000000e+00 0.000000000000000000e+00 0.000000000000000000e+00 0.000000000000000000e+00 0.000000000000000000e+00 0.000000000000000000e+00 0.000000000000000000e+00 0.000000000000000000e+00 0.000000000000000000e+00 0.000000000000000000e+00 0.000000000000000000e+00 0.000000000000000000e+00 0.000000000000000000e+00 0.000000000000000000e+00 0.000000000000000000e+00 0.000000000000000000e+00 0.000000000000000000e+00 0.000000000000000000e+00 4.112631667893293636e-300 2.846541311324474666e-243 1.941351186248944230e-192 1.308981599489271839e-147 8.768652725300595454e-109 5.880208579826860184e-76 3.997622511300589030e-49 2.820658486102360396e-28 2.174494023839248110e-13 2.128284410114804836e-04 5.780645911337042309e-01 9.999552700380438530e-01 9.999999999999888978e-01 1.000000000000000000e+00 1.000000000000000000e+00 1.000000000000000000e+00 1.000000000000000000e+00 1.000000000000000000e+00 1.000000000000000000e+00 1.000000000000000000e+00 1.000000000000000000e+00 1.000000000000000000e+00 1.000000000000000000e+00 1.000000000000000000e+00 1.000000000000000000e+00 1.000000000000000000e+00 1.000000000000000000e+00 1.000000000000000000e+00 1.000000000000000000e+00 1.000000000000000000e+00 1.000000000000000000e+00 1.000000000000000000e+00 1.000000000000000000e+00 1.000000000000000000e+00 1.000000000000000000e+00 1.000000000000000000e+00 1.000000000000000000e+00 1.000000000000000000e+00 1.000000000000000000e+00 1.000000000000000000e+00 1.000000000000000000e+00 1.000000000000000000e+00 1.000000000000000000e+00 1.000000000000000000e+00 1.000000000000000000e+00 1.000000000000000000e+00 1.000000000000000000e+00 1.000000000000000000e+00 1.000000000000000000e+00 1.000000000000000000e+00 1.000000000000000000e+00 1.000000000000000000e+00 1.000000000000000000e+00 1.000000000000000000e+00 1.000000000000000000e+00 1.000000000000000000e+00 1.000000000000000000e+00 1.000000000000000000e+00 1.000000000000000000e+00 1.000000000000000000e+00
0.000000000000000000e+00 0.000000000000000000e+00 0.000000000000000000e+00 0.000000000000000000e+00 0.000000000000000000e+00 0.000000000000000000e+00 0.000000000000000000e+00 0.000000000000000000e+00 0.000000000000000000e+00 0.000000000000000000e+00 0.000000000000000000e+00 0.000000000000000000e+00 0.000000000000000000e+00 0.000000000000000000e+00 0.000000000000000000e+00 0.000000000000000000e+00 0.000000000000000000e+00 0.000000000000000000e+00 0.000000000000000000e+00 0.000000000000000000e+00 0.000000000000000000e+00 0.000000000000000000e+00 0.000000000000000000e+00 0.000000000000000000e+00 0.000000000000000000e+00 0.000000000000000000e+00 0.000000000000000000e+00 0.000000000000000000e+00 0.000000000000000000e+00 0.000000000000000000e+00 0.000000000000000000e+00 0.000000000000000000e+00 0.000000000000000000e+00 0.000000000000000000e+00 0.000000000000000000e+00 0.000000000000000000e+00 0.000000000000000000e+00 0.000000000000000000e+00 0.000000000000000000e+00 0.000000000000000000e+00 4.112631667893293636e-300 2.846541311324474666e-243 1.941351186248944230e-192 1.308981599489271839e-147 8.768652725300595454e-109 5.880208579826860184e-76 3.997622511300589030e-49 2.820658486102360396e-28 2.174494023839248110e-13 2.128284410114804836e-04 5.780645911337042309e-01 9.999552700380438530e-01 9.999999999999888978e-01 1.000000000000000000e+00 1.000000000000000000e+00 1.000000000000000000e+00 1.000000000000000000e+00 1.000000000000000000e+00 1.000000000000000000e+00 1.000000000000000000e+00 1.000000000000000000e+00 1.000000000000000000e+00 1.000000000000000000e+00 1.000000000000000000e+00 1.000000000000000000e+00 1.000000000000000000e+00 1.000000000000000000e+00 1.000000000000000000e+00 1.000000000000000000e+00 1.000000000000000000e+00 1.000000000000000000e+00 1.000000000000000000e+00 1.000000000000000000e+00 1.000000000000000000e+00 1.000000000000000000e+00 1.000000000000000000e+00 1.000000000000000000e+00 1.000000000000000000e+00 1.000000000000000000e+00 1.000000000000000000e+00 1.000000000000000000e+00 1.000000000000000000e+00 1.000000000000000000e+00 1.000000000000000000e+00 1.000000000000000000e+00 1.000000000000000000e+00 1.000000000000000000e+00 1.000000000000000000e+00 1.000000000000000000e+00 1.000000000000000000e+00 1.000000000000000000e+00 1.000000000000000000e+00 1.000000000000000000e+00 1.000000000000000000e+00 1.000000000000000000e+00 1.000000000000000000e+00 1.000000000000000000e+00 1.000000000000000000e+00 1.000000000000000000e+00 1.000000000000000000e+00
0.000000000000000000e+00 0.000000000000000000e+00 0.000000000000000000e+00 0.000000000000000000e+00 0.000000000000000000e+00 0.000000000000000000e+00 0.000000000000000000e+00 0.000000000000000000e+00 0.000000000000000000e+00 0.000000000000000000e+00 0.000000000000000000e+00 0.000000000000000000e+00 0.000000000000000000e+00 0.000000000000000000e+00 0.000000000000000000e+00 0.000000000000000000e+00 0.000000000000000000e+00 0.000000000000000000e+00 0.000000000000000000e+00 0.000000000000000000e+00 0.000000000000000000e+00 0.000000000000000000e+00 0.000000000000000000e+00 0.000000000000000000e+00 0.000000000000000000e+00 0.000000000000000000e+00 0.000000000000000000e+00 0.000000000000000000e+00 0.000000000000000000e+00 0.000000000000000000e+00 0.000000000000000000e+00 0.000000000000000000e+00 0.000000000000000000e+00 0.000000000000000000e+00 0.000000000000000000e+00 0.000000000000000000e+00 0.000000000000000000e+00 0.000000000000000000e+00 0.000000000000000000e+00 0.000000000000000000e+00 4.112631667893293636e-300 2.846541311324474666e-243 1.941351186248944230e-192 1.308981599489271839e-147 8.768652725300595454e-109 5.880208579826860184e-76 3.997622511300589030e-49 2.820658486102360396e-28 2.174494023839248110e-13 2.128284410114804836e-04 5.780645911337042309e-01 9.999552700380438530e-01 9.999999999999888978e-01 1.000000000000000000e+00 1.000000000000000000e+00 1.000000000000000000e+00 1.000000000000000000e+00 1.000000000000000000e+00 1.000000000000000000e+00 1.000000000000000000e+00 1.000000000000000000e+00 1.000000000000000000e+00 1.000000000000000000e+00 1.000000000000000000e+00 1.000000000000000000e+00 1.000000000000000000e+00 1.000000000000000000e+00 1.000000000000000000e+00 1.000000000000000000e+00 1.000000000000000000e+00 1.000000000000000000e+00 1.000000000000000000e+00 1.000000000000000000e+00 1.000000000000000000e+00 1.000000000000000000e+00 1.000000000000000000e+00 1.000000000000000000e+00 1.000000000000000000e+00 1.000000000000000000e+00 1.000000000000000000e+00 1.000000000000000000e+00 1.000000000000000000e+00 1.000000000000000000e+00 1.000000000000000000e+00 1.000000000000000000e+00 1.000000000000000000e+00 1.000000000000000000e+00 1.000000000000000000e+00 1.000000000000000000e+00 1.000000000000000000e+00 1.000000000000000000e+00 1.000000000000000000e+00 1.000000000000000000e+00 1.000000000000000000e+00 1.000000000000000000e+00 1.000000000000000000e+00 1.000000000000000000e+00 1.000000000000000000e+00 1.000000000000000000e+00 1.000000000000000000e+00
0.000000000000000000e+00 0.000000000000000000e+00 0.000000000000000000e+00 0.000000000000000000e+00 0.000000000000000000e+00 0.000000000000000000e+00 0.000000000000000000e+00 0.000000000000000000e+00 0.000000000000000000e+00 0.000000000000000000e+00 0.000000000000000000e+00 0.000000000000000000e+00 0.000000000000000000e+00 0.000000000000000000e+00 0.000000000000000000e+00 0.000000000000000000e+00 0.000000000000000000e+00 0.000000000000000000e+00 0.000000000000000000e+00 0.000000000000000000e+00 0.000000000000000000e+00 0.000000000000000000e+00 0.000000000000000000e+00 0.000000000000000000e+00 0.000000000000000000e+00 0.000000000000000000e+00 0.000000000000000000e+00 0.000000000000000000e+00 0.000000000000000000e+00 0.000000000000000000e+00 0.000000000000000000e+00 0.000000000000000000e+00 0.000000000000000000e+00 0.000000000000000000e+00 0.000000000000000000e+00 0.000000000000000000e+00 0.000000000000000000e+00 0.000000000000000000e+00 0.000000000000000000e+00 0.000000000000000000e+00 4.112631667893293636e-300 2.846541311324474666e-243 1.941351186248944230e-192 1.308981599489271839e-147 8.768652725300595454e-109 5.880208579826860184e-76 3.997622511300589030e-49 2.820658486102360396e-28 2.174494023839248110e-13 2.128284410114804836e-04 5.780645911337042309e-01 9.999552700380438530e-01 9.999999999999888978e-01 1.000000000000000000e+00 1.000000000000000000e+00 1.000000000000000000e+00 1.000000000000000000e+00 1.000000000000000000e+00 1.000000000000000000e+00 1.000000000000000000e+00 1.000000000000000000e+00 1.000000000000000000e+00 1.000000000000000000e+00 1.000000000000000000e+00 1.000000000000000000e+00 1.000000000000000000e+00 1.000000000000000000e+00 1.000000000000000000e+00 1.000000000000000000e+00 1.000000000000000000e+00 1.000000000000000000e+00 1.000000000000000000e+00 1.000000000000000000e+00 1.000000000000000000e+00 1.000000000000000000e+00 1.000000000000000000e+00 1.000000000000000000e+00 1.000000000000000000e+00 1.000000000000000000e+00 1.000000000000000000e+00 1.000000000000000000e+00 1.000000000000000000e+00 1.000000000000000000e+00 1.000000000000000000e+00 1.000000000000000000e+00 1.000000000000000000e+00 1.000000000000000000e+00 1.000000000000000000e+00 1.000000000000000000e+00 1.000000000000000000e+00 1.000000000000000000e+00 1.000000000000000000e+00 1.000000000000000000e+00 1.000000000000000000e+00 1.000000000000000000e+00 1.000000000000000000e+00 1.000000000000000000e+00 1.000000000000000000e+00 1.000000000000000000e+00 1.000000000000000000e+00
0.000000000000000000e+00 0.000000000000000000e+00 0.000000000000000000e+00 0.000000000000000000e+00 0.000000000000000000e+00 0.000000000000000000e+00 0.000000000000000000e+00 0.000000000000000000e+00 0.000000000000000000e+00 0.000000000000000000e+00 0.000000000000000000e+00 0.000000000000000000e+00 0.000000000000000000e+00 0.000000000000000000e+00 0.000000000000000000e+00 0.000000000000000000e+00 0.000000000000000000e+00 0.000000000000000000e+00 0.000000000000000000e+00 0.000000000000000000e+00 0.000000000000000000e+00 0.000000000000000000e+00 0.000000000000000000e+00 0.000000000000000000e+00 0.000000000000000000e+00 0.000000000000000000e+00 0.000000000000000000e+00 0.000000000000000000e+00 0.000000000000000000e+00 0.000000000000000000e+00 0.000000000000000000e+00 0.000000000000000000e+00 0.000000000000000000e+00 0.000000000000000000e+00 0.000000000000000000e+00 0.000000000000000000e+00 0.000000000000000000e+00 0.000000000000000000e+00 0.000000000000000000e+00 0.000000000000000000e+00 4.112631667893293636e-300 2.846541311324474666e-243 1.941351186248944230e-192 1.308981599489271839e-147 8.768652725300595454e-109 5.880208579826860184e-76 3.997622511300589030e-49 2.820658486102360396e-28 2.174494023839248110e-13 2.128284410114804836e-04 5.780645911337042309e-01 9.999552700380438530e-01 9.999999999999888978e-01 1.000000000000000000e+00 1.000000000000000000e+00 1.000000000000000000e+00 1.000000000000000000e+00 1.000000000000000000e+00 1.000000000000000000e+00 1.000000000000000000e+00 1.000000000000000000e+00 1.000000000000000000e+00 1.000000000000000000e+00 1.000000000000000000e+00 1.000000000000000000e+00 1.000000000000000000e+00 1.000000000000000000e+00 1.000000000000000000e+00 1.000000000000000000e+00 1.000000000000000000e+00 1.000000000000000000e+00 1.000000000000000000e+00 1.000000000000000000e+00 1.000000000000000000e+00 1.000000000000000000e+00 1.000000000000000000e+00 1.000000000000000000e+00 1.000000000000000000e+00 1.000000000000000000e+00 1.000000000000000000e+00 1.000000000000000000e+00 1.000000000000000000e+00 1.000000000000000000e+00 1.000000000000000000e+00 1.000000000000000000e+00 1.000000000000000000e+00 1.000000000000000000e+00 1.000000000000000000e+00 1.000000000000000000e+00 1.000000000000000000e+00 1.000000000000000000e+00 1.000000000000000000e+00 1.000000000000000000e+00 1.000000000000000000e+00 1.000000000000000000e+00 1.000000000000000000e+00 1.000000000000000000e+00 1.000000000000000000e+00 1.000000000000000000e+00 1.000000000000000000e+00
0.000000000000000000e+00 0.000000000000000000e+00 0.000000000000000000e+00 0.000000000000000000e+00 0.000000000000000000e+00 0.000000000000000000e+00 0.000000000000000000e+00 0.000000000000000000e+00 0.000000000000000000e+00 0.000000000000000000e+00 0.000000000000000000e+00 0.000000000000000000e+00 0.000000000000000000e+00 0.000000000000000000e+00 0.000000000000000000e+00 0.000000000000000000e+00 0.000000000000000000e+00 0.000000000000000000e+00 0.000000000000000000e+00 0.000000000000000000e+00 0.000000000000000000e+00 0.000000000000000000e+00 0.000000000000000000e+00 0.000000000000000000e+00 0.000000000000000000e+00 0.000000000000000000e+00 0.000000000000000000e+00 0.000000000000000000e+00 0.000000000000000000e+00 0.000000000000000000e+00 0.000000000000000000e+00 0.000000000000000000e+00 0.000000000000000000e+00 0.000000000000000000e+00 0.000000000000000000e+00 0.000000000000000000e+00 0.000000000000000000e+00 0.000000000000000000e+00 0.000000000000000000e+00 0.000000000000000000e+00 4.112631667893293636e-300 2.846541311324474666e-243 1.941351186248944230e-192 1.308981599489271839e-147 8.768652725300595454e-109 5.880208579826860184e-76 3.997622511300589030e-49 2.820658486102360396e-28 2.174494023839248110e-13 2.128284410114804836e-04 5.780645911337042309e-01 9.999552700380438530e-01 9.999999999999888978e-01 1.000000000000000000e+00 1.000000000000000000e+00 1.000000000000000000e+00 1.000000000000000000e+00 1.000000000000000000e+00 1.000000000000000000e+00 1.000000000000000000e+00 1.000000000000000000e+00 1.000000000000000000e+00 1.000000000000000000e+00 1.000000000000000000e+00 1.000000000000000000e+00 1.000000000000000000e+00 1.000000000000000000e+00 1.000000000000000000e+00 1.000000000000000000e+00 1.000000000000000000e+00 1.000000000000000000e+00 1.000000000000000000e+00 1.000000000000000000e+00 1.000000000000000000e+00 1.000000000000000000e+00 1.000000000000000000e+00 1.000000000000000000e+00 1.000000000000000000e+00 1.000000000000000000e+00 1.000000000000000000e+00 1.000000000000000000e+00 1.000000000000000000e+00 1.000000000000000000e+00 1.000000000000000000e+00 1.000000000000000000e+00 1.000000000000000000e+00 1.000000000000000000e+00 1.000000000000000000e+00 1.000000000000000000e+00 1.000000000000000000e+00 1.000000000000000000e+00 1.000000000000000000e+00 1.000000000000000000e+00 1.000000000000000000e+00 1.000000000000000000e+00 1.000000000000000000e+00 1.000000000000000000e+00 1.000000000000000000e+00 1.000000000000000000e+00 1.000000000000000000e+00
0.000000000000000000e+00 0.000000000000000000e+00 0.000000000000000000e+00 0.000000000000000000e+00 0.000000000000000000e+00 0.000000000000000000e+00 0.000000000000000000e+00 0.000000000000000000e+00 0.000000000000000000e+00 0.000000000000000000e+00 0.000000000000000000e+00 0.000000000000000000e+00 0.000000000000000000e+00 0.000000000000000000e+00 0.000000000000000000e+00 0.000000000000000000e+00 0.000000000000000000e+00 0.000000000000000000e+00 0.000000000000000000e+00 0.000000000000000000e+00 0.000000000000000000e+00 0.000000000000000000e+00 0.000000000000000000e+00 0.000000000000000000e+00 0.000000000000000000e+00 0.000000000000000000e+00 0.000000000000000000e+00 0.000000000000000000e+00 0.000000000000000000e+00 0.000000000000000000e+00 0.000000000000000000e+00 0.000000000000000000e+00 0.000000000000000000e+00 0.000000000000000000e+00 0.000000000000000000e+00 0.000000000000000000e+00 0.000000000000000000e+00 0.000000000000000000e+00 0.000000000000000000e+00 0.000000000000000000e+00 4.067037477590903053e-300 2.820057017080233468e-243 1.926461762814668927e-192 1.300886949393366819e-147 8.726145056857723346e-109 5.858677694916850269e-76 3.987123352727047865e-49 2.815742459115815861e-28 2.172291922043626276e-13 2.127345897412002507e-04 5.780268640370012090e-01 9.999552559456550416e-01 9.999999999999888978e-01 1.000000000000000000e+00 1.000000000000000000e+00 1.000000000000000000e+00 1.000000000000000000e+00 1.000000000000000000e+00 1.000000000000000000e+00 1.000000000000000000e+00 1.000000000000000000e+00 1.000000000000000000e+00 1.000000000000000000e+00 1.000000000000000000e+00 1.000000000000000000e+00 1.000000000000000000e+00 1.000000000000000000e+00 1.000000000000000000e+00 1.000000000000000000e+00 1.000000000000000000e+00 1.000000000000000000e+00 1.000000000000000000e+00 1.000000000000000000e+00 1.000000000000000000e+00 1.000000000000000000e+00 1.000000000000000000e+00 1.000000000000000000e+00 1.000000000000000000e+00 1.000000000000000000e+00 1.000000000000000000e+00 1.000000000000000000e+00 1.000000000000000000e+00 1.000000000000000000e+00 1.000000000000000000e+00 1.000000000000000000e+00 1.000000000000000000e+00 1.000000000000000000e+00 1.000000000000000000e+00 1.000000000000000000e+00 1.000000000000000000e+00 1.000000000000000000e+00 1.000000000000000000e+00 1.000000000000000000e+00 1.000000000000000000e+00 1.000000000000000000e+00 1.000000000000000000e+00 1.000000000000000000e+00 1.000000000000000000e+00 1.000000000000000000e+00 1.000000000000000000e+00
0.000000000000000000e+00 0.000000000000000000e+00 0.000000000000000000e+00 0.000000000000000000e+00 0.000000000000000000e+00 0.000000000000000000e+00 0.000000000000000000e+00 0.000000000000000000e+00 0.000000000000000000e+00 0.000000000000000000e+00 0.000000000000000000e+00 0.000000000000000000e+00 0.000000000000000000e+00 0.000000000000000000e+00 0.000000000000000000e+00 0.000000000000000000e+00 0.000000000000000000e+00 0.000000000000000000e+00 0.000000000000000000e+00 0.000000000000000000e+00 0.000000000000000000e+00 0.000000000000000000e+00 0.000000000000000000e+00 0.000000000000000000e+00 0.000000000000000000e+00 0.000000000000000000e+00 0.000000000000000000e+00 0.000000000000000000e+00 0.000000000000000000e+00 0.000000000000000000e+00 0.000000000000000000e+00 0.000000000000000000e+00 0.000000000000000000e+00 0.000000000000000000e+00 0.000000000000000000e+00 0.000000000000000000e+00 0.000000000000000000e+00 0.000000000000000000e+00 0.000000000000000000e+00 0.000000000000000000e+00 3.999529679176373963e-300 2.767477428342437567e-243 1.888193469072922091e-192 1.274529182296695527e-147 8.553042820119602407e-109 5.749750759753903026e-76 3.921228717024622706e-49 2.777329578870704456e-28 2.150675874040524079e-13 2.115588096790547968e-04 5.774080280946940480e-01 9.999549405316745521e-01 9.999999999999888978e-01 1.000000000000000000e+00 1.000000000000000000e+00 1.000000000000000000e+00 1.000000000000000000e+00 1.000000000000000000e+00 1.000000000000000000e+00 1.000000000000000000e+00 1.000000000000000000e+00 1.000000000000000000e+00 1.000000000000000000e+00 1.000000000000000000e+00 1.000000000000000000e+00 1.000000000000000000e+00 1.000000000000000000e+00 1.000000000000000000e+00 1.000000000000000000e+00 1.000000000000000000e+00 1.000000000000000000e+00 1.000000000000000000e+00 1.000000000000000000e+00 1.000000000000000000e+00 1.000000000000000000e+00 1.000000000000000000e+00 1.000000000000000000e+00 1.000000000000000000e+00 1.000000000000000000e+00 1.000000000000000000e+00 1.000000000000000000e+00 1.000000000000000000e+00 1.000000000000000000e+00 1.000000000000000000e+00 1.000000000000000000e+00 1.000000000000000000e+00 1.000000000000000000e+00 1.000000000000000000e+00 1.000000000000000000e+00 1.000000000000000000e+00 1.000000000000000000e+00 1.000000000000000000e+00 1.000000000000000000e+00 1.000000000000000000e+00 1.000000000000000000e+00 1.000000000000000000e+00 1.000000000000000000e+00 1.000000000000000000e+00 1.000000000000000000e+00 1.000000000000000000e+00
0.000000000000000000e+00 0.000000000000000000e+00 0.000000000000000000e+00 0.000000000000000000e+00 0.000000000000000000e+00 0.000000000000000000e+00 0.000000000000000000e+00 0.000000000000000000e+00 0.000000000000000000e+00 0.000000000000000000e+00 0.000000000000000000e+00 0.000000000000000000e+00 0.000000000000000000e+00 0.000000000000000000e+00 0.000000000000000000e+00 0.000000000000000000e+00 0.000000000000000000e+00 0.000000000000000000e+00 0.000000000000000000e+00 0.000000000000000000e+00 0.000000000000000000e+00 0.000000000000000000e+00 0.000000000000000000e+00 0.000000000000000000e+00 0.000000000000000000e+00 0.000000000000000000e+00 0.000000000000000000e+00 0.000000000000000000e+00 0.000000000000000000e+00 0.000000000000000000e+00 0.000000000000000000e+00 0.000000000000000000e+00 0.000000000000000000e+00 0.000000000000000000e+00 0.000000000000000000e+00 0.000000000000000000e+00 0.000000000000000000e+00 0.000000000000000000e+00 0.000000000000000000e+00 0.000000000000000000e+00 7.166477392118325579e-300 4.303662539586705562e-243 2.596095452712810104e-192 1.578357692473159125e-147 9.718898843091957088e-109 6.107192636712562919e-76 3.966054429902035728e-49 2.724819697282906806e-28 2.084672323962263674e-13 2.062549676708726111e-04 5.737973867273439277e-01 9.999527017250258165e-01 9.999999999999875655e-01 1.000000000000000000e+00 1.000000000000000000e+00 1.000000000000000000e+00 1.000000000000000000e+00 1.000000000000000000e+00 1.000000000000000000e+00 1.000000000000000000e+00 1.000000000000000000e+00 1.000000000000000000e+00 1.000000000000000000e+00 1.000000000000000000e+00 1.000000000000000000e+00 1.000000000000000000e+00 1.000000000000000000e+00 1.000000000000000000e+00 1.000000000000000000e+00 1.000000000000000000e+00 1.000000000000000000e+00 1.000000000000000000e+00 1.000000000000000000e+00 1.000000000000000000e+00 1.000000000000000000e+00 1.000000000000000000e+00 1.000000000000000000e+00 1.000000000000000000e+00 1.000000000000000000e+00 1.000000000000000000e+00 1.000000000000000000e+00 1.000000000000000000e+00 1.000000000000000000e+00 1.000000000000000000e+00 1.000000000000000000e+00 1.000000000000000000e+00 1.000000000000000000e+00 1.000000000000000000e+00 1.000000000000000000e+00 1.000000000000000000e+00 1.000000000000000000e+00 1.000000000000000000e+00 1.000000000000000000e+00 1.000000000000000000e+00 1.000000000000000000e+00 1.000000000000000000e+00 1.000000000000000000e+00 1.000000000000000000e+00 1.000000000000000000e+00 1.000000000000000000e+00
0.000000000000000000e+00 0.000000000000000000e+00 0.000000000000000000e+00 0.000000000000000000e+00 0.000000000000000000e+00 0.000000000000000000e+00 0.000000000000000000e+00 0.000000000000000000e+00 0.000000000000000000e+00 0.000000000000000000e+00 0.000000000000000000e+00 0.000000000000000000e+00 0.000000000000000000e+00 0.000000000000000000e+00 0.000000000000000000e+00 0.000000000000000000e+00 0.000000000000000000e+00 0.000000000000000000e+00 0.000000000000000000e+00 0.000000000000000000e+00 0.000000000000000000e+00 0.000000000000000000e+00 0.000000000000000000e+00 0.000000000000000000e+00 0.000000000000000000e+00 0.000000000000000000e+00 0.000000000000000000e+00 0.000000000000000000e+00 0.000000000000000000e+00 0.000000000000000000e+00 0.000000000000000000e+00 0.000000000000000000e+00 0.000000000000000000e+00 0.000000000000000000e+00 0.000000000000000000e+00 0.000000000000000000e+00 0.000000000000000000e+00 0.000000000000000000e+00 0.000000000000000000e+00 0.000000000000000000e+00 7.659509955670692337e-298 1.620501733150667855e-241 3.914930990992016897e-191 1.083604098044357899e-146 3.453048785253976461e-108 1.276400052025605925e-75 5.541961004047200363e-49 2.892758429538822420e-28 1.909549643421189268e-13 1.846460870926433257e-04 5.555139002480362631e-01 9.999385625816108458e-01 9.999999999999766853e-01 1.000000000000000000e+00 1.000000000000000000e+00 1.000000000000000000e+00 1.000000000000000000e+00 1.000000000000000000e+00 1.000000000000000000e+00 1.000000000000000000e+00 1.000000000000000000e+00 1.000000000000000000e+00 1.000000000000000000e+00 1.000000000000000000e+00 1.000000000000000000e+00 1.000000000000000000e+00 1.000000000000000000e+00 1.000000000000000000e+00 1.000000000000000000e+00 1.000000000000000000e+00 1.000000000000000000e+00 1.000000000000000000e+00 1.000000000000000000e+00 1.000000000000000000e+00 1.000000000000000000e+00 1.000000000000000000e+00 1.000000000000000000e+00 1.000000000000000000e+00 1.000000000000000000e+00 1.000000000000000000e+00 1.000000000000000000e+00 1.000000000000000000e+00 1.000000000000000000e+00 1.000000000000000000e+00 1.000000000000000000e+00 1.000000000000000000e+00 1.000000000000000000e+00 1.000000000000000000e+00 1.000000000000000000e+00 1.000000000000000000e+00 1.000000000000000000e+00 1.000000000000000000e+00 1.000000000000000000e+00 1.000000000000000000e+00 1.000000000000000000e+00 1.000000000000000000e+00 1.000000000000000000e+00 1.000000000000000000e+00 1.000000000000000000e+00 1.000000000000000000e+00
0.000000000000000000e+00 0.000000000000000000e+00 0.000000000000000000e+00 0.000000000000000000e+00 0.000000000000000000e+00 0.000000000000000000e+00 0.000000000000000000e+00 0.000000000000000000e+00 0.000000000000000000e+00 0.000000000000000000e+00 0.000000000000000000e+00 0.000000000000000000e+00 0.000000000000000000e+00 0.000000000000000000e+00 0.000000000000000000e+00 0.000000000000000000e+00 0.000000000000000000e+00 0.000000000000000000e+00 0.000000000000000000e+00 0.000000000000000000e+00 0.000000000000000000e+00 0.000000000000000000e+00 0.000000000000000000e+00 0.000000000000000000e+00 0.000000000000000000e+00 0.000000000000000000e+00 0.000000000000000000e+00 0.000000000000000000e+00 0.000000000000000000e+00 0.000000000000000000e+00 0.000000000000000000e+00 0.000000000000000000e+00 0.000000000000000000e+00 0.000000000000000000e+00 0.000000000000000000e+00 0.000000000000000000e+00 0.000000000000000000e+00 0.000000000000000000e+00 0.000000000000000000e+00 0.000000000000000000e+00 9.012217045267784513e-287 7.742463733153739913e-233 1.465863918612736910e-184 6.136094344814625821e-142 5.706106830943963473e-105 1.187456084110180674e-73 5.597503410463832634e-48 6.111626912894129796e-28 1.621712855395324363e-13 1.198049357260808957e-04 4.751424214452003580e-01 9.998062241606484601e-01 9.999999999995942135e-01 1.000000000000000000e+00 1.000000000000000000e+00 1.000000000000000000e+00 1.000000000000000000e+00 1.000000000000000000e+00 1.000000000000000000e+00 1.000000000000000000e+00 1.000000000000000000e+00 1.000000000000000000e+00 1.000000000000000000e+00 1.000000000000000000e+00 1.000000000000000000e+00 1.000000000000000000e+00 1.000000000000000000e+00 1.000000000000000000e+00 1.000000000000000000e+00 1.000000000000000000e+00 1.000000000000000000e+00 1.000000000000000000e+00 1.000000000000000000e+00 1.000000000000000000e+00 1.000000000000000000e+00 1.000000000000000000e+00 1.000000000000000000e+00 1.000000000000000000e+00 1.000000000000000000e+00 1.000000000000000000e+00 1.000000000000000000e+00 1.000000000000000000e+00 1.000000000000000000e+00 1.000000000000000000e+00 1.000000000000000000e+00 1.000000000000000000e+00 1.000000000000000000e+00 1.000000000000000000e+00 1.000000000000000000e+00 1.000000000000000000e+00 1.000000000000000000e+00 1.000000000000000000e+00 1.000000000000000000e+00 1.000000000000000000e+00 1.000000000000000000e+00 1.000000000000000000e+00 1.000000000000000000e+00 1.000000000000000000e+00 1.000000000000000000e+00 1.000000000000000000e+00
0.000000000000000000e+00 0.000000000000000000e+00 0.000000000000000000e+00 0.000000000000000000e+00 0.000000000000000000e+00 0.000000000000000000e+00 0.000000000000000000e+00 0.000000000000000000e+00 0.000000000000000000e+00 0.000000000000000000e+00 0.000000000000000000e+00 0.000000000000000000e+00 0.000000000000000000e+00 0.000000000000000000e+00 0.000000000000000000e+00 0.000000000000000000e+00 0.000000000000000000e+00 0.000000000000000000e+00 0.000000000000000000e+00 0.000000000000000000e+00 0.000000000000000000e+00 0.000000000000000000e+00 0.000000000000000000e+00 0.000000000000000000e+00 0.000000000000000000e+00 0.000000000000000000e+00 0.000000000000000000e+00 0.000000000000000000e+00 0.000000000000000000e+00 0.000000000000000000e+00 0.000000000000000000e+00 0.000000000000000000e+00 0.000000000000000000e+00 0.000000000000000000e+00 0.000000000000000000e+00 0.000000000000000000e+00 0.000000000000000000e+00 0.000000000000000000e+00 0.000000000000000000e+00 1.238548623074976177e-288 6.032191264059955871e-240 8.701137386964399415e-196 3.725301213054348047e-156 4.748335006055777827e-121 1.809694090335461544e-90 2.075965722455291131e-64 7.245087284520422723e-43 7.841309161512116708e-26 2.737329693596299739e-13 3.411501365023906877e-05 2.260901370753281292e-01 9.934088258382087755e-01 9.999999943310575734e-01 1.000000000000000000e+00 1.000000000000000000e+00 1.000000000000000000e+00 1.000000000000000000e+00 1.000000000000000000e+00 1.000000000000000000e+00 1.000000000000000000e+00 1.000000000000000000e+00 1.000000000000000000e+00 1.000000000000000000e+00 1.000000000000000000e+00 1.000000000000000000e+00 1.000000000000000000e+00 1.000000000000000000e+00 1.000000000000000000e+00 1.000000000000000000e+00 1.000000000000000000e+00 1.000000000000000000e+00 1.000000000000000000e+00 1.000000000000000000e+00 1.000000000000000000e+00 1.000000000000000000e+00 1.000000000000000000e+00 1.000000000000000000e+00 1.000000000000000000e+00 1.000000000000000000e+00 1.000000000000000000e+00 1.000000000000000000e+00 1.000000000000000000e+00 1.000000000000000000e+00 1.000000000000000000e+00 1.000000000000000000e+00 1.000000000000000000e+00 1.000000000000000000e+00 1.000000000000000000e+00 1.000000000000000000e+00 1.000000000000000000e+00 1.000000000000000000e+00 1.000000000000000000e+00 1.000000000000000000e+00 1.000000000000000000e+00 1.000000000000000000e+00 1.000000000000000000e+00 1.000000000000000000e+00 1.000000000000000000e+00 1.000000000000000000e+00 1.000000000000000000e+00
0.000000000000000000e+00 0.000000000000000000e+00 0.000000000000000000e+00 0.000000000000000000e+00 0.000000000000000000e+00 0.000000000000000000e+00 0.000000000000000000e+00 0.000000000000000000e+00 0.000000000000000000e+00 0.000000000000000000e+00 0.000000000000000000e+00 0.000000000000000000e+00 0.000000000000000000e+00 0.000000000000000000e+00 0.000000000000000000e+00 0.000000000000000000e+00 0.000000000000000000e+00 0.000000000000000000e+00 0.000000000000000000e+00 0.000000000000000000e+00 0.000000000000000000e+00 0.000000000000000000e+00 0.000000000000000000e+00 0.000000000000000000e+00 0.000000000000000000e+00 0.000000000000000000e+00 0.000000000000000000e+00 0.000000000000000000e+00 0.000000000000000000e+00 0.000000000000000000e+00 0.000000000000000000e+00 0.000000000000000000e+00 0.000000000000000000e+00 0.000000000000000000e+00 0.000000000000000000e+00 4.802587165971244060e-291 5.527141235125083138e-256 3.446330929581799508e-223 1.165015012013870176e-192 2.136878946333926923e-164 2.128876086649211394e-138 1.153502689327141048e-114 3.405187494803278287e-93 5.489577596212879391e-74 4.848838381509741800e-57 2.357820530465070144e-42 6.358251816048097210e-30 9.623833525635833684e-20 8.356272138034574678e-12 4.355692498654608413e-06 1.532335778651459056e-02 5.492043385490100738e-01 9.920003741700395006e-01 9.999986618303897679e-01 9.999999999985187404e-01 1.000000000000000000e+00 1.000000000000000000e+00 1.000000000000000000e+00 1.000000000000000000e+00 1.000000000000000000e+00 1.000000000000000000e+00 1.000000000000000000e+00 1.000000000000000000e+00 1.000000000000000000e+00 1.000000000000000000e+00 1.000000000000000000e+00 1.000000000000000000e+00 1.000000000000000000e+00 1.000000000000000000e+00 1.000000000000000000e+00 1.000000000000000000e+00 1.000000000000000000e+00 1.000000000000000000e+00 1.000000000000000000e+00 1.000000000000000000e+00 1.000000000000000000e+00 1.000000000000000000e+00 1.000000000000000000e+00 1.000000000000000000e+00 1.000000000000000000e+00 1.000000000000000000e+00 1.000000000000000000e+00 1.000000000000000000e+00 1.000000000000000000e+00 1.000000000000000000e+00 1.000000000000000000e+00 1.000000000000000000e+00 1.000000000000000000e+00 1.000000000000000000e+00 1.000000000000000000e+00 1.000000000000000000e+00 1.000000000000000000e+00 1.000000000000000000e+00 1.000000000000000000e+00 1.000000000000000000e+00 1.000000000000000000e+00 1.000000000000000000e+00 1.000000000000000000e+00 1.000000000000000000e+00 1.000000000000000000e+00
0.000000000000000000e+00 0.000000000000000000e+00 0.000000000000000000e+00 0.000000000000000000e+00 0.000000000000000000e+00 0.000000000000000000e+00 0.000000000000000000e+00 0.000000000000000000e+00 0.000000000000000000e+00 0.000000000000000000e+00 0.000000000000000000e+00 0.000000000000000000e+00 0.000000000000000000e+00 0.000000000000000000e+00 0.000000000000000000e+00 0.000000000000000000e+00 0.000000000000000000e+00 0.000000000000000000e+00 0.000000000000000000e+00 0.000000000000000000e+00 0.000000000000000000e+00 0.000000000000000000e+00 0.000000000000000000e+00 7.858392750129280748e-317 5.086541650782169650e-296 6.395391173449606101e-276 1.562088689313332721e-256 7.412780639050862131e-238 6.835045004191021143e-220 1.224729427366706376e-202 4.265187685579945592e-186 2.887381451679417379e-170 3.800289202648201405e-155 9.726701354019607085e-141 4.842335120433044705e-127 4.690349608713337807e-114 8.842157789506694807e-102 3.245497977039443694e-90 2.320461019342361641e-79 3.233540100493313504e-69 8.787958831858253982e-60 4.661963605778098729e-51 4.832601590044613308e-43 9.802004470389960931e-36 3.897133257116747938e-29 3.044492896202728854e-23 4.688915336369970419e-18 1.430562087368024968e-13 8.709155336304174047e-10 1.070394193629794998e-06 2.709923184678862955e-04 1.468290565343682505e-02 1.845976419484100794e-01 6.489833389204395786e-01 9.518573946896946580e-01 9.983784022969413030e-01 9.999880133110015112e-01 9.999999815219486887e-01 9.999999999942106310e-01 9.999999999999995559e-01 1.000000000000000000e+00 1.000000000000000000e+00 1.000000000000000000e+00 1.000000000000000000e+00 1.000000000000000000e+00 1.000000000000000000e+00 1.000000000000000000e+00 1.000000000000000000e+00 1.000000000000000000e+00 1.000000000000000000e+00 1.000000000000000000e+00 1.000000000000000000e+00 1.000000000000000000e+00 1.000000000000000000e+00 1.000000000000000000e+00 1.000000000000000000e+00 1.000000000000000000e+00 1.000000000000000000e+00 1.000000000000000000e+00 1.000000000000000000e+00 1.000000000000000000e+00 1.000000000000000000e+00 1.000000000000000000e+00 1.000000000000000000e+00 1.000000000000000000e+00 1.000000000000000000e+00 1.000000000000000000e+00 1.000000000000000000e+00 1.000000000000000000e+00 1.000000000000000000e+00 1.000000000000000000e+00 1.000000000000000000e+00 1.000000000000000000e+00 1.000000000000000000e+00 1.000000000000000000e+00 1.000000000000000000e+00 1.000000000000000000e+00 1.000000000000000000e+00 1.000000000000000000e+00 1.000000000000000000e+00
0.000000000000000000e+00 0.000000000000000000e+00 0.000000000000000000e+00 0.000000000000000000e+00 0.000000000000000000e+00 1.887330767113561799e-321 6.545668272881728424e-309 1.272756074933106694e-296 1.388117935409835146e-284 8.491910472810002881e-273 2.914007511401289077e-261 5.609072658681136622e-250 6.056422018320288287e-239 3.668394609822422989e-228 1.246469710384632942e-217 2.375991517699423620e-207 2.540844561294586188e-197 1.524385849690515794e-187 5.131093489313617332e-178 9.690338316339067283e-169 1.026831156591870601e-159 6.105324753448713035e-151 2.036987241247337023e-142 3.813815217658853293e-134 4.007253553337377823e-126 2.363067773316273341e-118 7.821258915023788191e-111 1.453048779883705236e-103 1.515381796957015968e-96 8.872406831049325381e-90 2.916634209470022073e-83 5.383843223959627113e-77 5.581199557520847818e-71 3.249744435216358783e-65 1.062985758500349156e-59 1.953629144936175483e-54 2.017831063566844072e-49 1.171550753888988484e-44 3.824668052357998247e-40 7.023059789068631663e-36 7.256522036713000604e-32 4.220872397981807900e-28 1.382899642512607355e-24 2.553818210519767942e-21 2.660513635865171829e-18 1.565216794244147210e-15 5.207137476095945973e-13 9.812825433273127036e-11 1.049929933517718535e-08 6.398200484727696230e-07 2.230431680355442385e-05 4.476133102771795175e-04 5.220633518040695975e-03 3.591558906798810596e-02 1.492836405917310483e-01 3.901858001254643327e-01 6.850405814180489106e-01 8.929770618276848815e-01 9.774217055821634581e-01 9.971439747988717350e-01 9.997878943696925091e-01 9.999908721018146984e-01 9.999997743001133310e-01 9.999999968117643245e-01 9.999999999743731660e-01 9.999999999998832045e-01 9.999999999999997780e-01 1.000000000000000000e+00 1.000000000000000000e+00 1.000000000000000000e+00 1.000000000000000000e+00 1.000000000000000000e+00 1.000000000000000000e+00 1.000000000000000000e+00 1.000000000000000000e+00 1.000000000000000000e+00 1.000000000000000000e+00 1.000000000000000000e+00 1.000000000000000000e+00 1.000000000000000000e+00 1.000000000000000000e+00 1.000000000000000000e+00 1.000000000000000000e+00 1.000000000000000000e+00 1.000000000000000000e+00 1.000000000000000000e+00 1.000000000000000000e+00 1.000000000000000000e+00 1.000000000000000000e+00 1.000000000000000000e+00 1.000000000000000000e+00 1.000000000000000000e+00 1.000000000000000000e+00 1.000000000000000000e+00 1.000000000000000000e+00 1.000000000000000000e+00 1.000000000000000000e+00 1.000000000000000000e+00 1.000000000000000000e+00 1.000000000000000000e+00
1.049992369725545493e-226 4.812567756380428308e-219 1.624447775664553536e-211 4.038104752778427152e-204 7.392602324036162813e-197 9.967134738202427099e-190 9.896966913077611951e-183 7.237667327310994171e-176 3.898217603967969975e-169 1.546361857365744800e-162 4.517943557718111920e-156 9.722155570832590585e-150 1.540935185255121765e-143 1.798931731380979344e-137 1.546901018827070854e-131 9.798002425379290859e-126 4.571408651588926078e-120 1.571126237934776375e-114 3.977704353382330625e-109 7.418686857298987232e-104 1.019314989269041793e-98 1.031790205931201189e-93 7.694705298841301063e-89 4.227927042586104870e-84 1.711656666535889923e-79 5.105989581935443210e-75 1.122379041011551653e-70 1.818108729268368587e-66 2.170438520062146802e-62 1.909641057825029983e-58 1.238411259557304209e-54 5.920012382489602295e-51 2.086241084994357726e-47 5.420440635716607495e-44 1.038441785648172149e-40 1.467109208882771745e-37 1.528754478733027238e-34 1.175110192821581498e-31 6.664465045763817602e-29 2.789264895214224989e-26 8.617034652009636750e-24 1.965586761594709906e-21 3.311586665673042871e-19 4.122475367666287596e-17 3.793656497745981462e-15 2.582114102982730828e-13 1.300769030628428827e-11 4.853858082915309928e-10 1.342999647489769623e-08 2.758795643332095921e-07 4.214283862525534546e-06 4.797392010907096176e-05 4.081092211339986775e-04 2.604199771020995063e-03 1.253013446250196561e-02 4.579293725053453640e-02 1.284582380303855853e-01 2.808467754807373318e-01 4.892512734487215464e-01 7.007070691711287935e-01 8.598881000367488703e-01 9.487863466029224924e-01 9.856133926647878685e-01 9.969276791155958772e-01 9.995049816256429409e-01 9.999401462435016930e-01 9.999945900965157008e-01 9.999996355246181245e-01 9.999999817364003674e-01 9.999999993204512494e-01 9.999999999812498874e-01 9.999999999996167510e-01 9.999999999999942268e-01 1.000000000000000000e+00 1.000000000000000000e+00 1.000000000000000000e+00 1.000000000000000000e+00 1.000000000000000000e+00 1.000000000000000000e+00 1.000000000000000000e+00 1.000000000000000000e+00 1.000000000000000000e+00 1.000000000000000000e+00 1.000000000000000000e+00 1.000000000000000000e+00 1.000000000000000000e+00 1.000000000000000000e+00 1.000000000000000000e+00 1.000000000000000000e+00 1.000000000000000000e+00 1.000000000000000000e+00 1.000000000000000000e+00 1.000000000000000000e+00 1.000000000000000000e+00 1.000000000000000000e+00 1.000000000000000000e+00 1.000000000000000000e+00 1.000000000000000000e+00 1.000000000000000000e+00 1.000000000000000000e+00
2.049062992162711952e-175 1.075803982107674960e-169 4.529247301835568537e-164 1.529108286609719832e-158 4.139751445445237692e-153 8.987498783291904730e-148 1.564721213592432520e-142 2.184609989148981115e-137 2.445993208263651016e-132 2.196275687674150650e-127 1.581521027279000845e-122 9.133268017877012949e-118 4.230070039900286472e-113 1.571254314927319027e-108 4.680916509119030559e-104 1.118431072156182506e-99 2.143336996799181873e-95 3.294459725609863963e-91 4.061633328627366632e-87 4.016529726275263782e-83 3.186007583530627214e-79 2.027219791295771983e-75 1.034729214801269389e-71 4.236811281187175218e-68 1.391726619445313153e-64 3.667653766585395329e-61 7.754627462127907468e-58 1.315503496443405597e-54 1.790620671582869540e-51 1.955779057888633942e-48 1.714221658211626584e-45 1.205796764640262691e-42 6.807271776114084458e-40 3.084601930860411767e-37 1.121995852511607671e-34 3.276369423704181453e-32 7.681612585511962904e-30 1.446185930359971475e-27 2.186598931091484062e-25 2.655561925495946154e-23 2.590982358595519815e-21 2.031340591093829593e-19 1.280012299024970821e-17 6.484514531529729588e-16 2.641866909944185485e-14 8.659174097825598535e-13 2.284363840801341121e-11 4.852941452636635557e-10 8.307483609704130411e-09 1.146808587574625424e-07 1.277842701230336492e-06 1.150630415228718915e-05 8.385027148900898639e-05 4.954477880759270954e-04 2.379422033875392035e-03 9.317804686886747845e-03 2.987987724352174357e-02 7.891861854790356567e-02 1.730441261443403933e-01 3.184545144875395861e-01 4.992636119231574354e-01 6.802268267572206817e-01 8.260093763815002932e-01 9.205367560998154453e-01 9.698688950079946691e-01 9.905892925317378861e-01 9.975930368723285868e-01 9.994980069804508815e-01 9.999149027464848682e-01 9.999883032433226626e-01 9.999986988385827225e-01 9.999998830303094000e-01 9.999999915124160310e-01 9.999999995033450606e-01 9.999999999765818437e-01 9.999999999991107114e-01 9.999999999999727995e-01 9.999999999999993339e-01 1.000000000000000000e+00 1.000000000000000000e+00 1.000000000000000000e+00 1.000000000000000000e+00 1.000000000000000000e+00 1.000000000000000000e+00 1.000000000000000000e+00 1.000000000000000000e+00 1.000000000000000000e+00 1.000000000000000000e+00 1.000000000000000000e+00 1.000000000000000000e+00 1.000000000000000000e+00 1.000000000000000000e+00 1.000000000000000000e+00 1.000000000000000000e+00 1.000000000000000000e+00 1.000000000000000000e+00 1.000000000000000000e+00 1.000000000000000000e+00 1.000000000000000000e+00 1.000000000000000000e+00
1.161641941160309585e-150 8.214444674499451715e-146 4.827600130498667097e-141 2.357955724910467704e-136 9.571843903356522130e-132 3.229354591669200954e-127 9.055258041752844444e-123 2.110357164651053733e-118 4.087770264285984802e-114 6.581093075060207751e-110 8.806363322670851680e-106 9.794640663572635371e-102 9.054833467551204596e-98 6.957922668494683160e-94 4.444198641078117038e-90 2.359555012480252888e-86 1.041353311876420922e-82 3.820380222158289147e-79 1.165105695317523619e-75 2.953824947373896669e-72 6.225526096082414531e-69 1.090815333691414838e-65 1.588997360370111657e-62 1.924446140740015304e-59 1.937822333086232450e-56 1.622422399546818060e-53 1.129466094025356933e-50 6.538238255082766305e-48 3.147365756324890318e-45 1.259955248633679910e-42 4.194778557295556948e-40 1.161544620801484782e-37 2.675255500942892434e-35 5.125422983216324360e-33 8.168930841189062196e-31 1.083207531307242597e-28 1.195125263240715732e-26 1.097286430677651823e-24 8.384688205997137468e-23 5.333061827755960045e-21 2.823967743052893265e-19 1.245135116212075742e-17 4.572339593507729118e-16 1.398720429915750818e-14 3.565458000490357749e-13 7.575878460209009947e-12 1.342299375565892005e-10 1.984082341706352131e-09 2.447913702167809207e-08 2.522535481177015328e-07 2.172805664709565833e-06 1.565886543023916174e-05 9.452947837102444934e-05 4.787214369123378921e-04 2.037606391156190737e-03 7.306750827128266797e-03 2.214392526826730254e-02 5.695113027801693845e-02 1.249829974704033120e-01 2.357717673840777628e-01 3.860964059971884188e-01 5.560469735552734383e-01 7.161412858709738094e-01 8.417988538970619938e-01 9.239768096830801580e-01 9.687549814487164124e-01 9.890836160320347625e-01 9.967725063764468763e-01 9.991952756917151790e-01 9.998312353851029899e-01 9.999702913524186609e-01 9.999956171492563328e-01 9.999994588091902781e-01 9.999999441247262588e-01 9.999999951804909859e-01 9.999999996529417290e-01 9.999999999791469030e-01 9.999999999989550581e-01 9.999999999999563682e-01 9.999999999999984457e-01 1.000000000000000000e+00 1.000000000000000000e+00 1.000000000000000000e+00 1.000000000000000000e+00 1.000000000000000000e+00 1.000000000000000000e+00 1.000000000000000000e+00 1.000000000000000000e+00 1.000000000000000000e+00 1.000000000000000000e+00 1.000000000000000000e+00 1.000000000000000000e+00 1.000000000000000000e+00 1.000000000000000000e+00 1.000000000000000000e+00 1.000000000000000000e+00 1.000000000000000000e+00 1.000000000000000000e+00 1.000000000000000000e+00 1.000000000000000000e+00
8.826465574210269408e-189 1.140081381530499948e-182 1.165406951967664496e-176 9.427927935968762091e-171 6.036096708551865663e-165 3.058454532816490150e-159 1.226474831802368843e-153 3.892522762672116638e-148 9.777436694990351220e-143 1.943774714567292873e-137 3.058440055975210836e-132 3.808847381213121491e-127 3.754339434095010059e-122 2.929052106056355620e-117 1.808764167021960637e-112 8.841099139967393489e-108 3.420650948312095043e-103 1.047607855443794349e-98 2.539721876184775760e-94 4.873956378544764301e-90 7.404514395968195452e-86 8.905190834032008755e-82 8.478806919143657550e-78 6.391242618217166269e-74 3.814259240731234994e-70 1.802295503802292364e-66 6.742960376878124182e-63 1.997576859700138254e-59 4.686038549153256779e-56 8.705240921966900429e-53 1.280718223458470081e-49 1.492285634419451928e-46 1.377229714798032186e-43 1.006816883590262996e-40 5.830710491427225915e-38 2.675227109437139275e-35 9.725547378176146368e-33 2.801774370002961055e-30 6.396991945597330619e-28 1.157729879278380565e-25 1.661121661385400352e-23 1.889916802582645954e-21 1.705405045131788719e-19 1.220864085514637144e-17 6.935713328224556749e-16 3.127878269369686422e-14 1.120265675359399837e-12 3.187979350187510638e-11 7.212499173300444322e-10 1.298187352921625854e-08 1.860561152652905624e-07 2.125533464273021663e-06 1.938157810844819040e-05 1.413007976290436981e-04 8.254403389802507547e-04 3.874893601759284243e-03 1.467335682298448116e-02 4.505533661181709143e-02 1.129801135938044016e-01 2.336596709743810896e-01 4.040552815480548121e-01 5.952685834260583730e-01 7.658053898730725617e-01 8.866850395024766796e-01 9.547788349003256680e-01 9.852616686772317500e-01 9.961049646251117773e-01 9.991696197013181235e-01 9.998577406406909951e-01 9.999804712626056968e-01 9.999978565923515195e-01 9.999998122262305777e-01 9.999999868875346642e-01 9.999999992708946683e-01 9.999999999677463558e-01 9.999999999988656851e-01 9.999999999999682476e-01 9.999999999999993339e-01 1.000000000000000000e+00 1.000000000000000000e+00 1.000000000000000000e+00 1.000000000000000000e+00 1.000000000000000000e+00 1.000000000000000000e+00 1.000000000000000000e+00 1.000000000000000000e+00 1.000000000000000000e+00 1.000000000000000000e+00 1.000000000000000000e+00 1.000000000000000000e+00 1.000000000000000000e+00 1.000000000000000000e+00 1.000000000000000000e+00 1.000000000000000000e+00 1.000000000000000000e+00 1.000000000000000000e+00 1.000000000000000000e+00 1.000000000000000000e+00 1.000000000000000000e+00 1.000000000000000000e+00
1.076254318292976400e-223 2.151556944601125526e-216 3.246157634761988050e-209 3.696319053600202897e-202 3.176558570113763955e-195 2.060329024676637324e-188 1.008587482988161411e-181 3.726431197191355779e-175 1.039155967728083661e-168 2.187168976743286976e-162 3.474594526010306318e-156 4.166320837340995323e-150 3.770813655431057086e-144 2.576075829671099877e-138 1.328407530011295875e-132 5.170845299748896667e-127 1.519351523154787699e-121 3.370009102850340054e-116 5.642742313409021946e-111 7.132580345594619872e-106 6.806317607453961814e-101 4.903424389511740457e-96 2.666994396834189314e-91 1.095203323166261701e-86 3.395731098534319753e-82 7.949775952936915674e-78 1.405329519506460415e-73 1.875959159938938262e-69 1.891091691423751914e-65 1.439693008888359312e-61 8.277929247737926791e-58 3.594984561085266432e-54 1.179309508390167420e-50 2.922465029531976297e-47 5.471428618928114689e-44 7.739726119624105406e-41 8.273181030578641633e-38 6.683378953608175612e-35 4.080916472502143924e-32 1.883765787939508490e-29 6.574803113400781582e-27 1.735464214308124412e-24 3.465210667542213023e-22 5.235342473002321466e-20 5.986905298228685683e-18 5.184016763834300995e-16 3.400418838182104472e-14 1.690572749060382305e-12 6.374594522311066201e-11 1.824452327373172036e-09 3.967334038047830919e-08 6.562715120033019116e-07 8.271099428393565743e-06 7.958135957450868667e-05 5.861057785241840980e-04 3.315849660002129825e-03 1.447997443511454818e-02 4.913811447415287331e-02 1.308237366904199950e-01 2.770113664681277954e-01 4.756875024240660998e-01 6.807448318313705782e-01 8.414766799703092826e-01 9.371533772289555309e-01 9.803995095881683497e-01 9.952405612401018509e-01 9.991067237094972686e-01 9.998710874992235986e-01 9.999857493559679567e-01 9.999987966874632761e-01 9.999999225541362780e-01 9.999999962070458270e-01 9.999999998588259276e-01 9.999999999960107466e-01 9.999999999999145128e-01 9.999999999999986677e-01 1.000000000000000000e+00 1.000000000000000000e+00 1.000000000000000000e+00 1.000000000000000000e+00 1.000000000000000000e+00 1.000000000000000000e+00 1.000000000000000000e+00 1.000000000000000000e+00 1.000000000000000000e+00 1.000000000000000000e+00 1.000000000000000000e+00 1.000000000000000000e+00 1.000000000000000000e+00 1.000000000000000000e+00 1.000000000000000000e+00 1.000000000000000000e+00 1.000000000000000000e+00 1.000000000000000000e+00 1.000000000000000000e+00 1.000000000000000000e+00 1.000000000000000000e+00 1.000000000000000000e+00 1.000000000000000000e+00 1.000000000000000000e+00
4.601273595028190298e-220 8.420931170402646832e-213 1.161092810705153394e-205 1.206154455576777555e-198 9.440016068377465912e-192 5.566487769521381673e-185 2.473054410003245829e-178 8.278190750478950090e-172 2.087816399163072969e-165 3.967440337070147971e-159 5.680626038609480019e-153 6.128533362245106367e-147 4.981943013713188138e-141 3.051620689433100988e-135 1.408510820091796638e-129 4.898876116186302424e-124 1.283951863985776440e-118 2.535870501848536871e-113 3.774350102709300583e-108 4.233558676037083049e-103 3.578735786980452865e-98 2.279962151191808167e-93 1.094747384756377209e-88 3.961903960454436661e-84 1.080723153408768491e-79 2.222099983088067696e-75 3.444062906352002476e-71 4.024003571943931891e-67 3.544450147051833146e-63 2.353792966242628327e-59 1.178540904337542136e-55 4.449477739364465323e-52 1.266763611401972783e-48 2.719832411988282514e-45 4.404441164928257026e-42 5.380077393950035200e-39 4.957786788889712252e-36 3.447052591192928810e-33 1.808570834435409302e-30 7.161871872610140794e-28 2.140955197806232919e-25 4.832568774618462416e-23 8.238588371117333575e-21 1.061122367741713669e-18 1.032934057895722989e-16 7.602547324438531544e-15 4.232972928639924031e-13 1.784008557026626027e-11 5.695555883810303656e-10 1.378669529873043670e-08 2.533169834054631400e-07 3.538138990573738441e-06 3.763542418692844294e-05 3.056203612559178578e-04 1.900782784666238618e-03 9.093897892145000328e-03 3.367206700217176274e-02 9.732104964645946210e-02 2.222649695350914778e-01 4.082053219848333359e-01 6.180022482369547099e-01 7.974761886654915255e-01 9.138801455123857220e-01 9.711153576433506629e-01 9.924473956957402532e-01 9.984729959594453863e-01 9.997626590246574407e-01 9.999717598693331766e-01 9.999974356767609152e-01 9.999998227136982498e-01 9.999999906847361064e-01 9.999999996285285908e-01 9.999999999887698721e-01 9.999999999997428723e-01 9.999999999999955591e-01 1.000000000000000000e+00 1.000000000000000000e+00 1.000000000000000000e+00 1.000000000000000000e+00 1.000000000000000000e+00 1.000000000000000000e+00 1.000000000000000000e+00 1.000000000000000000e+00 1.000000000000000000e+00 1.000000000000000000e+00 1.000000000000000000e+00 1.000000000000000000e+00 1.000000000000000000e+00 1.000000000000000000e+00 1.000000000000000000e+00 1.000000000000000000e+00 1.000000000000000000e+00 1.000000000000000000e+00 1.000000000000000000e+00 1.000000000000000000e+00 1.000000000000000000e+00 1.000000000000000000e+00 1.000000000000000000e+00 1.000000000000000000e+00 1.000000000000000000e+00
0.000000000000000000e+00 0.000000000000000000e+00 0.000000000000000000e+00 1.304333305020890877e-321 2.527813301454683566e-310 3.074683034486304734e-299 2.343654812840910709e-288 1.119516485531287491e-277 3.351327181732970258e-267 6.287224122417163016e-257 7.392026219838537105e-247 5.446751660137901372e-237 2.515293614339278610e-227 7.279890385201583758e-218 1.320549098116361796e-208 1.501367184444913701e-199 1.069871583569121546e-190 4.778583130870029699e-182 1.337828781021651274e-173 2.347727961840803533e-165 2.582579557052745093e-157 1.780869860461714971e-149 7.698358488164047299e-142 2.086256462649651097e-134 3.544527638451227753e-127 3.775627472180834167e-120 2.521625984951975643e-113 1.055979556920854899e-106 2.772926184280164470e-100 4.566212303701679037e-94 4.715617985082812293e-88 3.054348951053339613e-82 1.240887783446541435e-76 3.162426905449956690e-71 5.056238492877834656e-66 5.072288686291185807e-61 3.193053978157569851e-56 1.261531995206200423e-51 3.128617163466522848e-47 4.871372754616948846e-43 4.763102524636916459e-39 2.925348860874207573e-35 1.128864904231565954e-31 2.737991915620498725e-28 4.175655929670088221e-25 4.006176876116493040e-22 2.419369128194150055e-19 9.203438321044301683e-17 2.207273209805485641e-14 3.341171821078271520e-12 3.196597503615068618e-10 1.936486681056552064e-08 7.446057349228019289e-07 1.823245385551366146e-05 2.855956265704726223e-04 2.880639274666048529e-03 1.889168080132663796e-02 8.176046268138476014e-02 2.390205188130369862e-01 4.897935258739892772e-01 7.448220315347203746e-01 9.102269266920952617e-01 9.786188348020306016e-01 9.966347657491423373e-01 9.996553050490077919e-01 9.999772518967915413e-01 9.999990392259878735e-01 9.999999741518090790e-01 9.999999995585149293e-01 9.999999999952245977e-01 9.999999999999673594e-01 9.999999999999997780e-01 1.000000000000000000e+00 1.000000000000000000e+00 1.000000000000000000e+00 1.000000000000000000e+00 1.000000000000000000e+00 1.000000000000000000e+00 1.000000000000000000e+00 1.000000000000000000e+00 1.000000000000000000e+00 1.000000000000000000e+00 1.000000000000000000e+00 1.000000000000000000e+00 1.000000000000000000e+00 1.000000000000000000e+00 1.000000000000000000e+00 1.000000000000000000e+00 1.000000000000000000e+00 1.000000000000000000e+00 1.000000000000000000e+00 1.000000000000000000e+00 1.000000000000000000e+00 1.000000000000000000e+00 1.000000000000000000e+00 1.000000000000000000e+00 1.000000000000000000e+00 1.000000000000000000e+00 1.000000000000000000e+00 1.000000000000000000e+00
0.000000000000000000e+00 1.282594416603876029e-320 1.488035724901149303e-309 1.100433891972325253e-298 5.187549233764425482e-288 1.558882925205673815e-277 2.986230908898891639e-267 3.646681536978630849e-257 2.838854637594365202e-247 1.408854085513735897e-237 4.457316862152854331e-228 8.990278927014096432e-219 1.156040380423469974e-209 9.477233091992844255e-201 4.953451901950883440e-192 1.650676246501263268e-183 3.507145876064112736e-175 4.751107918809091272e-167 4.103902879401720072e-159 2.260337267325777980e-151 7.938478602141377119e-144 1.777886941257119982e-136 2.539159671139970985e-129 2.312663386085976903e-122 1.343353817894072743e-115 4.976737037196460238e-109 1.175974384528635017e-102 1.772452608839463246e-96 1.704127587162469171e-90 1.045225736896879996e-84 4.090076953674939443e-79 1.021180833062818533e-73 1.626911927669890069e-68 1.654095977601771477e-63 1.073354238321772876e-58 4.445983455220701396e-54 1.175706774283122248e-49 1.985222818902158990e-45 2.140826376138389037e-41 1.474723898593631488e-37 6.490930404651835287e-34 1.825988129881229569e-30 3.284229448011027486e-27 3.778249183188726426e-24 2.781508782115447475e-21 1.311165481746443603e-18 3.960336370541058731e-16 7.671622941596654857e-14 9.541198955731326838e-12 7.629396523898652512e-10 3.929535506814245676e-08 1.306787078240421890e-06 2.815154772940941039e-05 3.946488064669673645e-04 3.623782341154221064e-03 2.200589886457349556e-02 8.968339922111176477e-02 2.509714119655244158e-01 4.999342670262126864e-01 7.489236420966693952e-01 9.102632153540630711e-01 9.779767956220730696e-01 9.963726428651443756e-01 9.996048806257451513e-01 9.999718089794538134e-01 9.999986911029397074e-01 9.999999606327721891e-01 9.999999992355002032e-01 9.999999999904372050e-01 9.999999999999231726e-01 9.999999999999995559e-01 1.000000000000000000e+00 1.000000000000000000e+00 1.000000000000000000e+00 1.000000000000000000e+00 1.000000000000000000e+00 1.000000000000000000e+00 1.000000000000000000e+00 1.000000000000000000e+00 1.000000000000000000e+00 1.000000000000000000e+00 1.000000000000000000e+00 1.000000000000000000e+00 1.000000000000000000e+00 1.000000000000000000e+00 1.000000000000000000e+00 1.000000000000000000e+00 1.000000000000000000e+00 1.000000000000000000e+00 1.000000000000000000e+00 1.000000000000000000e+00 1.000000000000000000e+00 1.000000000000000000e+00 1.000000000000000000e+00 1.000000000000000000e+00 1.000000000000000000e+00 1.000000000000000000e+00 1.000000000000000000e+00 1.000000000000000000e+00 1.000000000000000000e+00
0.000000000000000000e+00 0.000000000000000000e+00 0.000000000000000000e+00 0.000000000000000000e+00 0.000000000000000000e+00 0.000000000000000000e+00 0.000000000000000000e+00 0.000000000000000000e+00 0.000000000000000000e+00 0.000000000000000000e+00 0.000000000000000000e+00 0.000000000000000000e+00 0.000000000000000000e+00 0.000000000000000000e+00 0.000000000000000000e+00 3.482931116086233907e-313 9.431912973263377792e-299 1.160169271879394747e-284 6.482194560131976601e-271 1.645187124902294704e-257 1.896773772558836280e-244 9.934325441106269222e-232 2.363745712018392648e-219 2.555177034727497934e-207 1.254928717632058636e-195 2.800378190669725721e-184 2.839472359473707730e-173 1.308301896969090528e-162 2.739405186833163169e-152 2.606838256898733793e-142 1.127499280729505489e-132 2.216672436901245782e-123 1.981129699987091969e-114 8.050050435304803786e-106 1.487348289614145957e-97 1.249729838270070763e-89 4.776151887722757091e-82 8.303810941092719698e-75 6.569078386424576998e-68 2.365175227543109733e-61 3.876815756757891121e-55 2.893887966577301053e-49 9.841251791634910031e-44 1.525388738148033036e-38 1.078232886108430060e-33 3.478078025976547630e-29 5.124158026374356424e-25 3.451562842634066354e-21 1.064383011499419042e-17 1.505297598297841401e-14 9.785719382352397370e-12 2.933478234326783945e-09 4.073182556792578426e-07 2.636899271962276554e-05 8.039470584761511732e-04 1.173204932061908644e-02 8.423852680537866067e-02 3.126207670866920640e-01 6.555113066472988415e-01 9.012873534436522949e-01 9.852820954933201314e-01 9.989162944555252110e-01 9.999617258444681855e-01 9.999993625776164574e-01 9.999999950465290333e-01 9.999999999821602703e-01 9.999999999999703570e-01 1.000000000000000000e+00 1.000000000000000000e+00 1.000000000000000000e+00 1.000000000000000000e+00 1.000000000000000000e+00 1.000000000000000000e+00 1.000000000000000000e+00 1.000000000000000000e+00 1.000000000000000000e+00 1.000000000000000000e+00 1.000000000000000000e+00 1.000000000000000000e+00 1.000000000000000000e+00 1.000000000000000000e+00 1.000000000000000000e+00 1.000000000000000000e+00 1.000000000000000000e+00 1.000000000000000000e+00 1.000000000000000000e+00 1.000000000000000000e+00 1.000000000000000000e+00 1.000000000000000000e+00 1.000000000000000000e+00 1.000000000000000000e+00 1.000000000000000000e+00 1.000000000000000000e+00 1.000000000000000000e+00 1.000000000000000000e+00 1.000000000000000000e+00 1.000000000000000000e+00 1.000000000000000000e+00 1.000000000000000000e+00 1.000000000000000000e+00
0.000000000000000000e+00 0.000000000000000000e+00 0.000000000000000000e+00 0.000000000000000000e+00 0.000000000000000000e+00 0.000000000000000000e+00 0.000000000000000000e+00 5.634366857904982100e-314 1.127673785295759631e-301 1.276613498911264973e-289 8.174862389205765922e-278 2.961109756607826498e-266 6.067224732437726034e-255 7.032281260564419763e-244 4.610867342002370249e-233 1.710250054391075962e-222 3.588709251924847591e-212 4.260205112057930543e-202 2.861205873530599978e-192 1.087195998804580339e-182 2.337338347701541415e-173 2.843193338268846589e-164 1.956949765658783251e-155 7.621848930911648677e-147 1.679843928886739349e-138 2.095211657830083926e-130 1.478978194958830183e-122 5.908774859297882236e-115 1.336178562988771569e-107 1.710391691184337279e-100 1.239443675334071631e-93 5.085085577549150185e-87 1.181285047938053748e-80 1.553982658945190481e-74 1.157787642946515495e-68 4.886146318089251939e-63 1.168236992961584864e-57 1.582722084641115142e-52 1.215295978424965728e-47 5.290202501513205195e-43 1.305877289332690002e-38 1.828610465025925394e-34 1.453131518483679878e-30 6.556375657899117500e-27 1.680550893465928359e-23 2.448940651202510380e-20 2.030611925557271410e-17 9.591336648552527784e-15 2.584341738060433914e-12 3.979610546608443002e-10 3.510898393691284227e-08 1.780497884007690731e-06 5.215101429682999178e-05 8.883196328913018020e-04 8.891462039668705103e-03 5.315740424224156546e-02 1.949345656792000336e-01 4.582956492810945082e-01 7.422823673310512405e-01 9.200672612903182390e-01 9.846388232840777022e-01 9.982259783443492296e-01 9.998791524660317620e-01 9.999952008248451651e-01 9.999998897422575084e-01 9.999999985422078908e-01 9.999999999889483959e-01 9.999999999999520384e-01 9.999999999999998890e-01 1.000000000000000000e+00 1.000000000000000000e+00 1.000000000000000000e+00 1.000000000000000000e+00 1.000000000000000000e+00 1.000000000000000000e+00 1.000000000000000000e+00 1.000000000000000000e+00 1.000000000000000000e+00 1.000000000000000000e+00 1.000000000000000000e+00 1.000000000000000000e+00 1.000000000000000000e+00 1.000000000000000000e+00 1.000000000000000000e+00 1.000000000000000000e+00 1.000000000000000000e+00 1.000000000000000000e+00 1.000000000000000000e+00 1.000000000000000000e+00 1.000000000000000000e+00 1.000000000000000000e+00 1.000000000000000000e+00 1.000000000000000000e+00 1.000000000000000000e+00 1.000000000000000000e+00 1.000000000000000000e+00 1.000000000000000000e+00 1.000000000000000000e+00 1.000000000000000000e+00 1.000000000000000000e+00
0.000000000000000000e+00 0.000000000000000000e+00 0.000000000000000000e+00 0.000000000000000000e+00 0.000000000000000000e+00 0.000000000000000000e+00 0.000000000000000000e+00 0.000000000000000000e+00 0.000000000000000000e+00 0.000000000000000000e+00 0.000000000000000000e+00 0.000000000000000000e+00 0.000000000000000000e+00 0.000000000000000000e+00 0.000000000000000000e+00 0.000000000000000000e+00 0.000000000000000000e+00 1.482196937523739633e-322 1.110432861860127844e-306 3.279690298150714750e-291 3.828832645627483481e-276 1.766890054735954376e-261 3.223147892935553461e-247 2.324331341365075576e-233 6.626500264715170809e-220 7.468992382892048370e-207 3.328563726850669563e-194 5.865387942865460600e-182 4.087072966814969501e-170 1.126257845167568612e-158 1.227469632590943142e-147 5.291430831081781903e-137 9.023432844591025129e-127 6.087785246690391005e-117 1.625155629990976559e-107 1.716903011233891129e-98 7.179399072363765743e-90 1.188527882135645168e-81 7.791307146518646741e-74 2.023055508627188979e-66 2.081317760133395342e-59 8.487174131313849748e-53 1.372377342490495227e-46 8.804404308368235140e-41 2.242448847835330049e-35 2.269271480771588717e-30 9.133212398525067536e-26 1.463805674675872999e-21 9.357922476344592028e-18 2.391438607462951225e-14 2.450282724307232172e-11 1.010818716276286036e-08 1.689274107467015911e-06 1.154488204788230220e-04 3.276158471033700260e-03 3.963020419714510106e-02 2.144115700074191444e-01 5.685089516442656254e-01 8.720982453774405174e-01 9.821422741968839354e-01 9.989077816184918079e-01 9.999718404351773948e-01 9.999997004570555514e-01 9.999999987020085079e-01 9.999999999977271514e-01 9.999999999999984457e-01 1.000000000000000000e+00 1.000000000000000000e+00 1.000000000000000000e+00 1.000000000000000000e+00 1.000000000000000000e+00 1.000000000000000000e+00 1.000000000000000000e+00 1.000000000000000000e+00 1.000000000000000000e+00 1.000000000000000000e+00 1.000000000000000000e+00 1.000000000000000000e+00 1.000000000000000000e+00 1.000000000000000000e+00 1.000000000000000000e+00 1.000000000000000000e+00 1.000000000000000000e+00 1.000000000000000000e+00 1.000000000000000000e+00 1.000000000000000000e+00 1.000000000000000000e+00 1.000000000000000000e+00 1.000000000000000000e+00 1.000000000000000000e+00 1.000000000000000000e+00 1.000000000000000000e+00 1.000000000000000000e+00 1.000000000000000000e+00 1.000000000000000000e+00 1.000000000000000000e+00 1.000000000000000000e+00 1.000000000000000000e+00 1.000000000000000000e+00 1.000000000000000000e+00
0.000000000000000000e+00 0.000000000000000000e+00 0.000000000000000000e+00 0.000000000000000000e+00 0.000000000000000000e+00 0.000000000000000000e+00 0.000000000000000000e+00 0.000000000000000000e+00 0.000000000000000000e+00 0.000000000000000000e+00 0.000000000000000000e+00 0.000000000000000000e+00 0.000000000000000000e+00 0.000000000000000000e+00 0.000000000000000000e+00 0.000000000000000000e+00 0.000000000000000000e+00 0.000000000000000000e+00 1.190622551883055607e-308 4.451585295146555411e-293 6.537545067456946343e-278 3.771296484579622256e-263 8.545955412658632373e-249 7.607537088002093804e-235 2.660494309639273385e-221 3.655431447988796821e-208 1.973324325160981657e-195 4.185716141954368372e-183 3.488858465222387648e-171 1.142807900473841874e-159 1.471218402404599040e-148 7.444526431318642660e-138 1.480811962687940758e-127 1.158025896405665185e-117 3.560831570345436834e-108 4.305925666429724903e-99 2.048047320082425990e-90 3.832298373813886604e-82 2.821794232799058376e-74 8.178149559652872342e-67 9.332224797977051818e-60 4.194468995078652099e-53 7.428861656235687927e-47 5.187423218775690470e-41 1.429044591427857923e-35 1.554355570442492666e-30 6.681871589593276994e-26 1.136684014080199556e-21 7.664614061324856676e-18 2.053051524513566182e-14 2.191117515645764715e-11 9.356576782745534971e-09 1.608548909578975607e-06 1.123906380395378699e-04 3.240912958455242129e-03 3.960318467051234664e-02 2.152714217953966558e-01 5.709461231982584373e-01 8.740672376038074454e-01 9.826943277317368164e-01 9.989647292355139374e-01 9.999740574955452432e-01 9.999997334721881792e-01 9.999999988915657667e-01 9.999999999981489252e-01 9.999999999999987788e-01 1.000000000000000000e+00 1.000000000000000000e+00 1.000000000000000000e+00 1.000000000000000000e+00 1.000000000000000000e+00 1.000000000000000000e+00 1.000000000000000000e+00 1.000000000000000000e+00 1.000000000000000000e+00 1.000000000000000000e+00 1.000000000000000000e+00 1.000000000000000000e+00 1.000000000000000000e+00 1.000000000000000000e+00 1.000000000000000000e+00 1.000000000000000000e+00 1.000000000000000000e+00 1.000000000000000000e+00 1.000000000000000000e+00 1.000000000000000000e+00 1.000000000000000000e+00 1.000000000000000000e+00 1.000000000000000000e+00 1.000000000000000000e+00 1.000000000000000000e+00 1.000000000000000000e+00 1.000000000000000000e+00 1.000000000000000000e+00 1.000000000000000000e+00 1.000000000000000000e+00 1.000000000000000000e+00 1.000000000000000000e+00 1.000000000000000000e+00 1.000000000000000000e+00
0.000000000000000000e+00 0.000000000000000000e+00 0.000000000000000000e+00 0.000000000000000000e+00 0.000000000000000000e+00 0.000000000000000000e+00 0.000000000000000000e+00 0.000000000000000000e+00 0.000000000000000000e+00 0.000000000000000000e+00 0.000000000000000000e+00 0.000000000000000000e+00 0.000000000000000000e+00 0.000000000000000000e+00 0.000000000000000000e+00 0.000000000000000000e+00 0.000000000000000000e+00 0.000000000000000000e+00 2.449083406435059119e-320 5.003077571453160941e-304 3.806535037168922484e-288 1.078653952876754544e-272 1.138446620924405831e-257 4.475500065631434536e-243 6.553763763234692987e-229 3.575068108282086207e-215 7.265215309854491151e-202 5.500627222569835145e-189 1.551698658298376207e-176 1.631057540564380452e-164 6.389061566210529319e-153 9.327266781216215533e-142 5.075397767415749856e-131 1.029529959796416921e-120 7.786154936332079922e-111 2.195798582422029311e-101 2.309550780184648517e-92 9.061916682901486688e-84 1.326711182670447873e-75 7.249700863089136530e-68 1.479095042094702341e-60 1.127134629713864622e-53 3.209696443581195691e-47 3.417494211290063013e-41 1.361474208800914962e-35 2.031156132547931111e-30 1.136006781331929259e-25 2.385210888461350164e-21 1.883530036638628125e-17 5.607650449169659600e-14 6.315690016104330112e-11 2.703923731986818612e-08 4.432402032828782641e-06 2.813701607585529247e-04 7.048710229556202737e-03 7.206562614045086690e-02 3.204700246615370673e-01 7.011838422624596667e-01 9.359956710722310280e-01 9.940685229458754435e-01 9.997762735635398190e-01 9.999966748064645916e-01 9.999999808780382082e-01 9.999999999579192167e-01 9.999999999999648059e-01 1.000000000000000000e+00 1.000000000000000000e+00 1.000000000000000000e+00 1.000000000000000000e+00 1.000000000000000000e+00 1.000000000000000000e+00 1.000000000000000000e+00 1.000000000000000000e+00 1.000000000000000000e+00 1.000000000000000000e+00 1.000000000000000000e+00 1.000000000000000000e+00 1.000000000000000000e+00 1.000000000000000000e+00 1.000000000000000000e+00 1.000000000000000000e+00 1.000000000000000000e+00 1.000000000000000000e+00 1.000000000000000000e+00 1.000000000000000000e+00 1.000000000000000000e+00 1.000000000000000000e+00 1.000000000000000000e+00 1.000000000000000000e+00 1.000000000000000000e+00 1.000000000000000000e+00 1.000000000000000000e+00 1.000000000000000000e+00 1.000000000000000000e+00 1.000000000000000000e+00 1.000000000000000000e+00 1.000000000000000000e+00 1.000000000000000000e+00 1.000000000000000000e+00 1.000000000000000000e+00
0.000000000000000000e+00 0.000000000000000000e+00 0.000000000000000000e+00 0.000000000000000000e+00 0.000000000000000000e+00 0.000000000000000000e+00 0.000000000000000000e+00 0.000000000000000000e+00 0.000000000000000000e+00 0.000000000000000000e+00 0.000000000000000000e+00 0.000000000000000000e+00 0.000000000000000000e+00 0.000000000000000000e+00 0.000000000000000000e+00 0.000000000000000000e+00 0.000000000000000000e+00 0.000000000000000000e+00 0.000000000000000000e+00 0.000000000000000000e+00 0.000000000000000000e+00 0.000000000000000000e+00 0.000000000000000000e+00 0.000000000000000000e+00 0.000000000000000000e+00 8.116707137176233462e-315 3.728086784817079331e-295 3.938761667800558137e-276 9.572682279508220062e-258 5.352344423639419541e-240 6.885431639879311050e-223 2.038167618564955529e-206 1.388418932363639223e-190 2.176855747171603484e-175 7.856538628093995408e-161 6.528268961325020649e-147 1.249145773014362710e-133 5.505186959522732516e-121 5.589661882812737731e-109 1.307924229561944516e-97 7.055292118312823951e-87 8.777340154861346307e-77 2.519662488072429240e-67 1.669995478352628906e-58 2.557429013992097116e-50 9.057506378229094691e-43 7.427448318540616944e-36 1.412392226542939088e-29 6.240624187237264596e-24 6.424587513272197253e-19 1.546956074026399026e-14 8.761426409574712627e-11 1.177356636021915471e-07 3.807716641346191023e-05 3.039605243770964697e-03 6.291369906586816163e-02 3.752225213491581779e-01 8.145156077008143258e-01 9.824573657514922287e-01 9.995500508294674624e-01 9.999970896318430835e-01 9.999999954178140360e-01 9.999999999982770449e-01 9.999999999999997780e-01 1.000000000000000000e+00 1.000000000000000000e+00 1.000000000000000000e+00 1.000000000000000000e+00 1.000000000000000000e+00 1.000000000000000000e+00 1.000000000000000000e+00 1.000000000000000000e+00 1.000000000000000000e+00 1.000000000000000000e+00 1.000000000000000000e+00 1.000000000000000000e+00 1.000000000000000000e+00 1.000000000000000000e+00 1.000000000000000000e+00 1.000000000000000000e+00 1.000000000000000000e+00 1.000000000000000000e+00 1.000000000000000000e+00 1.000000000000000000e+00 1.000000000000000000e+00 1.000000000000000000e+00 1.000000000000000000e+00 1.000000000000000000e+00 1.000000000000000000e+00 1.000000000000000000e+00 1.000000000000000000e+00 1.000000000000000000e+00 1.000000000000000000e+00 1.000000000000000000e+00 1.000000000000000000e+00 1.000000000000000000e+00 1.000000000000000000e+00 1.000000000000000000e+00 1.000000000000000000e+00 1.000000000000000000e+00
