1.430551594000000100e-02
1.759408904000000010e-02
2.348503160000000103e-02
3.447420760000000084e-02
6.156731339999998998e-02
1.222158121999999958e-01
2.555168619999999557e-01
5.223454480000000455e-01
9.767637979999999054e-01
1.622813648000000164e+00
2.415532660000000220e+00
3.294183879999999842e+00
4.214331759999999427e+00
5.132554439999998941e+00
6.032653679999999241e+00
6.889312180000001007e+00
7.699836839999999683e+00
8.453932000000000002e+00
9.154188080000000838e+00
9.795084379999998703e+00
1.037913051999999858e+01
1.091554368000000075e+01
1.139670391999999843e+01
1.182516734000000191e+01
1.221583955999999915e+01
1.256994047999999964e+01
1.288516287999999932e+01
1.317924791999999989e+01
1.344662718000000012e+01
1.369392276000000130e+01
1.392189072000000039e+01
