0.000000000000000000e+00 0.000000000000000000e+00 0.000000000000000000e+00 0.000000000000000000e+00 0.000000000000000000e+00 0.000000000000000000e+00 0.000000000000000000e+00 0.000000000000000000e+00 0.000000000000000000e+00 0.000000000000000000e+00 0.000000000000000000e+00 0.000000000000000000e+00 0.000000000000000000e+00 0.000000000000000000e+00 0.000000000000000000e+00 0.000000000000000000e+00 0.000000000000000000e+00 0.000000000000000000e+00 0.000000000000000000e+00 0.000000000000000000e+00 0.000000000000000000e+00 0.000000000000000000e+00 0.000000000000000000e+00 0.000000000000000000e+00 0.000000000000000000e+00 0.000000000000000000e+00 0.000000000000000000e+00 0.000000000000000000e+00 1.077387214997589324e-317 1.820000000000000063e-289 1.459999999999999947e-262 5.579999999999999921e-237 1.019999999999999940e-212 8.880000000000000267e-190 3.689999999999999823e-168 7.330000000000000392e-148 6.950000000000000638e-129 3.150000000000000176e-111 6.820000000000000484e-95 7.080000000000000663e-80 3.530000000000000228e-66 8.430000000000000474e-54 9.709999999999999965e-43 5.410000000000000145e-33 1.460000000000000091e-24 1.930000000000000053e-17 1.260000000000000043e-11 4.189999999999999800e-07 7.331780000000000198e-04 7.550033899999999965e-02 6.214340029999999571e-01 9.800365399999999561e-01 9.999275819999999815e-01 9.999999849999999801e-01 1.000000000000000000e+00 1.000000000000000000e+00 1.000000000000000000e+00 1.000000000000000000e+00 1.000000000000000000e+00 1.000000000000000000e+00 1.000000000000000000e+00 1.000000000000000000e+00 1.000000000000000000e+00 1.000000000000000000e+00 1.000000000000000000e+00 1.000000000000000000e+00 1.000000000000000000e+00 1.000000000000000000e+00 1.000000000000000000e+00 1.000000000000000000e+00 1.000000000000000000e+00 1.000000000000000000e+00 1.000000000000000000e+00 1.000000000000000000e+00 1.000000000000000000e+00 1.000000000000000000e+00 1.000000000000000000e+00 1.000000000000000000e+00 1.000000000000000000e+00 1.000000000000000000e+00 1.000000000000000000e+00 1.000000000000000000e+00 1.000000000000000000e+00 1.000000000000000000e+00 1.000000000000000000e+00 1.000000000000000000e+00 1.000000000000000000e+00 1.000000000000000000e+00 1.000000000000000000e+00 1.000000000000000000e+00 1.000000000000000000e+00 1.000000000000000000e+00 1.000000000000000000e+00 1.000000000000000000e+00 1.000000000000000000e+00 1.000000000000000000e+00 1.000000000000000000e+00 1.000000000000000000e+00 1.000000000000000000e+00 1.000000000000000000e+00
0.000000000000000000e+00 0.000000000000000000e+00 0.000000000000000000e+00 0.000000000000000000e+00 0.000000000000000000e+00 0.000000000000000000e+00 0.000000000000000000e+00 0.000000000000000000e+00 0.000000000000000000e+00 0.000000000000000000e+00 0.000000000000000000e+00 0.000000000000000000e+00 0.000000000000000000e+00 0.000000000000000000e+00 0.000000000000000000e+00 0.000000000000000000e+00 0.000000000000000000e+00 0.000000000000000000e+00 0.000000000000000000e+00 0.000000000000000000e+00 0.000000000000000000e+00 0.000000000000000000e+00 0.000000000000000000e+00 0.000000000000000000e+00 0.000000000000000000e+00 0.000000000000000000e+00 0.000000000000000000e+00 0.000000000000000000e+00 4.792436764660091479e-322 2.130000000000000065e-293 4.300000000000000278e-266 3.930000000000000013e-240 1.630000000000000023e-215 3.080000000000000158e-192 2.640000000000000177e-170 1.029999999999999981e-149 1.830000000000000149e-130 1.470000000000000085e-112 5.409999999999999888e-96 9.080000000000000212e-81 6.949999999999999793e-67 2.429999999999999999e-54 3.909999999999999715e-43 2.890000000000000045e-33 9.859999999999999633e-25 1.570000000000000120e-17 1.180000000000000061e-11 4.269999999999999987e-07 7.791919999999999489e-04 8.010756300000000663e-02 6.386636390000000052e-01 9.827477669999999943e-01 9.999463280000000509e-01 9.999999910000000325e-01 1.000000000000000000e+00 1.000000000000000000e+00 1.000000000000000000e+00 1.000000000000000000e+00 1.000000000000000000e+00 1.000000000000000000e+00 1.000000000000000000e+00 1.000000000000000000e+00 1.000000000000000000e+00 1.000000000000000000e+00 1.000000000000000000e+00 1.000000000000000000e+00 1.000000000000000000e+00 1.000000000000000000e+00 1.000000000000000000e+00 1.000000000000000000e+00 1.000000000000000000e+00 1.000000000000000000e+00 1.000000000000000000e+00 1.000000000000000000e+00 1.000000000000000000e+00 1.000000000000000000e+00 1.000000000000000000e+00 1.000000000000000000e+00 1.000000000000000000e+00 1.000000000000000000e+00 1.000000000000000000e+00 1.000000000000000000e+00 1.000000000000000000e+00 1.000000000000000000e+00 1.000000000000000000e+00 1.000000000000000000e+00 1.000000000000000000e+00 1.000000000000000000e+00 1.000000000000000000e+00 1.000000000000000000e+00 1.000000000000000000e+00 1.000000000000000000e+00 1.000000000000000000e+00 1.000000000000000000e+00 1.000000000000000000e+00 1.000000000000000000e+00 1.000000000000000000e+00 1.000000000000000000e+00 1.000000000000000000e+00 1.000000000000000000e+00
0.000000000000000000e+00 0.000000000000000000e+00 0.000000000000000000e+00 0.000000000000000000e+00 0.000000000000000000e+00 0.000000000000000000e+00 0.000000000000000000e+00 0.000000000000000000e+00 0.000000000000000000e+00 0.000000000000000000e+00 0.000000000000000000e+00 0.000000000000000000e+00 0.000000000000000000e+00 0.000000000000000000e+00 0.000000000000000000e+00 0.000000000000000000e+00 0.000000000000000000e+00 0.000000000000000000e+00 0.000000000000000000e+00 0.000000000000000000e+00 0.000000000000000000e+00 0.000000000000000000e+00 0.000000000000000000e+00 0.000000000000000000e+00 0.000000000000000000e+00 0.000000000000000000e+00 0.000000000000000000e+00 0.000000000000000000e+00 0.000000000000000000e+00 1.989999999999999972e-298 1.300000000000000096e-270 3.639999999999999681e-244 4.340000000000000238e-219 2.210000000000000104e-195 4.780000000000000138e-173 4.429999999999999738e-152 1.749999999999999975e-132 2.960000000000000006e-114 2.139999999999999872e-97 6.620000000000000119e-82 8.790000000000000755e-68 5.010000000000000062e-55 1.230000000000000026e-43 1.309999999999999950e-33 6.010000000000000432e-25 1.210000000000000033e-17 1.079999999999999922e-11 4.390000000000000003e-07 8.439160000000000021e-04 8.640295800000000193e-02 6.604895600000000311e-01 9.857683959999999912e-01 9.999637430000000160e-01 9.999999950000000304e-01 1.000000000000000000e+00 1.000000000000000000e+00 1.000000000000000000e+00 1.000000000000000000e+00 1.000000000000000000e+00 1.000000000000000000e+00 1.000000000000000000e+00 1.000000000000000000e+00 1.000000000000000000e+00 1.000000000000000000e+00 1.000000000000000000e+00 1.000000000000000000e+00 1.000000000000000000e+00 1.000000000000000000e+00 1.000000000000000000e+00 1.000000000000000000e+00 1.000000000000000000e+00 1.000000000000000000e+00 1.000000000000000000e+00 1.000000000000000000e+00 1.000000000000000000e+00 1.000000000000000000e+00 1.000000000000000000e+00 1.000000000000000000e+00 1.000000000000000000e+00 1.000000000000000000e+00 1.000000000000000000e+00 1.000000000000000000e+00 1.000000000000000000e+00 1.000000000000000000e+00 1.000000000000000000e+00 1.000000000000000000e+00 1.000000000000000000e+00 1.000000000000000000e+00 1.000000000000000000e+00 1.000000000000000000e+00 1.000000000000000000e+00 1.000000000000000000e+00 1.000000000000000000e+00 1.000000000000000000e+00 1.000000000000000000e+00 1.000000000000000000e+00 1.000000000000000000e+00 1.000000000000000000e+00 1.000000000000000000e+00 1.000000000000000000e+00
0.000000000000000000e+00 0.000000000000000000e+00 0.000000000000000000e+00 0.000000000000000000e+00 0.000000000000000000e+00 0.000000000000000000e+00 0.000000000000000000e+00 0.000000000000000000e+00 0.000000000000000000e+00 0.000000000000000000e+00 0.000000000000000000e+00 0.000000000000000000e+00 0.000000000000000000e+00 0.000000000000000000e+00 0.000000000000000000e+00 0.000000000000000000e+00 0.000000000000000000e+00 0.000000000000000000e+00 0.000000000000000000e+00 0.000000000000000000e+00 0.000000000000000000e+00 0.000000000000000000e+00 0.000000000000000000e+00 0.000000000000000000e+00 0.000000000000000000e+00 0.000000000000000000e+00 0.000000000000000000e+00 0.000000000000000000e+00 0.000000000000000000e+00 4.550000000000000040e-305 1.419999999999999934e-276 1.739999999999999883e-249 8.369999999999999599e-224 1.580000000000000099e-199 1.170000000000000086e-176 3.389999999999999951e-155 3.870000000000000294e-135 1.740000000000000041e-116 3.070000000000000122e-99 2.129999999999999909e-83 5.859999999999999817e-69 6.350000000000000174e-56 2.729999999999999843e-44 4.659999999999999932e-34 3.180000000000000180e-25 8.739999999999999716e-18 9.789999999999999280e-12 4.579999999999999983e-07 9.408409999999999863e-04 9.545314500000000313e-02 6.888143789999999766e-01 9.890727649999999649e-01 9.999787350000000075e-01 9.999999979999999455e-01 1.000000000000000000e+00 1.000000000000000000e+00 1.000000000000000000e+00 1.000000000000000000e+00 1.000000000000000000e+00 1.000000000000000000e+00 1.000000000000000000e+00 1.000000000000000000e+00 1.000000000000000000e+00 1.000000000000000000e+00 1.000000000000000000e+00 1.000000000000000000e+00 1.000000000000000000e+00 1.000000000000000000e+00 1.000000000000000000e+00 1.000000000000000000e+00 1.000000000000000000e+00 1.000000000000000000e+00 1.000000000000000000e+00 1.000000000000000000e+00 1.000000000000000000e+00 1.000000000000000000e+00 1.000000000000000000e+00 1.000000000000000000e+00 1.000000000000000000e+00 1.000000000000000000e+00 1.000000000000000000e+00 1.000000000000000000e+00 1.000000000000000000e+00 1.000000000000000000e+00 1.000000000000000000e+00 1.000000000000000000e+00 1.000000000000000000e+00 1.000000000000000000e+00 1.000000000000000000e+00 1.000000000000000000e+00 1.000000000000000000e+00 1.000000000000000000e+00 1.000000000000000000e+00 1.000000000000000000e+00 1.000000000000000000e+00 1.000000000000000000e+00 1.000000000000000000e+00 1.000000000000000000e+00 1.000000000000000000e+00 1.000000000000000000e+00
0.000000000000000000e+00 0.000000000000000000e+00 0.000000000000000000e+00 0.000000000000000000e+00 0.000000000000000000e+00 0.000000000000000000e+00 0.000000000000000000e+00 0.000000000000000000e+00 0.000000000000000000e+00 0.000000000000000000e+00 0.000000000000000000e+00 0.000000000000000000e+00 0.000000000000000000e+00 0.000000000000000000e+00 0.000000000000000000e+00 0.000000000000000000e+00 0.000000000000000000e+00 0.000000000000000000e+00 0.000000000000000000e+00 0.000000000000000000e+00 0.000000000000000000e+00 0.000000000000000000e+00 0.000000000000000000e+00 0.000000000000000000e+00 0.000000000000000000e+00 0.000000000000000000e+00 0.000000000000000000e+00 0.000000000000000000e+00 0.000000000000000000e+00 4.371776951793646890e-314 1.149999999999999945e-284 1.050000000000000013e-256 3.369999999999999961e-230 3.780000000000000128e-205 1.489999999999999877e-181 2.040000000000000002e-159 9.870000000000000494e-139 1.670000000000000128e-119 9.930000000000000226e-102 2.080000000000000090e-85 1.530000000000000075e-70 3.960000000000000031e-57 3.630000000000000187e-45 1.179999999999999910e-34 1.370000000000000024e-25 5.699999999999999714e-18 8.660000000000000662e-12 4.910000000000000424e-07 1.094048000000000026e-03 1.090431850000000008e-01 7.258044409999999669e-01 9.924916910000000092e-01 9.999899500000000163e-01 9.999999990000000283e-01 1.000000000000000000e+00 1.000000000000000000e+00 1.000000000000000000e+00 1.000000000000000000e+00 1.000000000000000000e+00 1.000000000000000000e+00 1.000000000000000000e+00 1.000000000000000000e+00 1.000000000000000000e+00 1.000000000000000000e+00 1.000000000000000000e+00 1.000000000000000000e+00 1.000000000000000000e+00 1.000000000000000000e+00 1.000000000000000000e+00 1.000000000000000000e+00 1.000000000000000000e+00 1.000000000000000000e+00 1.000000000000000000e+00 1.000000000000000000e+00 1.000000000000000000e+00 1.000000000000000000e+00 1.000000000000000000e+00 1.000000000000000000e+00 1.000000000000000000e+00 1.000000000000000000e+00 1.000000000000000000e+00 1.000000000000000000e+00 1.000000000000000000e+00 1.000000000000000000e+00 1.000000000000000000e+00 1.000000000000000000e+00 1.000000000000000000e+00 1.000000000000000000e+00 1.000000000000000000e+00 1.000000000000000000e+00 1.000000000000000000e+00 1.000000000000000000e+00 1.000000000000000000e+00 1.000000000000000000e+00 1.000000000000000000e+00 1.000000000000000000e+00 1.000000000000000000e+00 1.000000000000000000e+00 1.000000000000000000e+00 1.000000000000000000e+00
0.000000000000000000e+00 0.000000000000000000e+00 0.000000000000000000e+00 0.000000000000000000e+00 0.000000000000000000e+00 0.000000000000000000e+00 0.000000000000000000e+00 0.000000000000000000e+00 0.000000000000000000e+00 0.000000000000000000e+00 0.000000000000000000e+00 0.000000000000000000e+00 0.000000000000000000e+00 0.000000000000000000e+00 0.000000000000000000e+00 0.000000000000000000e+00 0.000000000000000000e+00 0.000000000000000000e+00 0.000000000000000000e+00 0.000000000000000000e+00 0.000000000000000000e+00 0.000000000000000000e+00 0.000000000000000000e+00 0.000000000000000000e+00 0.000000000000000000e+00 0.000000000000000000e+00 0.000000000000000000e+00 0.000000000000000000e+00 0.000000000000000000e+00 0.000000000000000000e+00 1.979999999999999865e-296 3.350000000000000121e-267 1.690000000000000081e-239 2.510000000000000142e-213 1.109999999999999979e-188 1.470000000000000085e-165 5.729999999999999557e-144 6.660000000000000240e-124 2.310000000000000061e-105 2.379999999999999879e-88 7.319999999999999808e-73 6.730000000000000014e-59 1.859999999999999977e-46 1.540000000000000090e-35 3.869999999999999948e-26 2.960000000000000042e-18 7.010000000000000220e-12 5.269999999999999942e-07 1.327594000000000083e-03 1.295070560000000093e-01 7.726559950000000399e-01 9.956544149999999593e-01 9.999966070000000373e-01 1.000000000000000000e+00 1.000000000000000000e+00 1.000000000000000000e+00 1.000000000000000000e+00 1.000000000000000000e+00 1.000000000000000000e+00 1.000000000000000000e+00 1.000000000000000000e+00 1.000000000000000000e+00 1.000000000000000000e+00 1.000000000000000000e+00 1.000000000000000000e+00 1.000000000000000000e+00 1.000000000000000000e+00 1.000000000000000000e+00 1.000000000000000000e+00 1.000000000000000000e+00 1.000000000000000000e+00 1.000000000000000000e+00 1.000000000000000000e+00 1.000000000000000000e+00 1.000000000000000000e+00 1.000000000000000000e+00 1.000000000000000000e+00 1.000000000000000000e+00 1.000000000000000000e+00 1.000000000000000000e+00 1.000000000000000000e+00 1.000000000000000000e+00 1.000000000000000000e+00 1.000000000000000000e+00 1.000000000000000000e+00 1.000000000000000000e+00 1.000000000000000000e+00 1.000000000000000000e+00 1.000000000000000000e+00 1.000000000000000000e+00 1.000000000000000000e+00 1.000000000000000000e+00 1.000000000000000000e+00 1.000000000000000000e+00 1.000000000000000000e+00 1.000000000000000000e+00 1.000000000000000000e+00 1.000000000000000000e+00 1.000000000000000000e+00 1.000000000000000000e+00
0.000000000000000000e+00 0.000000000000000000e+00 0.000000000000000000e+00 0.000000000000000000e+00 0.000000000000000000e+00 0.000000000000000000e+00 0.000000000000000000e+00 0.000000000000000000e+00 0.000000000000000000e+00 0.000000000000000000e+00 0.000000000000000000e+00 0.000000000000000000e+00 0.000000000000000000e+00 0.000000000000000000e+00 0.000000000000000000e+00 0.000000000000000000e+00 0.000000000000000000e+00 0.000000000000000000e+00 0.000000000000000000e+00 0.000000000000000000e+00 0.000000000000000000e+00 0.000000000000000000e+00 0.000000000000000000e+00 0.000000000000000000e+00 0.000000000000000000e+00 0.000000000000000000e+00 0.000000000000000000e+00 0.000000000000000000e+00 0.000000000000000000e+00 0.000000000000000000e+00 7.951773490171256007e-314 1.000000000000000019e-282 2.939999999999999727e-253 2.010000000000000136e-225 3.190000000000000007e-199 1.180000000000000107e-174 1.010000000000000009e-151 2.029999999999999846e-130 9.479999999999999883e-111 1.030000000000000075e-92 2.639999999999999930e-76 1.580000000000000097e-61 2.220000000000000053e-48 7.349999999999999851e-37 5.780000000000000280e-27 1.089999999999999978e-18 4.959999999999999868e-12 5.649999999999999903e-07 1.710219000000000019e-03 1.618404979999999993e-01 8.297917959999999704e-01 9.980957799999999880e-01 9.999993299999999641e-01 1.000000000000000000e+00 1.000000000000000000e+00 1.000000000000000000e+00 1.000000000000000000e+00 1.000000000000000000e+00 1.000000000000000000e+00 1.000000000000000000e+00 1.000000000000000000e+00 1.000000000000000000e+00 1.000000000000000000e+00 1.000000000000000000e+00 1.000000000000000000e+00 1.000000000000000000e+00 1.000000000000000000e+00 1.000000000000000000e+00 1.000000000000000000e+00 1.000000000000000000e+00 1.000000000000000000e+00 1.000000000000000000e+00 1.000000000000000000e+00 1.000000000000000000e+00 1.000000000000000000e+00 1.000000000000000000e+00 1.000000000000000000e+00 1.000000000000000000e+00 1.000000000000000000e+00 1.000000000000000000e+00 1.000000000000000000e+00 1.000000000000000000e+00 1.000000000000000000e+00 1.000000000000000000e+00 1.000000000000000000e+00 1.000000000000000000e+00 1.000000000000000000e+00 1.000000000000000000e+00 1.000000000000000000e+00 1.000000000000000000e+00 1.000000000000000000e+00 1.000000000000000000e+00 1.000000000000000000e+00 1.000000000000000000e+00 1.000000000000000000e+00 1.000000000000000000e+00 1.000000000000000000e+00 1.000000000000000000e+00 1.000000000000000000e+00 1.000000000000000000e+00
0.000000000000000000e+00 0.000000000000000000e+00 0.000000000000000000e+00 0.000000000000000000e+00 0.000000000000000000e+00 0.000000000000000000e+00 0.000000000000000000e+00 0.000000000000000000e+00 0.000000000000000000e+00 0.000000000000000000e+00 0.000000000000000000e+00 0.000000000000000000e+00 0.000000000000000000e+00 0.000000000000000000e+00 0.000000000000000000e+00 0.000000000000000000e+00 0.000000000000000000e+00 0.000000000000000000e+00 0.000000000000000000e+00 0.000000000000000000e+00 0.000000000000000000e+00 0.000000000000000000e+00 0.000000000000000000e+00 0.000000000000000000e+00 0.000000000000000000e+00 0.000000000000000000e+00 0.000000000000000000e+00 0.000000000000000000e+00 0.000000000000000000e+00 0.000000000000000000e+00 0.000000000000000000e+00 1.059999999999999924e-307 2.109999999999999878e-275 6.580000000000000387e-245 3.240000000000000032e-216 2.520000000000000197e-189 3.079999999999999828e-164 5.940000000000000334e-141 1.809999999999999901e-119 8.740000000000000297e-100 6.669999999999999883e-82 8.090000000000000350e-66 1.560000000000000071e-51 4.809999999999999733e-39 2.379999999999999862e-28 1.910000000000000092e-19 2.540000000000000082e-12 5.710000000000000176e-07 2.349162000000000125e-03 2.151313890000000062e-01 8.942656279999999791e-01 9.994951610000000208e-01 9.999999499999999708e-01 1.000000000000000000e+00 1.000000000000000000e+00 1.000000000000000000e+00 1.000000000000000000e+00 1.000000000000000000e+00 1.000000000000000000e+00 1.000000000000000000e+00 1.000000000000000000e+00 1.000000000000000000e+00 1.000000000000000000e+00 1.000000000000000000e+00 1.000000000000000000e+00 1.000000000000000000e+00 1.000000000000000000e+00 1.000000000000000000e+00 1.000000000000000000e+00 1.000000000000000000e+00 1.000000000000000000e+00 1.000000000000000000e+00 1.000000000000000000e+00 1.000000000000000000e+00 1.000000000000000000e+00 1.000000000000000000e+00 1.000000000000000000e+00 1.000000000000000000e+00 1.000000000000000000e+00 1.000000000000000000e+00 1.000000000000000000e+00 1.000000000000000000e+00 1.000000000000000000e+00 1.000000000000000000e+00 1.000000000000000000e+00 1.000000000000000000e+00 1.000000000000000000e+00 1.000000000000000000e+00 1.000000000000000000e+00 1.000000000000000000e+00 1.000000000000000000e+00 1.000000000000000000e+00 1.000000000000000000e+00 1.000000000000000000e+00 1.000000000000000000e+00 1.000000000000000000e+00 1.000000000000000000e+00 1.000000000000000000e+00 1.000000000000000000e+00 1.000000000000000000e+00
0.000000000000000000e+00 0.000000000000000000e+00 0.000000000000000000e+00 0.000000000000000000e+00 0.000000000000000000e+00 0.000000000000000000e+00 0.000000000000000000e+00 0.000000000000000000e+00 0.000000000000000000e+00 0.000000000000000000e+00 0.000000000000000000e+00 0.000000000000000000e+00 0.000000000000000000e+00 0.000000000000000000e+00 0.000000000000000000e+00 0.000000000000000000e+00 0.000000000000000000e+00 0.000000000000000000e+00 0.000000000000000000e+00 0.000000000000000000e+00 0.000000000000000000e+00 0.000000000000000000e+00 0.000000000000000000e+00 0.000000000000000000e+00 0.000000000000000000e+00 0.000000000000000000e+00 0.000000000000000000e+00 0.000000000000000000e+00 0.000000000000000000e+00 0.000000000000000000e+00 0.000000000000000000e+00 0.000000000000000000e+00 1.565502927079098904e-316 3.830000000000000209e-281 7.260000000000000578e-248 1.060000000000000019e-216 1.209999999999999878e-187 1.060000000000000057e-160 7.239999999999999347e-136 3.830000000000000248e-113 1.580000000000000128e-92 5.070000000000000168e-74 1.269999999999999944e-57 2.500000000000000094e-43 3.900000000000000150e-31 4.840000000000000132e-21 4.890000000000000368e-13 4.160000000000000193e-07 3.247201999999999814e-03 3.029908199999999940e-01 9.544936499999999713e-01 9.999510980000000382e-01 9.999999990000000283e-01 1.000000000000000000e+00 1.000000000000000000e+00 1.000000000000000000e+00 1.000000000000000000e+00 1.000000000000000000e+00 1.000000000000000000e+00 1.000000000000000000e+00 1.000000000000000000e+00 1.000000000000000000e+00 1.000000000000000000e+00 1.000000000000000000e+00 1.000000000000000000e+00 1.000000000000000000e+00 1.000000000000000000e+00 1.000000000000000000e+00 1.000000000000000000e+00 1.000000000000000000e+00 1.000000000000000000e+00 1.000000000000000000e+00 1.000000000000000000e+00 1.000000000000000000e+00 1.000000000000000000e+00 1.000000000000000000e+00 1.000000000000000000e+00 1.000000000000000000e+00 1.000000000000000000e+00 1.000000000000000000e+00 1.000000000000000000e+00 1.000000000000000000e+00 1.000000000000000000e+00 1.000000000000000000e+00 1.000000000000000000e+00 1.000000000000000000e+00 1.000000000000000000e+00 1.000000000000000000e+00 1.000000000000000000e+00 1.000000000000000000e+00 1.000000000000000000e+00 1.000000000000000000e+00 1.000000000000000000e+00 1.000000000000000000e+00 1.000000000000000000e+00 1.000000000000000000e+00 1.000000000000000000e+00 1.000000000000000000e+00 1.000000000000000000e+00 1.000000000000000000e+00
0.000000000000000000e+00 0.000000000000000000e+00 0.000000000000000000e+00 0.000000000000000000e+00 0.000000000000000000e+00 0.000000000000000000e+00 0.000000000000000000e+00 0.000000000000000000e+00 0.000000000000000000e+00 0.000000000000000000e+00 0.000000000000000000e+00 0.000000000000000000e+00 0.000000000000000000e+00 0.000000000000000000e+00 0.000000000000000000e+00 0.000000000000000000e+00 0.000000000000000000e+00 0.000000000000000000e+00 0.000000000000000000e+00 0.000000000000000000e+00 0.000000000000000000e+00 0.000000000000000000e+00 0.000000000000000000e+00 0.000000000000000000e+00 0.000000000000000000e+00 0.000000000000000000e+00 0.000000000000000000e+00 0.000000000000000000e+00 0.000000000000000000e+00 0.000000000000000000e+00 0.000000000000000000e+00 0.000000000000000000e+00 0.000000000000000000e+00 0.000000000000000000e+00 1.976262583364986177e-323 3.839999999999999949e-282 9.960000000000000022e-244 3.809999999999999802e-208 2.149999999999999991e-175 1.800000000000000025e-145 2.220000000000000087e-118 4.070000000000000005e-94 1.110000000000000030e-72 4.519999999999999954e-54 2.780000000000000113e-38 2.599999999999999985e-25 3.779999999999999891e-15 8.929999999999999892e-08 3.840872999999999857e-03 4.557136359999999775e-01 9.927225830000000473e-01 9.999997099999999861e-01 1.000000000000000000e+00 1.000000000000000000e+00 1.000000000000000000e+00 1.000000000000000000e+00 1.000000000000000000e+00 1.000000000000000000e+00 1.000000000000000000e+00 1.000000000000000000e+00 1.000000000000000000e+00 1.000000000000000000e+00 1.000000000000000000e+00 1.000000000000000000e+00 1.000000000000000000e+00 1.000000000000000000e+00 1.000000000000000000e+00 1.000000000000000000e+00 1.000000000000000000e+00 1.000000000000000000e+00 1.000000000000000000e+00 1.000000000000000000e+00 1.000000000000000000e+00 1.000000000000000000e+00 1.000000000000000000e+00 1.000000000000000000e+00 1.000000000000000000e+00 1.000000000000000000e+00 1.000000000000000000e+00 1.000000000000000000e+00 1.000000000000000000e+00 1.000000000000000000e+00 1.000000000000000000e+00 1.000000000000000000e+00 1.000000000000000000e+00 1.000000000000000000e+00 1.000000000000000000e+00 1.000000000000000000e+00 1.000000000000000000e+00 1.000000000000000000e+00 1.000000000000000000e+00 1.000000000000000000e+00 1.000000000000000000e+00 1.000000000000000000e+00 1.000000000000000000e+00 1.000000000000000000e+00 1.000000000000000000e+00 1.000000000000000000e+00 1.000000000000000000e+00 1.000000000000000000e+00
0.000000000000000000e+00 0.000000000000000000e+00 0.000000000000000000e+00 0.000000000000000000e+00 0.000000000000000000e+00 0.000000000000000000e+00 0.000000000000000000e+00 0.000000000000000000e+00 0.000000000000000000e+00 0.000000000000000000e+00 0.000000000000000000e+00 0.000000000000000000e+00 0.000000000000000000e+00 0.000000000000000000e+00 0.000000000000000000e+00 0.000000000000000000e+00 0.000000000000000000e+00 0.000000000000000000e+00 0.000000000000000000e+00 0.000000000000000000e+00 0.000000000000000000e+00 0.000000000000000000e+00 0.000000000000000000e+00 0.000000000000000000e+00 0.000000000000000000e+00 0.000000000000000000e+00 0.000000000000000000e+00 0.000000000000000000e+00 0.000000000000000000e+00 0.000000000000000000e+00 0.000000000000000000e+00 0.000000000000000000e+00 0.000000000000000000e+00 0.000000000000000000e+00 0.000000000000000000e+00 0.000000000000000000e+00 0.000000000000000000e+00 0.000000000000000000e+00 0.000000000000000000e+00 1.030000000000000097e-276 1.380000000000000021e-223 3.680000000000000350e-176 1.950000000000000047e-134 2.059999999999999838e-98 4.389999999999999886e-68 1.909999999999999959e-43 1.739999999999999849e-24 3.529999999999999701e-11 1.902859999999999925e-03 7.678568810000000466e-01 9.999934209999999934e-01 1.000000000000000000e+00 1.000000000000000000e+00 1.000000000000000000e+00 1.000000000000000000e+00 1.000000000000000000e+00 1.000000000000000000e+00 1.000000000000000000e+00 1.000000000000000000e+00 1.000000000000000000e+00 1.000000000000000000e+00 1.000000000000000000e+00 1.000000000000000000e+00 1.000000000000000000e+00 1.000000000000000000e+00 1.000000000000000000e+00 1.000000000000000000e+00 1.000000000000000000e+00 1.000000000000000000e+00 1.000000000000000000e+00 1.000000000000000000e+00 1.000000000000000000e+00 1.000000000000000000e+00 1.000000000000000000e+00 1.000000000000000000e+00 1.000000000000000000e+00 1.000000000000000000e+00 1.000000000000000000e+00 1.000000000000000000e+00 1.000000000000000000e+00 1.000000000000000000e+00 1.000000000000000000e+00 1.000000000000000000e+00 1.000000000000000000e+00 1.000000000000000000e+00 1.000000000000000000e+00 1.000000000000000000e+00 1.000000000000000000e+00 1.000000000000000000e+00 1.000000000000000000e+00 1.000000000000000000e+00 1.000000000000000000e+00 1.000000000000000000e+00 1.000000000000000000e+00 1.000000000000000000e+00 1.000000000000000000e+00 1.000000000000000000e+00 1.000000000000000000e+00 1.000000000000000000e+00 1.000000000000000000e+00
0.000000000000000000e+00 0.000000000000000000e+00 0.000000000000000000e+00 0.000000000000000000e+00 0.000000000000000000e+00 0.000000000000000000e+00 0.000000000000000000e+00 0.000000000000000000e+00 0.000000000000000000e+00 0.000000000000000000e+00 0.000000000000000000e+00 0.000000000000000000e+00 0.000000000000000000e+00 0.000000000000000000e+00 0.000000000000000000e+00 0.000000000000000000e+00 0.000000000000000000e+00 0.000000000000000000e+00 0.000000000000000000e+00 0.000000000000000000e+00 0.000000000000000000e+00 0.000000000000000000e+00 0.000000000000000000e+00 0.000000000000000000e+00 0.000000000000000000e+00 0.000000000000000000e+00 0.000000000000000000e+00 0.000000000000000000e+00 0.000000000000000000e+00 0.000000000000000000e+00 0.000000000000000000e+00 0.000000000000000000e+00 0.000000000000000000e+00 0.000000000000000000e+00 0.000000000000000000e+00 0.000000000000000000e+00 0.000000000000000000e+00 0.000000000000000000e+00 0.000000000000000000e+00 0.000000000000000000e+00 7.106788469474242665e-319 5.330000000000000195e-248 4.380000000000000026e-186 3.970000000000000188e-133 4.020000000000000228e-89 4.619999999999999899e-54 6.229999999999999903e-28 1.089999999999999984e-10 3.557066999999999868e-02 9.969239009999999457e-01 1.000000000000000000e+00 1.000000000000000000e+00 1.000000000000000000e+00 1.000000000000000000e+00 1.000000000000000000e+00 1.000000000000000000e+00 1.000000000000000000e+00 1.000000000000000000e+00 1.000000000000000000e+00 1.000000000000000000e+00 1.000000000000000000e+00 1.000000000000000000e+00 1.000000000000000000e+00 1.000000000000000000e+00 1.000000000000000000e+00 1.000000000000000000e+00 1.000000000000000000e+00 1.000000000000000000e+00 1.000000000000000000e+00 1.000000000000000000e+00 1.000000000000000000e+00 1.000000000000000000e+00 1.000000000000000000e+00 1.000000000000000000e+00 1.000000000000000000e+00 1.000000000000000000e+00 1.000000000000000000e+00 1.000000000000000000e+00 1.000000000000000000e+00 1.000000000000000000e+00 1.000000000000000000e+00 1.000000000000000000e+00 1.000000000000000000e+00 1.000000000000000000e+00 1.000000000000000000e+00 1.000000000000000000e+00 1.000000000000000000e+00 1.000000000000000000e+00 1.000000000000000000e+00 1.000000000000000000e+00 1.000000000000000000e+00 1.000000000000000000e+00 1.000000000000000000e+00 1.000000000000000000e+00 1.000000000000000000e+00 1.000000000000000000e+00 1.000000000000000000e+00 1.000000000000000000e+00 1.000000000000000000e+00 1.000000000000000000e+00
0.000000000000000000e+00 0.000000000000000000e+00 0.000000000000000000e+00 0.000000000000000000e+00 0.000000000000000000e+00 0.000000000000000000e+00 0.000000000000000000e+00 0.000000000000000000e+00 0.000000000000000000e+00 0.000000000000000000e+00 0.000000000000000000e+00 0.000000000000000000e+00 0.000000000000000000e+00 0.000000000000000000e+00 0.000000000000000000e+00 0.000000000000000000e+00 0.000000000000000000e+00 0.000000000000000000e+00 0.000000000000000000e+00 0.000000000000000000e+00 0.000000000000000000e+00 0.000000000000000000e+00 0.000000000000000000e+00 0.000000000000000000e+00 0.000000000000000000e+00 0.000000000000000000e+00 0.000000000000000000e+00 0.000000000000000000e+00 0.000000000000000000e+00 0.000000000000000000e+00 1.254548105026103865e-311 5.199999999999999739e-278 2.520000000000000036e-246 1.429999999999999982e-216 9.560000000000000330e-189 7.470000000000000048e-163 6.850000000000000736e-139 7.379999999999999862e-117 9.359999999999999830e-97 1.400000000000000118e-78 2.469999999999999977e-62 5.159999999999999892e-48 1.290000000000000054e-35 3.850000000000000120e-25 1.400000000000000069e-16 6.319999999999999889e-10 3.712079999999999872e-05 3.197510700000000261e-02 6.014926769999999756e-01 9.910323709999999675e-01 9.999962100000000520e-01 1.000000000000000000e+00 1.000000000000000000e+00 1.000000000000000000e+00 1.000000000000000000e+00 1.000000000000000000e+00 1.000000000000000000e+00 1.000000000000000000e+00 1.000000000000000000e+00 1.000000000000000000e+00 1.000000000000000000e+00 1.000000000000000000e+00 1.000000000000000000e+00 1.000000000000000000e+00 1.000000000000000000e+00 1.000000000000000000e+00 1.000000000000000000e+00 1.000000000000000000e+00 1.000000000000000000e+00 1.000000000000000000e+00 1.000000000000000000e+00 1.000000000000000000e+00 1.000000000000000000e+00 1.000000000000000000e+00 1.000000000000000000e+00 1.000000000000000000e+00 1.000000000000000000e+00 1.000000000000000000e+00 1.000000000000000000e+00 1.000000000000000000e+00 1.000000000000000000e+00 1.000000000000000000e+00 1.000000000000000000e+00 1.000000000000000000e+00 1.000000000000000000e+00 1.000000000000000000e+00 1.000000000000000000e+00 1.000000000000000000e+00 1.000000000000000000e+00 1.000000000000000000e+00 1.000000000000000000e+00 1.000000000000000000e+00 1.000000000000000000e+00 1.000000000000000000e+00 1.000000000000000000e+00 1.000000000000000000e+00 1.000000000000000000e+00 1.000000000000000000e+00 1.000000000000000000e+00 1.000000000000000000e+00
0.000000000000000000e+00 0.000000000000000000e+00 0.000000000000000000e+00 0.000000000000000000e+00 0.000000000000000000e+00 0.000000000000000000e+00 0.000000000000000000e+00 0.000000000000000000e+00 0.000000000000000000e+00 0.000000000000000000e+00 0.000000000000000000e+00 0.000000000000000000e+00 0.000000000000000000e+00 0.000000000000000000e+00 0.000000000000000000e+00 0.000000000000000000e+00 0.000000000000000000e+00 0.000000000000000000e+00 0.000000000000000000e+00 1.086015577436560854e-318 1.199999999999999980e-296 2.139999999999999881e-275 6.069999999999999914e-255 2.769999999999999911e-235 2.019999999999999968e-216 2.369999999999999871e-198 4.450000000000000177e-181 1.339999999999999960e-164 6.469999999999999972e-149 5.009999999999999887e-134 6.230000000000000099e-120 1.240000000000000087e-106 3.990000000000000179e-94 2.060000000000000108e-82 1.700000000000000017e-71 2.269999999999999969e-61 4.879999999999999918e-52 1.689999999999999922e-43 9.450000000000000428e-36 8.549999999999999872e-29 1.260000000000000047e-22 3.009999999999999853e-17 1.180000000000000021e-12 7.679999999999999949e-09 8.399999999999999196e-06 1.589048999999999930e-03 5.521633100000000044e-02 4.041817280000000179e-01 8.667536620000000358e-01 9.931472239999999951e-01 9.999328950000000438e-01 9.999998839999999500e-01 1.000000000000000000e+00 1.000000000000000000e+00 1.000000000000000000e+00 1.000000000000000000e+00 1.000000000000000000e+00 1.000000000000000000e+00 1.000000000000000000e+00 1.000000000000000000e+00 1.000000000000000000e+00 1.000000000000000000e+00 1.000000000000000000e+00 1.000000000000000000e+00 1.000000000000000000e+00 1.000000000000000000e+00 1.000000000000000000e+00 1.000000000000000000e+00 1.000000000000000000e+00 1.000000000000000000e+00 1.000000000000000000e+00 1.000000000000000000e+00 1.000000000000000000e+00 1.000000000000000000e+00 1.000000000000000000e+00 1.000000000000000000e+00 1.000000000000000000e+00 1.000000000000000000e+00 1.000000000000000000e+00 1.000000000000000000e+00 1.000000000000000000e+00 1.000000000000000000e+00 1.000000000000000000e+00 1.000000000000000000e+00 1.000000000000000000e+00 1.000000000000000000e+00 1.000000000000000000e+00 1.000000000000000000e+00 1.000000000000000000e+00 1.000000000000000000e+00 1.000000000000000000e+00 1.000000000000000000e+00 1.000000000000000000e+00 1.000000000000000000e+00 1.000000000000000000e+00 1.000000000000000000e+00 1.000000000000000000e+00 1.000000000000000000e+00 1.000000000000000000e+00 1.000000000000000000e+00
0.000000000000000000e+00 0.000000000000000000e+00 0.000000000000000000e+00 0.000000000000000000e+00 0.000000000000000000e+00 0.000000000000000000e+00 9.881312916824930884e-324 4.970000000000000132e-308 1.029999999999999897e-292 8.560000000000000457e-278 2.889999999999999930e-263 3.949999999999999810e-249 2.180000000000000160e-235 4.880000000000000073e-222 4.410000000000000099e-209 1.609999999999999982e-196 2.389999999999999848e-184 1.430000000000000073e-172 3.460000000000000046e-161 3.389999999999999958e-150 1.349999999999999919e-139 2.159999999999999930e-129 1.399999999999999936e-119 3.689999999999999784e-110 3.929999999999999916e-101 1.700000000000000133e-92 2.969999999999999810e-84 2.099999999999999923e-76 6.020000000000000511e-69 7.000000000000000277e-62 3.299999999999999928e-55 6.309999999999999923e-49 4.890000000000000170e-43 1.539999999999999973e-37 1.970000000000000035e-32 1.029999999999999918e-27 2.180000000000000146e-23 1.880000000000000059e-19 6.649999999999999590e-16 9.610000000000000451e-13 5.709999999999999928e-10 1.400000000000000095e-07 1.428809999999999962e-05 6.131020000000000263e-04 1.127716699999999940e-02 9.190954799999999369e-02 3.529848050000000126e-01 7.171982709999999983e-01 9.365388260000000464e-01 9.933969879999999808e-01 9.996981839999999897e-01 9.999941150000000167e-01 9.999999520000000253e-01 1.000000000000000000e+00 1.000000000000000000e+00 1.000000000000000000e+00 1.000000000000000000e+00 1.000000000000000000e+00 1.000000000000000000e+00 1.000000000000000000e+00 1.000000000000000000e+00 1.000000000000000000e+00 1.000000000000000000e+00 1.000000000000000000e+00 1.000000000000000000e+00 1.000000000000000000e+00 1.000000000000000000e+00 1.000000000000000000e+00 1.000000000000000000e+00 1.000000000000000000e+00 1.000000000000000000e+00 1.000000000000000000e+00 1.000000000000000000e+00 1.000000000000000000e+00 1.000000000000000000e+00 1.000000000000000000e+00 1.000000000000000000e+00 1.000000000000000000e+00 1.000000000000000000e+00 1.000000000000000000e+00 1.000000000000000000e+00 1.000000000000000000e+00 1.000000000000000000e+00 1.000000000000000000e+00 1.000000000000000000e+00 1.000000000000000000e+00 1.000000000000000000e+00 1.000000000000000000e+00 1.000000000000000000e+00 1.000000000000000000e+00 1.000000000000000000e+00 1.000000000000000000e+00 1.000000000000000000e+00 1.000000000000000000e+00 1.000000000000000000e+00 1.000000000000000000e+00 1.000000000000000000e+00 1.000000000000000000e+00 1.000000000000000000e+00 1.000000000000000000e+00
3.530000000000000107e-180 1.970000000000000066e-172 7.379999999999999992e-165 1.859999999999999865e-157 3.160000000000000199e-150 3.619999999999999866e-143 2.780000000000000184e-136 1.440000000000000060e-129 5.010000000000000277e-123 1.180000000000000067e-116 1.850000000000000080e-110 1.969999999999999875e-104 1.410000000000000048e-98 6.769999999999999594e-93 2.189999999999999901e-87 4.779999999999999909e-82 7.020000000000000699e-77 6.940000000000000409e-72 4.620000000000000089e-67 2.069999999999999788e-62 6.250000000000000249e-58 1.269999999999999999e-53 1.740000000000000144e-49 1.610000000000000097e-45 9.979999999999999678e-42 4.179999999999999851e-38 1.179999999999999910e-34 2.250000000000000188e-31 2.889999999999999961e-28 2.499999999999999809e-25 1.460000000000000010e-22 5.780000000000000492e-20 1.540000000000000126e-17 2.779999999999999814e-15 3.400000000000000154e-13 2.809999999999999861e-11 1.569999999999999955e-09 5.980000000000000608e-08 1.549999999999999983e-06 2.737709999999999916e-05 3.314219999999999992e-04 2.762976999999999794e-03 1.598381800000000033e-02 6.488990699999999667e-02 1.880442260000000088e-01 3.992526140000000057e-01 6.460069659999999603e-01 8.424086530000000073e-01 9.488969080000000389e-01 9.882158699999999962e-01 9.980977930000000109e-01 9.997872840000000538e-01 9.999836380000000080e-01 9.999991390000000369e-01 9.999999689999999886e-01 9.999999990000000283e-01 1.000000000000000000e+00 1.000000000000000000e+00 1.000000000000000000e+00 1.000000000000000000e+00 1.000000000000000000e+00 1.000000000000000000e+00 1.000000000000000000e+00 1.000000000000000000e+00 1.000000000000000000e+00 1.000000000000000000e+00 1.000000000000000000e+00 1.000000000000000000e+00 1.000000000000000000e+00 1.000000000000000000e+00 1.000000000000000000e+00 1.000000000000000000e+00 1.000000000000000000e+00 1.000000000000000000e+00 1.000000000000000000e+00 1.000000000000000000e+00 1.000000000000000000e+00 1.000000000000000000e+00 1.000000000000000000e+00 1.000000000000000000e+00 1.000000000000000000e+00 1.000000000000000000e+00 1.000000000000000000e+00 1.000000000000000000e+00 1.000000000000000000e+00 1.000000000000000000e+00 1.000000000000000000e+00 1.000000000000000000e+00 1.000000000000000000e+00 1.000000000000000000e+00 1.000000000000000000e+00 1.000000000000000000e+00 1.000000000000000000e+00 1.000000000000000000e+00 1.000000000000000000e+00 1.000000000000000000e+00 1.000000000000000000e+00 1.000000000000000000e+00 1.000000000000000000e+00 1.000000000000000000e+00
1.130000000000000108e-87 7.140000000000000393e-84 3.709999999999999810e-80 1.580000000000000053e-76 5.540000000000000256e-73 1.589999999999999885e-69 3.749999999999999975e-66 7.239999999999999958e-63 1.149999999999999897e-59 1.490000000000000084e-56 1.590000000000000055e-53 1.390000000000000100e-50 9.999999999999999744e-48 5.899999999999999611e-45 2.849999999999999972e-42 1.130000000000000059e-39 3.689999999999999813e-37 9.870000000000000477e-35 2.169999999999999909e-32 3.909999999999999905e-30 5.779999999999999921e-28 7.019999999999999639e-26 7.009999999999999621e-24 5.740000000000000293e-22 3.870000000000000280e-20 2.140000000000000169e-18 9.729999999999999841e-17 3.630000000000000215e-15 1.120000000000000024e-13 2.820000000000000101e-12 5.870000000000000151e-11 1.010000000000000028e-09 1.419999999999999977e-08 1.650000000000000084e-07 1.579999999999999907e-06 1.254640000000000070e-05 8.219920000000000406e-05 4.460269999999999903e-04 2.008578999999999920e-03 7.526658999999999780e-03 2.355131300000000080e-02 6.182177700000000137e-02 1.369903700000000002e-01 2.584201179999999765e-01 4.197604810000000186e-01 5.960791189999999906e-01 7.545659420000000450e-01 8.717382139999999557e-01 9.429882040000000520e-01 9.786217699999999464e-01 9.932782409999999507e-01 9.982358439999999833e-01 9.996148240000000129e-01 9.999302209999999524e-01 9.999895319999999588e-01 9.999987019999999616e-01 9.999998669999999867e-01 9.999999889999999780e-01 9.999999990000000283e-01 1.000000000000000000e+00 1.000000000000000000e+00 1.000000000000000000e+00 1.000000000000000000e+00 1.000000000000000000e+00 1.000000000000000000e+00 1.000000000000000000e+00 1.000000000000000000e+00 1.000000000000000000e+00 1.000000000000000000e+00 1.000000000000000000e+00 1.000000000000000000e+00 1.000000000000000000e+00 1.000000000000000000e+00 1.000000000000000000e+00 1.000000000000000000e+00 1.000000000000000000e+00 1.000000000000000000e+00 1.000000000000000000e+00 1.000000000000000000e+00 1.000000000000000000e+00 1.000000000000000000e+00 1.000000000000000000e+00 1.000000000000000000e+00 1.000000000000000000e+00 1.000000000000000000e+00 1.000000000000000000e+00 1.000000000000000000e+00 1.000000000000000000e+00 1.000000000000000000e+00 1.000000000000000000e+00 1.000000000000000000e+00 1.000000000000000000e+00 1.000000000000000000e+00 1.000000000000000000e+00 1.000000000000000000e+00 1.000000000000000000e+00 1.000000000000000000e+00 1.000000000000000000e+00 1.000000000000000000e+00 1.000000000000000000e+00
1.719999999999999947e-62 9.970000000000000239e-60 4.980000000000000022e-57 2.139999999999999927e-54 7.959999999999999526e-52 2.550000000000000132e-49 7.040000000000000403e-47 1.679999999999999961e-44 3.449999999999999899e-42 6.130000000000000031e-40 9.379999999999999549e-38 1.239999999999999940e-35 1.409999999999999922e-33 1.390000000000000098e-31 1.179999999999999958e-29 8.640000000000000720e-28 5.459999999999999464e-26 2.980000000000000011e-24 1.399999999999999974e-22 5.710000000000000275e-21 1.999999999999999950e-19 6.070000000000000057e-18 1.589999999999999952e-16 3.600000000000000122e-15 7.030000000000000085e-14 1.189999999999999978e-12 1.730000000000000101e-11 2.189999999999999934e-10 2.389999999999999812e-09 2.260000000000000054e-08 1.850000000000000022e-07 1.309999999999999951e-06 8.029999999999999351e-06 4.278819999999999802e-05 1.978399999999999896e-04 7.951650000000000211e-04 2.782221000000000086e-03 8.490292999999999451e-03 2.265019000000000060e-02 5.298435800000000223e-02 1.091038740000000035e-01 1.987667449999999947e-01 3.224849759999999788e-01 4.699132810000000160e-01 6.216379530000000209e-01 7.564907770000000031e-01 8.600028499999999854e-01 9.286221009999999776e-01 9.679065049999999726e-01 9.873290970000000444e-01 9.956218550000000000e-01 9.986794940000000009e-01 9.996530430000000189e-01 9.999207140000000438e-01 9.999842620000000126e-01 9.999972889999999559e-01 9.999995950000000189e-01 9.999999480000000274e-01 9.999999939999999476e-01 9.999999990000000283e-01 1.000000000000000000e+00 1.000000000000000000e+00 1.000000000000000000e+00 1.000000000000000000e+00 1.000000000000000000e+00 1.000000000000000000e+00 1.000000000000000000e+00 1.000000000000000000e+00 1.000000000000000000e+00 1.000000000000000000e+00 1.000000000000000000e+00 1.000000000000000000e+00 1.000000000000000000e+00 1.000000000000000000e+00 1.000000000000000000e+00 1.000000000000000000e+00 1.000000000000000000e+00 1.000000000000000000e+00 1.000000000000000000e+00 1.000000000000000000e+00 1.000000000000000000e+00 1.000000000000000000e+00 1.000000000000000000e+00 1.000000000000000000e+00 1.000000000000000000e+00 1.000000000000000000e+00 1.000000000000000000e+00 1.000000000000000000e+00 1.000000000000000000e+00 1.000000000000000000e+00 1.000000000000000000e+00 1.000000000000000000e+00 1.000000000000000000e+00 1.000000000000000000e+00 1.000000000000000000e+00 1.000000000000000000e+00 1.000000000000000000e+00 1.000000000000000000e+00 1.000000000000000000e+00 1.000000000000000000e+00
8.890000000000000280e-44 8.469999999999999670e-42 7.229999999999999872e-40 5.529999999999999617e-38 3.790000000000000007e-36 2.329999999999999966e-34 1.279999999999999907e-32 6.349999999999999829e-31 2.809999999999999954e-29 1.119999999999999914e-27 3.970000000000000239e-26 1.270000000000000078e-24 3.629999999999999934e-23 9.299999999999999911e-22 2.140000000000000024e-20 4.420000000000000362e-19 8.179999999999999615e-18 1.359999999999999912e-16 2.020000000000000086e-15 2.699999999999999855e-14 3.239999999999999826e-13 3.489999999999999871e-12 3.369999999999999736e-11 2.920000000000000256e-10 2.279999999999999985e-09 1.590000000000000010e-08 9.999999999999999547e-08 5.649999999999999903e-07 2.870000000000000050e-06 1.312250000000000014e-05 5.396830000000000301e-05 1.998930000000000054e-04 6.673129999999999990e-04 2.009719000000000089e-03 5.466453999999999931e-03 1.344745299999999984e-02 2.996940199999999915e-02 6.063712300000000111e-02 1.116783140000000007e-01 1.878479020000000110e-01 2.897694049999999799e-01 4.120548669999999913e-01 5.436105190000000142e-01 6.705130310000000371e-01 7.802762359999999564e-01 8.654034640000000111e-01 9.246010700000000249e-01 9.615125949999999699e-01 9.821492739999999610e-01 9.924943790000000376e-01 9.971442830000000201e-01 9.990182560000000489e-01 9.996954129999999772e-01 9.999148030000000187e-01 9.999785319999999755e-01 9.999951299999999543e-01 9.999990060000000236e-01 9.999998180000000403e-01 9.999999699999999603e-01 9.999999960000000021e-01 9.999999990000000283e-01 1.000000000000000000e+00 1.000000000000000000e+00 1.000000000000000000e+00 1.000000000000000000e+00 1.000000000000000000e+00 1.000000000000000000e+00 1.000000000000000000e+00 1.000000000000000000e+00 1.000000000000000000e+00 1.000000000000000000e+00 1.000000000000000000e+00 1.000000000000000000e+00 1.000000000000000000e+00 1.000000000000000000e+00 1.000000000000000000e+00 1.000000000000000000e+00 1.000000000000000000e+00 1.000000000000000000e+00 1.000000000000000000e+00 1.000000000000000000e+00 1.000000000000000000e+00 1.000000000000000000e+00 1.000000000000000000e+00 1.000000000000000000e+00 1.000000000000000000e+00 1.000000000000000000e+00 1.000000000000000000e+00 1.000000000000000000e+00 1.000000000000000000e+00 1.000000000000000000e+00 1.000000000000000000e+00 1.000000000000000000e+00 1.000000000000000000e+00 1.000000000000000000e+00 1.000000000000000000e+00 1.000000000000000000e+00 1.000000000000000000e+00 1.000000000000000000e+00 1.000000000000000000e+00
2.789999999999999952e-30 6.930000000000000297e-29 1.590000000000000054e-27 3.350000000000000272e-26 6.539999999999999850e-25 1.180000000000000039e-23 1.959999999999999917e-22 3.020000000000000048e-21 4.280000000000000048e-20 5.619999999999999755e-19 6.800000000000000024e-18 7.609999999999999412e-17 7.859999999999999530e-16 7.499999999999999597e-15 6.610000000000000360e-14 5.380000000000000300e-13 4.049999999999999908e-12 2.820000000000000020e-11 1.809999999999999953e-10 1.079999999999999993e-09 5.909999999999999651e-09 2.999999999999999732e-08 1.410000000000000053e-07 6.129999999999999966e-07 2.470000000000000068e-06 9.180000000000000199e-06 3.161870000000000273e-05 1.008960000000000043e-04 2.983239999999999850e-04 8.177409999999999757e-04 2.079301999999999886e-03 4.908013999999999606e-03 1.076344299999999927e-02 2.195317499999999838e-02 4.169433499999999904e-02 7.384713299999999536e-02 1.221929489999999952e-01 1.893039599999999933e-01 2.753090280000000112e-01 3.770627140000000210e-01 4.882032310000000153e-01 6.002736520000000464e-01 7.046028659999999944e-01 7.942666510000000457e-01 8.654083329999999741e-01 9.175190050000000541e-01 9.527580490000000513e-01 9.747576980000000058e-01 9.874371560000000381e-01 9.941836469999999482e-01 9.974975999999999843e-01 9.990004120000000043e-01 9.996295570000000019e-01 9.998727130000000241e-01 9.999594699999999614e-01 9.999880460000000193e-01 9.999967360000000527e-01 9.999991750000000179e-01 9.999998070000000183e-01 9.999999579999999666e-01 9.999999920000000042e-01 9.999999979999999455e-01 1.000000000000000000e+00 1.000000000000000000e+00 1.000000000000000000e+00 1.000000000000000000e+00 1.000000000000000000e+00 1.000000000000000000e+00 1.000000000000000000e+00 1.000000000000000000e+00 1.000000000000000000e+00 1.000000000000000000e+00 1.000000000000000000e+00 1.000000000000000000e+00 1.000000000000000000e+00 1.000000000000000000e+00 1.000000000000000000e+00 1.000000000000000000e+00 1.000000000000000000e+00 1.000000000000000000e+00 1.000000000000000000e+00 1.000000000000000000e+00 1.000000000000000000e+00 1.000000000000000000e+00 1.000000000000000000e+00 1.000000000000000000e+00 1.000000000000000000e+00 1.000000000000000000e+00 1.000000000000000000e+00 1.000000000000000000e+00 1.000000000000000000e+00 1.000000000000000000e+00 1.000000000000000000e+00 1.000000000000000000e+00 1.000000000000000000e+00 1.000000000000000000e+00 1.000000000000000000e+00 1.000000000000000000e+00 1.000000000000000000e+00 1.000000000000000000e+00
2.340000000000000164e-19 1.829999999999999892e-18 1.369999999999999952e-17 9.659999999999999443e-17 6.479999999999999786e-16 4.119999999999999894e-15 2.489999999999999992e-14 1.420000000000000008e-13 7.730000000000000384e-13 3.989999999999999760e-12 1.950000000000000052e-11 9.049999999999999767e-11 3.990000000000000180e-10 1.670000000000000023e-09 6.610000000000000128e-09 2.490000000000000128e-08 8.909999999999999713e-08 3.030000000000000001e-07 9.760000000000000575e-07 2.990000000000000172e-06 8.699999999999999712e-06 2.404439999999999971e-05 6.315799999999999398e-05 1.576840000000000034e-04 3.742819999999999784e-04 8.448800000000000017e-04 1.814342999999999945e-03 3.707991999999999799e-03 7.215151999999999850e-03 1.337400700000000026e-02 2.362893799999999864e-02 3.981921199999999966e-02 6.405541800000000285e-02 9.845587799999999667e-02 1.447529170000000087e-01 2.038317249999999914e-01 2.753142519999999815e-01 3.573225580000000123e-01 4.465309339999999905e-01 5.385426890000000189e-01 6.285278520000000535e-01 7.119705610000000018e-01 7.853367140000000468e-01 8.465002900000000441e-01 8.948484209999999495e-01 9.310857399999999950e-01 9.568383849999999580e-01 9.741914739999999462e-01 9.852786460000000357e-01 9.919953080000000201e-01 9.958534190000000175e-01 9.979546999999999723e-01 9.990398289999999903e-01 9.995711609999999858e-01 9.998178429999999839e-01 9.999264350000000023e-01 9.999717609999999590e-01 9.999896980000000379e-01 9.999964300000000472e-01 9.999988239999999529e-01 9.999996319999999717e-01 9.999998909999999741e-01 9.999999689999999886e-01 9.999999920000000042e-01 9.999999979999999455e-01 9.999999990000000283e-01 1.000000000000000000e+00 1.000000000000000000e+00 1.000000000000000000e+00 1.000000000000000000e+00 1.000000000000000000e+00 1.000000000000000000e+00 1.000000000000000000e+00 1.000000000000000000e+00 1.000000000000000000e+00 1.000000000000000000e+00 1.000000000000000000e+00 1.000000000000000000e+00 1.000000000000000000e+00 1.000000000000000000e+00 1.000000000000000000e+00 1.000000000000000000e+00 1.000000000000000000e+00 1.000000000000000000e+00 1.000000000000000000e+00 1.000000000000000000e+00 1.000000000000000000e+00 1.000000000000000000e+00 1.000000000000000000e+00 1.000000000000000000e+00 1.000000000000000000e+00 1.000000000000000000e+00 1.000000000000000000e+00 1.000000000000000000e+00 1.000000000000000000e+00 1.000000000000000000e+00 1.000000000000000000e+00 1.000000000000000000e+00 1.000000000000000000e+00 1.000000000000000000e+00
4.440000000000000164e-16 2.569999999999999951e-15 1.409999999999999956e-14 7.440000000000000357e-14 3.740000000000000220e-13 1.790000000000000047e-12 8.189999999999999635e-12 3.580000000000000174e-11 1.490000000000000025e-10 5.940000000000000167e-10 2.260000000000000054e-09 8.189999999999999222e-09 2.839999999999999954e-08 9.390000000000000041e-08 2.970000000000000257e-07 8.959999999999999764e-07 2.579999999999999862e-06 7.119999999999999593e-06 1.874409999999999897e-05 4.716689999999999728e-05 1.134550000000000039e-04 2.609210000000000045e-04 5.738489999999999737e-04 1.207264999999999901e-03 2.430266999999999844e-03 4.682737000000000184e-03 8.639907000000000489e-03 1.527129200000000055e-02 2.587159299999999829e-02 4.203476300000000276e-02 6.554350899999999980e-02 9.815923899999999536e-02 1.413230339999999863e-01 1.958118130000000012e-01 2.614247679999999741e-01 3.367893399999999926e-01 4.193627169999999960e-01 5.056621770000000460e-01 5.916964169999999745e-01 6.735108269999999786e-01 7.477244259999999976e-01 8.119388140000000087e-01 8.649388679999999718e-01 9.066656910000000513e-01 9.380021039999999477e-01 9.604501260000000151e-01 9.757892860000000335e-01 9.857874359999999614e-01 9.920037390000000510e-01 9.956904479999999502e-01 9.977760890000000327e-01 9.989015589999999944e-01 9.994808840000000139e-01 9.997653330000000338e-01 9.998985550000000222e-01 9.999580729999999473e-01 9.999834359999999478e-01 9.999937460000000167e-01 9.999977439999999662e-01 9.999992220000000209e-01 9.999997440000000237e-01 9.999999189999999594e-01 9.999999760000000126e-01 9.999999929999999759e-01 9.999999979999999455e-01 1.000000000000000000e+00 1.000000000000000000e+00 1.000000000000000000e+00 1.000000000000000000e+00 1.000000000000000000e+00 1.000000000000000000e+00 1.000000000000000000e+00 1.000000000000000000e+00 1.000000000000000000e+00 1.000000000000000000e+00 1.000000000000000000e+00 1.000000000000000000e+00 1.000000000000000000e+00 1.000000000000000000e+00 1.000000000000000000e+00 1.000000000000000000e+00 1.000000000000000000e+00 1.000000000000000000e+00 1.000000000000000000e+00 1.000000000000000000e+00 1.000000000000000000e+00 1.000000000000000000e+00 1.000000000000000000e+00 1.000000000000000000e+00 1.000000000000000000e+00 1.000000000000000000e+00 1.000000000000000000e+00 1.000000000000000000e+00 1.000000000000000000e+00 1.000000000000000000e+00 1.000000000000000000e+00 1.000000000000000000e+00 1.000000000000000000e+00 1.000000000000000000e+00 1.000000000000000000e+00
3.059999999999999886e-12 1.150000000000000068e-11 4.189999999999999877e-11 1.470000000000000094e-10 4.960000000000000450e-10 1.619999999999999989e-09 5.089999999999999587e-09 1.549999999999999983e-08 4.530000000000000197e-08 1.280000000000000080e-07 3.499999999999999842e-07 9.209999999999999488e-07 2.340000000000000042e-06 5.750000000000000004e-06 1.362310000000000006e-05 3.116599999999999942e-05 6.884849999999999651e-05 1.468850000000000006e-04 3.026840000000000043e-04 6.025680000000000489e-04 1.159052000000000042e-03 2.154617000000000164e-03 3.871738000000000002e-03 6.727012999999999569e-03 1.130432500000000048e-02 1.837871400000000086e-02 2.891974199999999828e-02 4.406207699999999811e-02 6.503304999999999503e-02 9.303319499999999909e-02 1.290759479999999959e-01 1.738052029999999915e-01 2.273209320000000033e-01 2.890496599999999860e-01 3.576947280000000173e-01 4.312895900000000005e-01 5.073575580000000418e-01 5.831580979999999581e-01 6.559794860000000005e-01 7.234263490000000241e-01 7.836518890000000459e-01 8.354979519999999882e-01 8.785275169999999800e-01 9.129572919999999758e-01 9.395166430000000402e-01 9.592688980000000365e-01 9.734311350000000029e-01 9.832206890000000366e-01 9.897446250000000445e-01 9.939361519999999617e-01 9.965324260000000267e-01 9.980828280000000330e-01 9.989754210000000301e-01 9.994708469999999956e-01 9.997359519999999833e-01 9.998727160000000502e-01 9.999407369999999684e-01 9.999733530000000092e-01 9.999884310000000109e-01 9.999951500000000548e-01 9.999980370000000063e-01 9.999992330000000429e-01 9.999997109999999578e-01 9.999998949999999720e-01 9.999999630000000472e-01 9.999999870000000346e-01 9.999999960000000021e-01 9.999999990000000283e-01 1.000000000000000000e+00 1.000000000000000000e+00 1.000000000000000000e+00 1.000000000000000000e+00 1.000000000000000000e+00 1.000000000000000000e+00 1.000000000000000000e+00 1.000000000000000000e+00 1.000000000000000000e+00 1.000000000000000000e+00 1.000000000000000000e+00 1.000000000000000000e+00 1.000000000000000000e+00 1.000000000000000000e+00 1.000000000000000000e+00 1.000000000000000000e+00 1.000000000000000000e+00 1.000000000000000000e+00 1.000000000000000000e+00 1.000000000000000000e+00 1.000000000000000000e+00 1.000000000000000000e+00 1.000000000000000000e+00 1.000000000000000000e+00 1.000000000000000000e+00 1.000000000000000000e+00 1.000000000000000000e+00 1.000000000000000000e+00 1.000000000000000000e+00 1.000000000000000000e+00 1.000000000000000000e+00 1.000000000000000000e+00
5.729999999999999858e-09 1.460000000000000004e-08 3.609999999999999900e-08 8.710000000000000569e-08 2.049999999999999960e-07 4.719999999999999913e-07 1.060000000000000016e-06 2.309999999999999906e-06 4.930000000000000232e-06 1.024279999999999958e-05 2.077960000000000007e-05 4.112619999999999937e-05 7.941359999999999468e-05 1.496240000000000027e-04 2.750909999999999857e-04 4.935840000000000366e-04 8.643719999999999702e-04 1.477564000000000004e-03 2.465769999999999941e-03 4.017727999999999924e-03 6.392893999999999660e-03 9.935223999999999445e-03 1.508354200000000013e-02 2.237514800000000095e-02 3.243895299999999954e-02 4.597471499999999933e-02 6.371597699999999309e-02 8.637638799999999839e-02 1.145817989999999981e-01 1.487938030000000023e-01 1.892333290000000057e-01 2.358149989999999974e-01 2.881034180000000000e-01 3.453009690000000131e-01 4.062730250000000098e-01 4.696112259999999927e-01 5.337295399999999468e-01 5.969823680000000410e-01 6.577901670000000367e-01 7.147567400000000015e-01 7.667638110000000173e-01 8.130323889999999665e-01 8.531459649999999506e-01 8.870364720000000203e-01 9.149391690000000521e-01 9.373261609999999910e-01 9.548297340000000410e-01 9.681661489999999759e-01 9.780683759999999616e-01 9.852332409999999818e-01 9.902852540000000037e-01 9.937566349999999993e-01 9.960810909999999740e-01 9.975978680000000542e-01 9.985623710000000042e-01 9.991600470000000511e-01 9.995209670000000379e-01 9.997333579999999609e-01 9.998551559999999672e-01 9.999232219999999449e-01 9.999602899999999739e-01 9.999799620000000555e-01 9.999901350000000022e-01 9.999952629999999676e-01 9.999977810000000300e-01 9.999989860000000341e-01 9.999995480000000159e-01 9.999998039999999921e-01 9.999999170000000159e-01 9.999999659999999624e-01 9.999999859999999519e-01 9.999999950000000304e-01 9.999999979999999455e-01 9.999999990000000283e-01 1.000000000000000000e+00 1.000000000000000000e+00 1.000000000000000000e+00 1.000000000000000000e+00 1.000000000000000000e+00 1.000000000000000000e+00 1.000000000000000000e+00 1.000000000000000000e+00 1.000000000000000000e+00 1.000000000000000000e+00 1.000000000000000000e+00 1.000000000000000000e+00 1.000000000000000000e+00 1.000000000000000000e+00 1.000000000000000000e+00 1.000000000000000000e+00 1.000000000000000000e+00 1.000000000000000000e+00 1.000000000000000000e+00 1.000000000000000000e+00 1.000000000000000000e+00 1.000000000000000000e+00 1.000000000000000000e+00 1.000000000000000000e+00 1.000000000000000000e+00 1.000000000000000000e+00
4.059999999999999628e-09 1.009999999999999945e-08 2.469999999999999949e-08 5.879999999999999713e-08 1.369999999999999959e-07 3.099999999999999966e-07 6.870000000000000504e-07 1.489999999999999922e-06 3.149999999999999910e-06 6.499999999999999600e-06 1.311730000000000060e-05 2.586030000000000040e-05 4.980959999999999826e-05 9.373729999999999443e-05 1.723709999999999934e-04 3.097460000000000122e-04 5.439699999999999570e-04 9.337160000000000164e-04 1.566646000000000098e-03 2.569776000000000178e-03 4.121391999999999764e-03 6.463664000000000041e-03 9.914436000000000429e-03 1.487603000000000016e-02 2.183832100000000082e-02 3.137306599999999807e-02 4.411666499999999935e-02 6.073934799999999856e-02 8.190035099999999624e-02 1.081907639999999948e-01 1.400682950000000093e-01 1.777905850000000010e-01 2.213555640000000047e-01 2.704580059999999730e-01 3.244705689999999865e-01 3.824551629999999869e-01 4.432066020000000051e-01 5.053259159999999861e-01 5.673160929999999658e-01 6.276894349999999623e-01 6.850738149999999749e-01 7.383052650000000439e-01 7.864966089999999577e-01 8.290756500000000528e-01 8.657910979999999812e-01 8.966889230000000266e-01 9.220655009999999541e-01 9.424061270000000379e-01 9.583180119999999969e-01 9.704660179999999858e-01 9.795173900000000433e-01 9.860992690000000005e-01 9.907702849999999728e-01 9.940054670000000314e-01 9.961922829999999562e-01 9.976349030000000173e-01 9.985636909999999755e-01 9.991472820000000254e-01 9.995051520000000078e-01 9.997193269999999909e-01 9.998444210000000387e-01 9.999157279999999481e-01 9.999553970000000236e-01 9.999769349999999557e-01 9.999883470000000552e-01 9.999942490000000017e-01 9.999972270000000441e-01 9.999986939999999658e-01 9.999993990000000110e-01 9.999997299999999756e-01 9.999998820000000066e-01 9.999999489999999991e-01 9.999999790000000388e-01 9.999999910000000325e-01 9.999999969999999738e-01 9.999999990000000283e-01 9.999999990000000283e-01 1.000000000000000000e+00 1.000000000000000000e+00 1.000000000000000000e+00 1.000000000000000000e+00 1.000000000000000000e+00 1.000000000000000000e+00 1.000000000000000000e+00 1.000000000000000000e+00 1.000000000000000000e+00 1.000000000000000000e+00 1.000000000000000000e+00 1.000000000000000000e+00 1.000000000000000000e+00 1.000000000000000000e+00 1.000000000000000000e+00 1.000000000000000000e+00 1.000000000000000000e+00 1.000000000000000000e+00 1.000000000000000000e+00 1.000000000000000000e+00 1.000000000000000000e+00 1.000000000000000000e+00 1.000000000000000000e+00
1.230000000000000029e-07 2.589999999999999766e-07 5.349999999999999599e-07 1.080000000000000036e-06 2.150000000000000167e-06 4.179999999999999790e-06 7.989999999999999734e-06 1.498920000000000042e-05 2.757469999999999876e-05 4.977489999999999671e-05 8.816559999999999491e-05 1.532500000000000116e-04 2.614219999999999782e-04 4.376730000000000225e-04 7.192099999999999665e-04 1.160091000000000030e-03 1.836939000000000106e-03 2.855633000000000216e-03 4.358705000000000045e-03 6.532905999999999783e-03 9.616114999999999732e-03 1.390248300000000020e-02 1.974445699999999998e-02 2.755018199999999945e-02 3.777487699999999837e-02 5.090506599999999882e-02 6.743515099999999873e-02 8.783668099999999979e-02 1.125217250000000030e-01 1.418029060000000063e-01 1.758536679999999908e-01 2.146730480000000052e-01 2.580594760000000099e-01 3.055976790000000110e-01 3.566617160000000175e-01 4.104355630000000033e-01 4.659505959999999947e-01 5.221373129999999918e-01 5.778867210000000476e-01 6.321155739999999579e-01 6.838290970000000524e-01 7.321751899999999758e-01 7.764852340000000241e-01 8.162983830000000163e-01 8.513682750000000077e-01 8.816531560000000489e-01 9.072921400000000247e-01 9.285715369999999469e-01 9.458856939999999991e-01 9.596967499999999873e-01 9.704970520000000267e-01 9.787770169999999714e-01 9.850000850000000252e-01 9.895853460000000323e-01 9.928974739999999466e-01 9.952429640000000077e-01 9.968712990000000440e-01 9.979795470000000224e-01 9.987190049999999930e-01 9.992027030000000254e-01 9.995128859999999893e-01 9.997078910000000151e-01 9.998280769999999817e-01 9.999006959999999777e-01 9.999437119999999846e-01 9.999686909999999651e-01 9.999829120000000016e-01 9.999908490000000150e-01 9.999951919999999772e-01 9.999975220000000276e-01 9.999987470000000211e-01 9.999993780000000498e-01 9.999996970000000207e-01 9.999998559999999648e-01 9.999999320000000358e-01 9.999999689999999886e-01 9.999999859999999519e-01 9.999999939999999476e-01 9.999999969999999738e-01 9.999999990000000283e-01 1.000000000000000000e+00 1.000000000000000000e+00 1.000000000000000000e+00 1.000000000000000000e+00 1.000000000000000000e+00 1.000000000000000000e+00 1.000000000000000000e+00 1.000000000000000000e+00 1.000000000000000000e+00 1.000000000000000000e+00 1.000000000000000000e+00 1.000000000000000000e+00 1.000000000000000000e+00 1.000000000000000000e+00 1.000000000000000000e+00 1.000000000000000000e+00 1.000000000000000000e+00 1.000000000000000000e+00 1.000000000000000000e+00 1.000000000000000000e+00
2.730000000000000226e-07 5.419999999999999564e-07 1.060000000000000016e-06 2.030000000000000046e-06 3.829999999999999753e-06 7.099999999999999785e-06 1.293529999999999963e-05 2.317569999999999903e-05 4.081999999999999881e-05 7.068280000000000027e-05 1.203299999999999948e-04 2.014080000000000069e-04 3.314689999999999802e-04 5.364119999999999999e-04 8.536309999999999861e-04 1.335943000000000026e-03 2.056277999999999925e-03 3.113053000000000174e-03 4.635951000000000134e-03 6.791707000000000126e-03 9.789271999999999904e-03 1.388355699999999950e-02 1.937678899999999843e-02 2.661644999999999983e-02 3.598881000000000302e-02 4.790727000000000180e-02 6.279511200000000015e-02 8.106280800000000009e-02 1.030807259999999975e-01 1.291488159999999996e-01 1.594655630000000046e-01 1.940990669999999862e-01 2.329633590000000087e-01 2.758029699999999806e-01 3.221883119999999767e-01 3.715234620000000265e-01 4.230668100000000154e-01 4.759635939999999898e-01 5.292880410000000424e-01 5.820916910000000222e-01 6.334536969999999823e-01 6.825287169999999515e-01 7.285882430000000243e-01 7.710520480000000454e-01 8.095075790000000326e-01 8.437164839999999888e-01 8.736088300000000029e-01 8.992667410000000361e-01 9.209000529999999962e-01 9.388170500000000418e-01 9.533933679999999633e-01 9.650418929999999840e-01 9.741858549999999894e-01 9.812366550000000132e-01 9.865771650000000337e-01 9.905506130000000242e-01 9.934545870000000001e-01 9.955393580000000409e-01 9.970095169999999563e-01 9.980278989999999961e-01 9.987208419999999975e-01 9.991839949999999915e-01 9.994880790000000292e-01 9.996841890000000008e-01 9.998084250000000006e-01 9.998857349999999977e-01 9.999329919999999650e-01 9.999613670000000454e-01 9.999781030000000071e-01 9.999877990000000105e-01 9.999933170000000482e-01 9.999964019999999509e-01 9.999980960000000030e-01 9.999990090000000498e-01 9.999994939999999888e-01 9.999997449999999954e-01 9.999998740000000108e-01 9.999999389999999488e-01 9.999999710000000430e-01 9.999999859999999519e-01 9.999999939999999476e-01 9.999999969999999738e-01 9.999999990000000283e-01 9.999999990000000283e-01 1.000000000000000000e+00 1.000000000000000000e+00 1.000000000000000000e+00 1.000000000000000000e+00 1.000000000000000000e+00 1.000000000000000000e+00 1.000000000000000000e+00 1.000000000000000000e+00 1.000000000000000000e+00 1.000000000000000000e+00 1.000000000000000000e+00 1.000000000000000000e+00 1.000000000000000000e+00 1.000000000000000000e+00 1.000000000000000000e+00 1.000000000000000000e+00
1.470000000000000061e-07 3.040000000000000222e-07 6.190000000000000239e-07 1.239999999999999986e-06 2.420000000000000123e-06 4.660000000000000276e-06 8.800000000000000449e-06 1.631349999999999890e-05 2.969120000000000128e-05 5.305159999999999873e-05 9.306420000000000252e-05 1.602890000000000098e-04 2.710720000000000230e-04 4.501490000000000027e-04 7.340820000000000504e-04 1.175662000000000061e-03 1.849285999999999899e-03 2.857241999999999855e-03 4.336627000000000016e-03 6.466412999999999849e-03 9.473917000000000102e-03 1.363965500000000053e-02 1.929934999999999984e-02 2.684175100000000050e-02 3.670095100000000249e-02 4.934217700000000095e-02 6.524053200000000385e-02 8.485292899999999361e-02 1.085843989999999981e-01 1.367509769999999958e-01 1.695423080000000027e-01 2.069877960000000017e-01 2.489304059999999930e-01 2.950119379999999736e-01 3.446727580000000235e-01 3.971675669999999991e-01 4.515970690000000176e-01 5.069534719999999606e-01 5.621760759999999690e-01 6.162118559999999468e-01 6.680753130000000040e-01 7.169019749999999691e-01 7.619907139999999579e-01 8.028315560000000017e-01 8.391173610000000060e-01 8.707397260000000472e-01 8.977710570000000390e-01 9.204360719999999940e-01 9.390766809999999687e-01 9.541143199999999602e-01 9.660134360000000031e-01 9.752490369999999853e-01 9.822802649999999858e-01 9.875309100000000395e-01 9.913769119999999990e-01 9.941401720000000442e-01 9.960875470000000176e-01 9.974336950000000090e-01 9.983464440000000550e-01 9.989534960000000519e-01 9.993495140000000498e-01 9.996029210000000331e-01 9.997619739999999977e-01 9.998598939999999713e-01 9.999190270000000158e-01 9.999540529999999539e-01 9.999744040000000389e-01 9.999860010000000132e-01 9.999924839999999593e-01 9.999960390000000032e-01 9.999979509999999960e-01 9.999989599999999923e-01 9.999994810000000234e-01 9.999997459999999672e-01 9.999998780000000087e-01 9.999999429999999467e-01 9.999999729999999865e-01 9.999999880000000063e-01 9.999999950000000304e-01 9.999999979999999455e-01 9.999999990000000283e-01 1.000000000000000000e+00 1.000000000000000000e+00 1.000000000000000000e+00 1.000000000000000000e+00 1.000000000000000000e+00 1.000000000000000000e+00 1.000000000000000000e+00 1.000000000000000000e+00 1.000000000000000000e+00 1.000000000000000000e+00 1.000000000000000000e+00 1.000000000000000000e+00 1.000000000000000000e+00 1.000000000000000000e+00 1.000000000000000000e+00 1.000000000000000000e+00 1.000000000000000000e+00 1.000000000000000000e+00 1.000000000000000000e+00
4.640000000000000256e-07 9.190000000000000103e-07 1.790000000000000014e-06 3.419999999999999866e-06 6.420000000000000366e-06 1.184219999999999988e-05 2.146339999999999850e-05 3.822180000000000054e-05 6.687890000000000100e-05 1.149880000000000043e-04 1.942799999999999898e-04 3.225769999999999983e-04 5.263779999999999805e-04 8.442060000000000146e-04 1.330809999999999979e-03 2.062212999999999807e-03 3.141494999999999791e-03 4.705037999999999929e-03 6.928769999999999894e-03 1.003370200000000025e-02 1.428987299999999981e-02 2.001761300000000007e-02 2.758497999999999853e-02 3.740028000000000102e-02 4.989882999999999819e-02 6.552357600000000004e-02 8.469982299999999353e-02 1.078051190000000048e-01 1.351361970000000134e-01 1.668756409999999912e-01 2.030615229999999938e-01 2.435635090000000114e-01 2.880687129999999763e-01 3.360799159999999786e-01 3.869276609999999783e-01 4.397962999999999734e-01 4.937625050000000182e-01 5.478432859999999849e-01 6.010493759999999686e-01 6.524391920000000011e-01 7.011684830000000090e-01 7.465313449999999573e-01 7.879893230000000193e-01 8.251867670000000432e-01 8.579521620000000182e-01 8.862866259999999663e-01 9.103419889999999626e-01 9.303916089999999528e-01 9.467974179999999462e-01 9.599765399999999893e-01 9.703702969999999928e-01 9.784177029999999720e-01 9.845346769999999692e-01 9.890994010000000447e-01 9.924435820000000463e-01 9.948488429999999827e-01 9.965472109999999883e-01 9.977245430000000193e-01 9.985257829999999446e-01 9.990611169999999985e-01 9.994122589999999695e-01 9.996383789999999658e-01 9.997813319999999671e-01 9.998700560000000070e-01 9.999241169999999457e-01 9.999564570000000208e-01 9.999754490000000162e-01 9.999863989999999703e-01 9.999925969999999831e-01 9.999960409999999467e-01 9.999979199999999846e-01 9.999989270000000374e-01 9.999994559999999533e-01 9.999997290000000039e-01 9.999998669999999867e-01 9.999999360000000337e-01 9.999999699999999603e-01 9.999999859999999519e-01 9.999999939999999476e-01 9.999999969999999738e-01 9.999999990000000283e-01 9.999999990000000283e-01 1.000000000000000000e+00 1.000000000000000000e+00 1.000000000000000000e+00 1.000000000000000000e+00 1.000000000000000000e+00 1.000000000000000000e+00 1.000000000000000000e+00 1.000000000000000000e+00 1.000000000000000000e+00 1.000000000000000000e+00 1.000000000000000000e+00 1.000000000000000000e+00 1.000000000000000000e+00 1.000000000000000000e+00 1.000000000000000000e+00 1.000000000000000000e+00 1.000000000000000000e+00 1.000000000000000000e+00
1.850000000000000022e-07 3.829999999999999753e-07 7.780000000000000050e-07 1.549999999999999983e-06 3.040000000000000117e-06 5.830000000000000086e-06 1.097570000000000064e-05 2.029259999999999948e-05 3.682329999999999691e-05 6.558520000000000354e-05 1.146590000000000012e-04 1.967690000000000129e-04 3.314950000000000101e-04 5.482729999999999462e-04 8.903200000000000003e-04 1.419579999999999930e-03 2.222661999999999815e-03 3.417641999999999815e-03 5.161337999999999690e-03 7.656452999999999696e-03 1.115767200000000042e-02 1.597557299999999986e-02 2.247695400000000038e-02 3.108021099999999995e-02 4.224446400000000240e-02 5.645157700000000278e-02 7.418087399999999387e-02 9.587722299999999753e-02 1.219142420000000060e-01 1.525554130000000008e-01 1.879167720000000097e-01 2.279353829999999914e-01 2.723478189999999910e-01 3.206822539999999999e-01 3.722666350000000124e-01 4.262536459999999860e-01 4.816613120000000081e-01 5.374260840000000261e-01 5.924636859999999894e-01 6.457319550000000241e-01 6.962896379999999885e-01 7.433456640000000171e-01 7.862946419999999881e-01 8.247361039999999699e-01 8.584769899999999954e-01 8.875187230000000094e-01 9.120318139999999962e-01 9.323218639999999446e-01 9.487912579999999707e-01 9.619006209999999557e-01 9.721334329999999913e-01 9.799662489999999559e-01 9.858458829999999784e-01 9.901739299999999799e-01 9.932981619999999845e-01 9.955097489999999993e-01 9.970449810000000523e-01 9.980900700000000514e-01 9.987877280000000413e-01 9.992444379999999571e-01 9.995376270000000396e-01 9.997221990000000336e-01 9.998361430000000105e-01 9.999051230000000068e-01 9.999460749999999898e-01 9.999699159999999587e-01 9.999835270000000387e-01 9.999911470000000246e-01 9.999953310000000428e-01 9.999975829999999677e-01 9.999987729999999519e-01 9.999993879999999891e-01 9.999997010000000186e-01 9.999998559999999648e-01 9.999999320000000358e-01 9.999999689999999886e-01 9.999999859999999519e-01 9.999999939999999476e-01 9.999999969999999738e-01 9.999999990000000283e-01 1.000000000000000000e+00 1.000000000000000000e+00 1.000000000000000000e+00 1.000000000000000000e+00 1.000000000000000000e+00 1.000000000000000000e+00 1.000000000000000000e+00 1.000000000000000000e+00 1.000000000000000000e+00 1.000000000000000000e+00 1.000000000000000000e+00 1.000000000000000000e+00 1.000000000000000000e+00 1.000000000000000000e+00 1.000000000000000000e+00 1.000000000000000000e+00 1.000000000000000000e+00 1.000000000000000000e+00 1.000000000000000000e+00 1.000000000000000000e+00
3.350000000000000219e-07 6.780000000000000096e-07 1.349999999999999992e-06 2.629999999999999807e-06 5.049999999999999930e-06 9.500000000000000523e-06 1.753929999999999994e-05 3.180589999999999985e-05 5.662850000000000170e-05 9.899610000000000581e-05 1.699340000000000030e-04 2.864470000000000037e-04 4.741750000000000197e-04 7.708910000000000024e-04 1.230947000000000031e-03 1.930684000000000003e-03 2.974721999999999957e-03 4.502830999999999674e-03 6.696894000000000111e-03 9.787192000000000114e-03 1.405699799999999937e-02 1.984425299999999920e-02 2.753898700000000088e-02 3.757523399999999902e-02 5.041643600000000197e-02 6.653389799999999410e-02 8.637858499999999384e-02 1.103475069999999975e-01 1.387469249999999932e-01 1.717555179999999959e-01 2.093913259999999887e-01 2.514864860000000091e-01 2.976734859999999872e-01 3.473858020000000213e-01 3.998743949999999936e-01 4.542397879999999777e-01 5.094776439999999518e-01 5.645340389999999875e-01 6.183654069999999781e-01 6.699974990000000519e-01 7.185778569999999865e-01 7.634171109999999816e-01 8.040158659999999680e-01 8.400756990000000091e-01 8.714946289999999651e-01 8.983490459999999844e-01 9.208653300000000375e-01 9.393850470000000286e-01 9.543277329999999559e-01 9.661548690000000272e-01 9.753379239999999673e-01 9.823323390000000543e-01 9.875583730000000449e-01 9.913888220000000029e-01 9.941429470000000546e-01 9.960855069999999811e-01 9.974295760000000399e-01 9.983418509999999468e-01 9.989492660000000024e-01 9.993460029999999827e-01 9.996002040000000477e-01 9.997599780000000491e-01 9.998584910000000159e-01 9.999180760000000445e-01 9.999534300000000320e-01 9.999740070000000536e-01 9.999857559999999479e-01 9.999923370000000089e-01 9.999959529999999930e-01 9.999979009999999668e-01 9.999989320000000070e-01 9.999994660000000035e-01 9.999997379999999714e-01 9.999998740000000108e-01 9.999999400000000316e-01 9.999999720000000147e-01 9.999999870000000346e-01 9.999999939999999476e-01 9.999999979999999455e-01 9.999999990000000283e-01 1.000000000000000000e+00 1.000000000000000000e+00 1.000000000000000000e+00 1.000000000000000000e+00 1.000000000000000000e+00 1.000000000000000000e+00 1.000000000000000000e+00 1.000000000000000000e+00 1.000000000000000000e+00 1.000000000000000000e+00 1.000000000000000000e+00 1.000000000000000000e+00 1.000000000000000000e+00 1.000000000000000000e+00 1.000000000000000000e+00 1.000000000000000000e+00 1.000000000000000000e+00 1.000000000000000000e+00 1.000000000000000000e+00 1.000000000000000000e+00
