-2.000000000000000000e+00
-1.959899999999999975e+00
-1.919799999999999951e+00
-1.879699999999999926e+00
-1.839599999999999902e+00
-1.799500000000000099e+00
-1.759400000000000075e+00
-1.719300000000000050e+00
-1.679200000000000026e+00
-1.639100000000000001e+00
-1.598999999999999977e+00
-1.558899999999999952e+00
-1.518800000000000150e+00
-1.478699999999999903e+00
-1.438600000000000101e+00
-1.398500000000000076e+00
-1.358400000000000052e+00
-1.318300000000000027e+00
-1.278200000000000003e+00
-1.238100000000000200e+00
-1.197999999999999954e+00
-1.157900000000000151e+00
-1.117800000000000127e+00
-1.077700000000000102e+00
-1.037600000000000078e+00
-9.975000000000000533e-01
-9.574000000000000288e-01
-9.173000000000000043e-01
-8.772000000000002018e-01
-8.371000000000001773e-01
-7.970000000000001528e-01
-7.569000000000001283e-01
-7.168000000000001037e-01
-6.767000000000000792e-01
-6.366000000000000547e-01
-5.965000000000000302e-01
-5.564000000000000057e-01
-5.163000000000002032e-01
-4.762000000000001787e-01
-4.361000000000001542e-01
-3.960000000000001297e-01
-3.559000000000001052e-01
-3.158000000000000806e-01
-2.757000000000000561e-01
-2.356000000000002537e-01
-1.955000000000002292e-01
-1.554000000000002046e-01
-1.153000000000001801e-01
-7.520000000000015561e-02
-3.510000000000013110e-02
4.999999999999893419e-03
4.509999999999969589e-02
8.519999999999994245e-02
1.252999999999997449e-01
1.653999999999999915e-01
2.054999999999997939e-01
2.455999999999995964e-01
2.856999999999998430e-01
3.257999999999996454e-01
3.658999999999998920e-01
4.059999999999996945e-01
4.460999999999999410e-01
4.861999999999997435e-01
5.262999999999999901e-01
5.663999999999997925e-01
6.064999999999995950e-01
6.465999999999998415e-01
6.866999999999996440e-01
7.267999999999998906e-01
7.668999999999996930e-01
8.069999999999999396e-01
8.470999999999997421e-01
8.871999999999999886e-01
9.272999999999997911e-01
9.673999999999995936e-01
1.007499999999999840e+00
1.047599999999999643e+00
1.087699999999999889e+00
1.127799999999999692e+00
1.167899999999999938e+00
1.207999999999999741e+00
1.248099999999999543e+00
1.288199999999999790e+00
1.328299999999999592e+00
1.368399999999999839e+00
1.408499999999999641e+00
1.448599999999999888e+00
1.488699999999999690e+00
1.528799999999999493e+00
1.568899999999999739e+00
1.608999999999999542e+00
1.649099999999999788e+00
1.689199999999999591e+00
1.729299999999999837e+00
1.769399999999999640e+00
1.809499999999999886e+00
1.849599999999999689e+00
1.889699999999999491e+00
1.929799999999999738e+00
1.969899999999999540e+00
