1.860426152174467200e-116 1.849015706023800180e-111 1.421990751046157050e-106 8.462352673447798985e-102 3.897037079249564235e-97 1.388796784052331610e-92 3.830153318604033635e-88 8.174861575773181413e-84 1.350348916553927898e-79 1.726349223377896888e-75 1.708226188389268074e-71 1.308321895668627299e-67 7.756332184778928468e-64 3.559529394732486453e-60 1.264582021662611751e-56 3.478129631998276377e-53 7.406576727970972540e-50 1.221219816893167471e-46 1.559227780500595409e-43 1.541712180108524272e-40 1.180641374043467186e-37 7.003281279549368228e-35 3.218160611232125265e-32 1.145768459731972181e-29 3.161093415040158457e-27 6.759377977155239457e-25 1.120453204548376825e-22 1.440124856782222030e-20 1.435633994981743063e-18 1.110354113556000650e-16 6.665214278973475131e-15 3.106643696555157461e-13 1.124915524724922722e-11 3.166446058005892314e-10 6.933933309434208794e-09 1.182363084849515149e-07 1.571790521336892907e-06 1.631377623404915624e-05 1.324513009466501241e-04 8.432908025073176635e-04 4.224238224645353486e-03 1.672255743472618114e-02 5.263795617303650837e-02 1.328767699480987441e-01 2.722596865248140263e-01 4.605329636391739534e-01 6.582937133707487121e-01 8.198287737079967830e-01 9.224309284781178064e-01 9.731045493104926170e-01 9.925627131092268352e-01 9.983711868742218831e-01 9.997188982585254458e-01 9.999619122345217992e-01 9.999959594924686668e-01 9.999996651114579915e-01 9.999999783493699335e-01 9.999999989095900155e-01 9.999999999572619647e-01 9.999999999986974863e-01 9.999999999999691358e-01 9.999999999999994449e-01 1.000000000000000000e+00 1.000000000000000000e+00 1.000000000000000000e+00 1.000000000000000000e+00 1.000000000000000000e+00 1.000000000000000000e+00 1.000000000000000000e+00 1.000000000000000000e+00 1.000000000000000000e+00 1.000000000000000000e+00 1.000000000000000000e+00 1.000000000000000000e+00 1.000000000000000000e+00 1.000000000000000000e+00 1.000000000000000000e+00 1.000000000000000000e+00 1.000000000000000000e+00 1.000000000000000000e+00 1.000000000000000000e+00 1.000000000000000000e+00 1.000000000000000000e+00 1.000000000000000000e+00 1.000000000000000000e+00 1.000000000000000000e+00 1.000000000000000000e+00 1.000000000000000000e+00 1.000000000000000000e+00 1.000000000000000000e+00 1.000000000000000000e+00 1.000000000000000000e+00 1.000000000000000000e+00 1.000000000000000000e+00 1.000000000000000000e+00 1.000000000000000000e+00 1.000000000000000000e+00 1.000000000000000000e+00 1.000000000000000000e+00 1.000000000000000000e+00
1.640148631418254244e-202 9.392990377424093272e-194 3.429397338710312656e-185 7.982432758921385103e-177 1.184587846731838797e-168 1.120793566411536331e-160 6.761188336419800080e-153 2.600597576923664344e-145 6.378091311340484644e-138 9.974513081495881564e-131 9.947027636980942393e-124 6.325783455956933905e-117 2.565517991339767851e-110 6.635868431646305158e-104 1.094729213007601891e-97 1.151936392298333820e-91 7.732009738883897919e-86 3.310782400196903773e-80 9.044382177718703188e-75 1.576437598646085802e-69 1.753349018193760188e-64 1.244523192208324254e-59 5.638142284320651398e-55 1.630534429609860675e-50 3.010618068187839899e-46 3.549717941172981221e-42 2.673234627823912310e-38 1.286151506782738572e-34 3.954421974990840786e-31 7.772394374033457699e-28 9.769645259458064765e-25 7.857036253357793996e-22 4.045198925486964781e-19 1.334198220746820083e-16 2.821417887955417277e-14 3.829479397273691474e-12 3.340560557883808644e-10 1.876109183398449827e-08 6.799032236995362267e-07 1.594861404302780670e-05 2.431841338950136149e-04 2.425031585602833387e-03 1.595643095683679097e-02 7.021741903708160482e-02 2.110315968066880654e-01 4.476818798955427003e-01 7.053347379325802802e-01 8.870778098281755231e-01 9.701131966530522899e-01 9.946720721143488264e-01 9.993703857787927802e-01 9.999511915028369557e-01 9.999975352582405330e-01 9.999999193163036093e-01 9.999999982938179155e-01 9.999999999767523740e-01 9.999999999997962741e-01 9.999999999999988898e-01 1.000000000000000000e+00 1.000000000000000000e+00 1.000000000000000000e+00 1.000000000000000000e+00 1.000000000000000000e+00 1.000000000000000000e+00 1.000000000000000000e+00 1.000000000000000000e+00 1.000000000000000000e+00 1.000000000000000000e+00 1.000000000000000000e+00 1.000000000000000000e+00 1.000000000000000000e+00 1.000000000000000000e+00 1.000000000000000000e+00 1.000000000000000000e+00 1.000000000000000000e+00 1.000000000000000000e+00 1.000000000000000000e+00 1.000000000000000000e+00 1.000000000000000000e+00 1.000000000000000000e+00 1.000000000000000000e+00 1.000000000000000000e+00 1.000000000000000000e+00 1.000000000000000000e+00 1.000000000000000000e+00 1.000000000000000000e+00 1.000000000000000000e+00 1.000000000000000000e+00 1.000000000000000000e+00 1.000000000000000000e+00 1.000000000000000000e+00 1.000000000000000000e+00 1.000000000000000000e+00 1.000000000000000000e+00 1.000000000000000000e+00 1.000000000000000000e+00 1.000000000000000000e+00 1.000000000000000000e+00 1.000000000000000000e+00 1.000000000000000000e+00
1.119199222856433817e-107 4.524793429158264081e-103 1.444842618086316683e-98 3.644037686684942787e-94 7.259329671736844061e-90 1.142281431774668380e-85 1.419793239494119210e-81 1.394009953637329787e-77 1.081209531653263435e-73 6.624798347699301567e-70 3.206794500530404610e-66 1.226375727804652770e-62 3.705525215594391187e-59 8.846499079951532774e-56 1.668830181404785149e-52 2.487698448886862443e-49 2.930600079934271071e-46 2.728473944430085633e-43 2.007806874305806233e-40 1.167887675130161641e-37 5.370313136792275039e-35 1.952382076319814805e-32 5.612412904241327478e-30 1.275890890802937498e-27 2.294160555222938248e-25 3.263298012375670218e-23 3.672817800714180723e-21 3.271535605024959721e-19 2.306900492727888071e-17 1.288145837737156040e-15 5.697928983413278295e-14 1.997422306554991048e-12 5.551927357982633151e-11 1.224342821242641466e-09 2.143721692545706235e-08 2.982862870232178982e-07 3.302069492786559015e-06 2.912338369357983698e-05 2.050145669114148382e-04 1.154600616991671496e-03 5.218222165820767498e-03 1.900425562705048560e-02 5.608633737054086188e-02 1.351780679438108201e-01 2.689529657002728280e-01 4.483929371353748694e-01 6.392809410280848592e-01 8.003291513742181174e-01 9.080855149760074241e-01 9.652624472517663534e-01 9.893205017398367662e-01 9.973469449941887444e-01 9.994700005869883164e-01 9.999151648063220321e-01 9.999891489268335487e-01 9.999988932079069137e-01 9.999999101211989316e-01 9.999999941964317074e-01 9.999999997023275577e-01 9.999999999878820267e-01 9.999999999996087574e-01 9.999999999999900080e-01 9.999999999999997780e-01 1.000000000000000000e+00 1.000000000000000000e+00 1.000000000000000000e+00 1.000000000000000000e+00 1.000000000000000000e+00 1.000000000000000000e+00 1.000000000000000000e+00 1.000000000000000000e+00 1.000000000000000000e+00 1.000000000000000000e+00 1.000000000000000000e+00 1.000000000000000000e+00 1.000000000000000000e+00 1.000000000000000000e+00 1.000000000000000000e+00 1.000000000000000000e+00 1.000000000000000000e+00 1.000000000000000000e+00 1.000000000000000000e+00 1.000000000000000000e+00 1.000000000000000000e+00 1.000000000000000000e+00 1.000000000000000000e+00 1.000000000000000000e+00 1.000000000000000000e+00 1.000000000000000000e+00 1.000000000000000000e+00 1.000000000000000000e+00 1.000000000000000000e+00 1.000000000000000000e+00 1.000000000000000000e+00 1.000000000000000000e+00 1.000000000000000000e+00 1.000000000000000000e+00 1.000000000000000000e+00 1.000000000000000000e+00 1.000000000000000000e+00
6.253208174969129762e-67 4.426134412999124006e-64 2.705730141571349464e-61 1.428540909543570832e-58 6.514184723529583255e-56 2.565655188125135238e-53 8.728102586358759299e-51 2.564709468866865206e-48 6.509801901407623349e-46 1.427329584648652601e-43 2.703488730164609593e-41 4.423713332350972397e-39 6.253618609459229644e-37 7.637996424895202884e-35 8.060365937017594589e-33 7.349928713137639777e-31 5.791523870364538587e-29 3.943801402331515384e-27 2.321047252183334186e-25 1.180694700472309184e-23 5.191800745289292478e-22 1.973658663994019466e-20 6.487121964796126251e-19 1.843812760204927943e-17 4.532444448876895113e-16 9.637712912275819970e-15 1.773072414491579765e-13 2.822846727508221604e-12 3.890167764398071023e-11 4.641933290550529840e-10 4.797659624396575506e-09 4.296711022168656694e-08 3.336006617845624526e-07 2.246719489166185207e-06 1.313403863222921761e-05 6.670119135105588787e-05 2.945725689265756616e-04 1.132697385936349936e-03 3.798134318036490691e-03 1.112774414385149166e-02 2.855611304315976151e-02 6.439095060673366566e-02 1.281049526417113449e-01 2.260655699718148171e-01 3.563103094935494708e-01 5.060593917227920180e-01 6.549492261128149195e-01 7.829647853599290830e-01 8.781469485784253459e-01 9.393453540619025599e-01 9.733713912957452363e-01 9.897306195747657132e-01 9.965318324833490893e-01 9.989767970490259774e-01 9.997367918143158505e-01 9.999410542114923750e-01 9.999885213305859111e-01 9.999980582864471668e-01 9.999997149108279526e-01 9.999999636933437630e-01 9.999999959917200698e-01 9.999999996165656047e-01 9.999999999682305241e-01 9.999999999977209342e-01 9.999999999998584466e-01 9.999999999999924505e-01 9.999999999999996669e-01 1.000000000000000000e+00 1.000000000000000000e+00 1.000000000000000000e+00 1.000000000000000000e+00 1.000000000000000000e+00 1.000000000000000000e+00 1.000000000000000000e+00 1.000000000000000000e+00 1.000000000000000000e+00 1.000000000000000000e+00 1.000000000000000000e+00 1.000000000000000000e+00 1.000000000000000000e+00 1.000000000000000000e+00 1.000000000000000000e+00 1.000000000000000000e+00 1.000000000000000000e+00 1.000000000000000000e+00 1.000000000000000000e+00 1.000000000000000000e+00 1.000000000000000000e+00 1.000000000000000000e+00 1.000000000000000000e+00 1.000000000000000000e+00 1.000000000000000000e+00 1.000000000000000000e+00 1.000000000000000000e+00 1.000000000000000000e+00 1.000000000000000000e+00 1.000000000000000000e+00 1.000000000000000000e+00 1.000000000000000000e+00 1.000000000000000000e+00
1.970425237576522668e-100 4.207502526354136428e-96 7.183360723919282458e-92 9.805736130471799464e-88 1.070269311028849552e-83 9.340673744858269972e-80 6.518510948743666805e-76 3.637620979178514119e-72 1.623305307225161251e-68 5.793122995280829083e-65 1.653379152432865685e-61 3.773967872481370746e-58 6.889861423630906220e-55 1.006078061589183655e-51 1.175130776672950225e-48 1.097996127210197334e-45 8.207386619724883505e-43 4.908296938763332628e-40 2.348628879120242752e-37 8.992806836971103731e-35 2.755608837805598567e-32 6.758193140374684715e-30 1.326751612600839281e-27 2.085244007186285718e-25 2.624235349786622881e-23 2.644888522992311801e-21 2.135315972412069428e-19 1.381250001482510255e-17 7.160765775513370137e-16 2.976222333958573883e-14 9.921017697947636414e-13 2.653558034729620437e-11 5.697927689149809743e-10 9.828869876437736846e-09 1.363113582221482974e-07 1.521335353729482953e-06 1.368071374730464317e-05 9.927682848268394881e-05 5.824961562022947523e-04 2.770447520575452637e-03 1.071712034512100828e-02 3.387149979040145198e-02 8.799933954592634167e-02 1.895260904955214376e-01 3.423309769794770085e-01 5.268781186684217133e-01 7.057319986228146602e-01 8.448262238036343685e-01 9.316281525176255407e-01 9.750932244367356283e-01 9.925560767944354712e-01 9.981849194616505550e-01 9.996404144853980878e-01 9.999423002050752407e-01 9.999925185181131049e-01 9.999992175608629630e-01 9.999999340913936496e-01 9.999999955334886170e-01 9.999999997567059484e-01 9.999999999893559588e-01 9.999999999996261879e-01 9.999999999999894529e-01 9.999999999999997780e-01 1.000000000000000000e+00 1.000000000000000000e+00 1.000000000000000000e+00 1.000000000000000000e+00 1.000000000000000000e+00 1.000000000000000000e+00 1.000000000000000000e+00 1.000000000000000000e+00 1.000000000000000000e+00 1.000000000000000000e+00 1.000000000000000000e+00 1.000000000000000000e+00 1.000000000000000000e+00 1.000000000000000000e+00 1.000000000000000000e+00 1.000000000000000000e+00 1.000000000000000000e+00 1.000000000000000000e+00 1.000000000000000000e+00 1.000000000000000000e+00 1.000000000000000000e+00 1.000000000000000000e+00 1.000000000000000000e+00 1.000000000000000000e+00 1.000000000000000000e+00 1.000000000000000000e+00 1.000000000000000000e+00 1.000000000000000000e+00 1.000000000000000000e+00 1.000000000000000000e+00 1.000000000000000000e+00 1.000000000000000000e+00 1.000000000000000000e+00 1.000000000000000000e+00 1.000000000000000000e+00 1.000000000000000000e+00 1.000000000000000000e+00
1.098249510689047951e-45 8.902726401618469141e-44 6.547543506240336389e-42 4.368948252914980023e-40 2.645020298720170366e-38 1.452934089401350344e-36 7.241684759861844885e-35 3.275088216618076051e-33 1.344033009381761750e-31 5.005129819173094272e-30 1.691435158636112558e-28 5.187371907480255334e-27 1.443810932727188240e-25 3.647242809863368179e-24 8.362434828067721025e-23 1.740359075555465590e-21 3.287832016311701939e-20 5.638637376749240932e-19 8.779393716366609499e-18 1.241126331912515004e-16 1.593189954036081559e-15 1.857216230708673393e-14 1.966295622518495181e-13 1.890950924284436530e-12 1.652026203577458979e-11 1.311373637918641188e-10 9.459869862187590928e-10 6.202684126089397694e-09 3.697503758156819642e-08 2.004402836313631200e-07 9.884138830614465211e-07 4.435275144661853078e-06 1.811779386288594348e-05 6.740593362988186999e-05 2.285286373604080812e-04 7.065117772233556062e-04 1.993318397730096687e-03 5.137169477379246833e-03 1.210762965685488295e-02 2.613299879981992660e-02 5.174377787706997689e-02 9.418509921522337514e-02 1.580135485778982884e-01 2.451300335215070847e-01 3.530366536921509812e-01 4.743359421204909054e-01 5.980819590414355735e-01 7.126509490878496500e-01 8.089153162105224837e-01 8.823203879636872804e-01 9.331185145531569747e-01 9.650213448711388864e-01 9.832044929498922059e-01 9.926096364649525938e-01 9.970244881170231555e-01 9.989051845301210042e-01 9.996322448573262687e-01 9.998873201404798738e-01 9.999685300896219431e-01 9.999919934137897481e-01 9.999981452613545541e-01 9.999996089657599008e-01 9.999999249961530889e-01 9.999999869156848131e-01 9.999999979246203541e-01 9.999999997007604779e-01 9.999999999607875889e-01 9.999999999953308460e-01 9.999999999994948485e-01 9.999999999999503730e-01 9.999999999999955591e-01 9.999999999999996669e-01 1.000000000000000000e+00 1.000000000000000000e+00 1.000000000000000000e+00 1.000000000000000000e+00 1.000000000000000000e+00 1.000000000000000000e+00 1.000000000000000000e+00 1.000000000000000000e+00 1.000000000000000000e+00 1.000000000000000000e+00 1.000000000000000000e+00 1.000000000000000000e+00 1.000000000000000000e+00 1.000000000000000000e+00 1.000000000000000000e+00 1.000000000000000000e+00 1.000000000000000000e+00 1.000000000000000000e+00 1.000000000000000000e+00 1.000000000000000000e+00 1.000000000000000000e+00 1.000000000000000000e+00 1.000000000000000000e+00 1.000000000000000000e+00 1.000000000000000000e+00 1.000000000000000000e+00 1.000000000000000000e+00 1.000000000000000000e+00
6.098332437008189927e-31 1.147688429434527341e-29 2.023924152521671218e-28 3.344501887596165785e-27 5.179000546141752265e-26 7.515342880684636660e-25 1.022002100948733722e-23 1.302469598132551981e-22 1.555642609013182064e-21 1.741378340803113238e-20 1.826977940275533254e-19 1.796583329244025978e-18 1.655974921633946003e-17 1.430778638344373193e-16 1.158844411895981537e-15 8.799042335823932741e-15 6.263672111665318080e-14 4.180556420359617603e-13 2.616263329784998619e-12 1.535341436937296636e-11 8.449712500634907022e-11 4.361476363914675092e-10 2.111666645957724038e-09 9.591093434012964991e-09 4.087128470155586611e-08 1.634327243492758190e-07 6.133398560237338288e-07 2.160650916078549338e-06 7.146271511198846253e-06 2.219669546241406980e-05 6.476312022367295264e-05 1.775543986652483705e-04 4.575651374872204483e-04 1.108841844017829752e-03 2.528059171208985826e-03 5.425573019886027228e-03 1.096795034659286787e-02 2.090051154955491555e-02 3.757765172854048846e-02 6.381244181270787075e-02 1.024784862919075751e-01 1.558707613820842774e-01 2.249462492967538307e-01 3.086734573844874263e-01 4.037572656313221375e-01 5.049254518363371913e-01 6.057761389851739064e-01 6.999675402434613058e-01 7.823891482025804311e-01 8.499613703724226976e-01 9.018643644863044706e-01 9.392163288803528909e-01 9.644006921715116976e-01 9.803097551637297569e-01 9.897254823186736328e-01 9.949465370386856300e-01 9.976589584074802008e-01 9.989791895048809600e-01 9.995812441964835315e-01 9.998384698962411443e-01 9.999414336525935809e-01 9.999800476831749441e-01 9.999936150543529134e-01 9.999980812229507521e-01 9.999994586300966493e-01 9.999998566238792463e-01 9.999999643636042768e-01 9.999999916885867757e-01 9.999999981813143535e-01 9.999999996266757396e-01 9.999999999281196095e-01 9.999999999870197165e-01 9.999999999978017584e-01 9.999999999996509459e-01 9.999999999999480416e-01 9.999999999999926725e-01 9.999999999999991118e-01 9.999999999999998890e-01 1.000000000000000000e+00 1.000000000000000000e+00 1.000000000000000000e+00 1.000000000000000000e+00 1.000000000000000000e+00 1.000000000000000000e+00 1.000000000000000000e+00 1.000000000000000000e+00 1.000000000000000000e+00 1.000000000000000000e+00 1.000000000000000000e+00 1.000000000000000000e+00 1.000000000000000000e+00 1.000000000000000000e+00 1.000000000000000000e+00 1.000000000000000000e+00 1.000000000000000000e+00 1.000000000000000000e+00 1.000000000000000000e+00 1.000000000000000000e+00 1.000000000000000000e+00 1.000000000000000000e+00
1.179843451921137613e-21 9.047833784294472106e-21 6.629007759227758507e-20 4.640298504387944830e-19 3.103467768328856919e-18 1.983186954028520228e-17 1.210896780431275239e-16 7.064646769283443439e-16 3.938468611269523847e-15 2.098131544172191212e-14 1.068125634439398179e-13 5.196529814727668642e-13 2.416153418707349826e-12 1.073681949826182292e-11 4.560249558943028845e-11 1.851343524695254126e-10 7.184500482209345260e-10 2.665295512009859407e-09 9.452877987251743363e-09 3.205429551104229564e-08 1.039318903741246774e-07 3.222496491780646039e-07 9.555687984219762570e-07 2.710235152323343331e-06 7.353304647962114222e-06 1.908754141982042023e-05 4.741084094780402287e-05 1.127047203166904062e-04 2.564656953986189426e-04 5.587737535730481851e-04 1.165927762317789168e-03 2.330559651198806093e-03 4.464190977219799697e-03 8.197476279977192887e-03 1.443632242499730788e-02 2.439401795500674083e-02 3.957343333936401419e-02 6.167347187972208739e-02 9.240420572580712588e-02 1.332168620699027139e-01 1.849845685305608056e-01 2.476986695328121380e-01 3.202614241205521406e-01 4.004485514026668858e-01 4.850811974487447276e-01 5.703938750343852115e-01 6.525295098579990682e-01 7.280547373411399015e-01 7.943824185366028523e-01 8.500163677923446848e-01 8.945847844769362345e-01 9.286849654313704683e-01 9.536038288014638820e-01 9.709955166157504536e-01 9.825885493980270891e-01 9.899691904631691131e-01 9.944569816081128000e-01 9.970632104517109795e-01 9.985087621409161063e-01 9.992745274178109760e-01 9.996619620694323638e-01 9.998491775537846626e-01 9.999355798604820933e-01 9.999736644178738310e-01 9.999896973227879737e-01 9.999961436887987443e-01 9.999986191540791713e-01 9.999995270530814828e-01 9.999998450747626944e-01 9.999999514680109058e-01 9.999999854625536422e-01 9.999999958364468311e-01 9.999999988599566070e-01 9.999999997015798225e-01 9.999999999253283978e-01 9.999999999821401753e-01 9.999999999959170438e-01 9.999999999991079358e-01 9.999999999998137046e-01 9.999999999999628075e-01 9.999999999999928946e-01 9.999999999999986677e-01 9.999999999999997780e-01 1.000000000000000000e+00 1.000000000000000000e+00 1.000000000000000000e+00 1.000000000000000000e+00 1.000000000000000000e+00 1.000000000000000000e+00 1.000000000000000000e+00 1.000000000000000000e+00 1.000000000000000000e+00 1.000000000000000000e+00 1.000000000000000000e+00 1.000000000000000000e+00 1.000000000000000000e+00 1.000000000000000000e+00 1.000000000000000000e+00 1.000000000000000000e+00 1.000000000000000000e+00
7.018163432603634773e-38 2.689663612678307063e-36 9.502955216124936472e-35 3.095391313579611120e-33 9.295638389158892561e-32 2.573718462024809861e-30 6.570118490266347919e-29 1.546424793893124110e-27 3.356154335782363628e-26 6.716263567056201570e-25 1.239374614604934441e-23 2.109037121009145077e-22 3.309724097569697605e-21 4.790117010141540636e-20 6.393959282420598634e-19 7.872047804302830819e-18 8.939776989925661040e-17 9.365184285717755820e-16 9.050845191718329182e-15 8.070136737569870375e-14 6.639434973625509718e-13 5.040615980879135799e-12 3.531726256669956686e-11 2.283997708130194007e-10 1.363547403848024057e-09 7.515865371835154651e-09 3.825593799922848070e-08 1.798526935145031520e-07 7.811462269253551174e-07 3.135149235886701873e-06 1.163119960082325668e-05 3.990075377421891935e-05 1.266198575806942988e-04 3.718684662210126131e-04 1.011303110087279208e-03 2.548343835355451701e-03 5.954588370150747101e-03 1.291394358910507266e-02 2.602284438750344930e-02 4.878790729071911386e-02 8.523625148658772743e-02 1.390377087492332686e-01 2.122557864478060718e-01 3.041210360154023018e-01 4.103867822575448243e-01 5.237167386689921544e-01 6.351476449385460299e-01 7.361603696026334243e-01 8.205824007271527165e-01 8.856319724377916813e-01 9.318425617361387747e-01 9.621079550635327493e-01 9.803829835329386233e-01 9.905566090597005546e-01 9.957781447599149960e-01 9.982488691306712347e-01 9.993267046058540437e-01 9.997601967392149014e-01 9.999209311462163852e-01 9.999758768261428621e-01 9.999931930575032268e-01 9.999982241960627682e-01 9.999995718242231657e-01 9.999999046082724830e-01 9.999999803684835875e-01 9.999999962687218247e-01 9.999999993451537117e-01 9.999999998938974288e-01 9.999999999841309162e-01 9.999999999978094190e-01 9.999999999997208899e-01 9.999999999999671374e-01 9.999999999999964473e-01 9.999999999999996669e-01 1.000000000000000000e+00 1.000000000000000000e+00 1.000000000000000000e+00 1.000000000000000000e+00 1.000000000000000000e+00 1.000000000000000000e+00 1.000000000000000000e+00 1.000000000000000000e+00 1.000000000000000000e+00 1.000000000000000000e+00 1.000000000000000000e+00 1.000000000000000000e+00 1.000000000000000000e+00 1.000000000000000000e+00 1.000000000000000000e+00 1.000000000000000000e+00 1.000000000000000000e+00 1.000000000000000000e+00 1.000000000000000000e+00 1.000000000000000000e+00 1.000000000000000000e+00 1.000000000000000000e+00 1.000000000000000000e+00 1.000000000000000000e+00 1.000000000000000000e+00 1.000000000000000000e+00
9.542736637948213420e-122 1.748114295648602206e-116 2.439858075907847262e-111 2.594582906937330082e-106 2.102276924992672471e-101 1.297907150377436962e-96 6.105784884295958477e-92 2.188756119809583170e-87 5.978967071492930816e-83 1.244640655668081491e-78 1.974550716398877905e-74 2.387360674305287850e-70 2.199955090396566114e-66 1.545176505179881853e-62 8.272474374404104808e-59 3.376079972787360306e-55 1.050363327574086461e-51 2.491428889299691856e-48 4.505838264920389617e-45 6.213851048452889115e-42 6.535047206766731233e-39 5.241903515896639734e-36 3.207285025531047712e-33 1.497122271542039557e-30 5.332359881499292957e-28 1.449456714794573394e-25 3.007513292907351917e-23 4.764675532993690480e-21 5.765096052384434440e-19 5.329321245896017095e-17 3.765299930374434288e-15 2.034189632389307178e-13 8.407930626673502760e-12 2.660632065066949248e-10 6.451130330923748837e-09 1.199732252786252219e-07 1.713504199251202943e-06 1.882542154361006712e-05 1.594325311291706882e-04 1.043723117060405079e-03 5.301318507291092122e-03 2.099805402306054863e-02 6.531936363363791131e-02 1.611806491200137859e-01 3.200187656366627054e-01 5.216616736427255319e-01 7.177921896834917881e-01 8.639558371961393313e-01 9.474092969958480825e-01 9.839116122116295937e-01 9.961411695453203929e-01 9.992790990189970302e-01 9.998955981655941461e-01 9.999883201520710641e-01 9.999989932351784905e-01 9.999999332708483513e-01 9.999999966043022770e-01 9.999999998674926616e-01 9.999999999960388353e-01 9.999999999999094058e-01 9.999999999999984457e-01 1.000000000000000000e+00 1.000000000000000000e+00 1.000000000000000000e+00 1.000000000000000000e+00 1.000000000000000000e+00 1.000000000000000000e+00 1.000000000000000000e+00 1.000000000000000000e+00 1.000000000000000000e+00 1.000000000000000000e+00 1.000000000000000000e+00 1.000000000000000000e+00 1.000000000000000000e+00 1.000000000000000000e+00 1.000000000000000000e+00 1.000000000000000000e+00 1.000000000000000000e+00 1.000000000000000000e+00 1.000000000000000000e+00 1.000000000000000000e+00 1.000000000000000000e+00 1.000000000000000000e+00 1.000000000000000000e+00 1.000000000000000000e+00 1.000000000000000000e+00 1.000000000000000000e+00 1.000000000000000000e+00 1.000000000000000000e+00 1.000000000000000000e+00 1.000000000000000000e+00 1.000000000000000000e+00 1.000000000000000000e+00 1.000000000000000000e+00 1.000000000000000000e+00 1.000000000000000000e+00 1.000000000000000000e+00 1.000000000000000000e+00 1.000000000000000000e+00 1.000000000000000000e+00
3.485902683618833956e-114 3.022244713036996740e-109 2.029479045358826594e-104 1.055578466061558817e-99 4.252640298338904040e-95 1.327091737339711573e-90 3.207969961241182828e-86 6.007040620873272635e-82 8.713782985724484921e-78 9.792306139738386360e-74 8.525361741686107421e-70 5.750548256168964882e-66 3.005349417162784846e-62 1.217005453994000065e-58 3.818796828464952183e-55 9.285901387101056824e-52 1.749906114516484796e-48 2.555826176431823512e-45 2.893409733465058475e-42 2.539164021938647968e-39 1.727501579348180778e-36 9.112614003660226098e-34 3.727523338727049027e-31 1.182534509718052105e-28 2.910012699044967651e-26 5.555779500495691168e-24 8.231090824842295892e-22 9.465409142477100868e-20 8.451141261810467956e-18 5.860442753096253146e-16 3.157586300968126997e-14 1.322489018265050211e-12 4.308072601352605138e-11 1.092246199013208122e-09 2.157058860910117011e-08 3.321614232066589444e-07 3.993333939842702842e-06 3.754263464550960775e-05 2.765824400791083975e-04 1.601132142281710621e-03 7.310126285402377203e-03 2.645350634987963384e-02 7.640060077749769030e-02 1.778123139960178234e-01 3.380605660732954876e-01 5.351452610134468379e-01 7.238050520585954661e-01 8.643677277859942443e-01 9.458770490337402581e-01 9.826610574263380249e-01 9.955785957619169846e-01 9.991080829342794400e-01 9.998582987105497644e-01 9.999823285708738796e-01 9.999982744159804371e-01 9.999998683145071565e-01 9.999999921579210138e-01 9.999999996359969501e-01 9.999999999868431910e-01 9.999999999996299627e-01 9.999999999999918954e-01 9.999999999999998890e-01 1.000000000000000000e+00 1.000000000000000000e+00 1.000000000000000000e+00 1.000000000000000000e+00 1.000000000000000000e+00 1.000000000000000000e+00 1.000000000000000000e+00 1.000000000000000000e+00 1.000000000000000000e+00 1.000000000000000000e+00 1.000000000000000000e+00 1.000000000000000000e+00 1.000000000000000000e+00 1.000000000000000000e+00 1.000000000000000000e+00 1.000000000000000000e+00 1.000000000000000000e+00 1.000000000000000000e+00 1.000000000000000000e+00 1.000000000000000000e+00 1.000000000000000000e+00 1.000000000000000000e+00 1.000000000000000000e+00 1.000000000000000000e+00 1.000000000000000000e+00 1.000000000000000000e+00 1.000000000000000000e+00 1.000000000000000000e+00 1.000000000000000000e+00 1.000000000000000000e+00 1.000000000000000000e+00 1.000000000000000000e+00 1.000000000000000000e+00 1.000000000000000000e+00 1.000000000000000000e+00 1.000000000000000000e+00 1.000000000000000000e+00 1.000000000000000000e+00
1.333956693779362401e-183 1.257130194418962636e-175 7.846258938104547888e-168 3.243390970858730842e-160 8.879764384531868450e-153 1.610204579794246108e-145 1.933975888443732489e-138 1.538598613472971275e-131 8.108096378247759931e-125 2.830401010358508359e-118 6.545308376903721950e-112 1.002730921318248609e-105 1.017727751809639545e-99 6.843754015418138686e-94 3.049281376827852681e-88 9.002603288536397291e-83 1.761311223011968709e-77 2.283675692049672713e-72 1.962454385101374174e-67 1.117820422588809242e-62 4.220821605174853637e-58 1.056634980995874033e-53 1.753932235234956565e-49 1.930743659109980700e-45 1.409721074400745040e-41 6.828441174774803238e-38 2.194749925889173137e-34 4.682024021873093439e-31 6.631248481325799062e-28 6.237634731600312906e-25 3.898384283059295668e-22 1.619573183824737562e-19 4.475298965681357363e-17 8.231118911166536471e-15 1.008540184713214955e-12 8.241441147578722801e-11 4.497761684435873106e-09 1.642325848543366861e-07 4.021886037836023684e-06 6.626878474854760765e-05 7.379666539076874940e-04 5.589488919219442846e-03 2.906387899877941466e-02 1.052097784394304264e-01 2.709004293632066296e-01 5.128551178281403056e-01 7.500188821466990952e-01 9.060588580896329347e-01 9.749547507320515116e-01 9.953592948062466306e-01 9.994103326234515805e-01 9.999490771507957287e-01 9.999970294224562739e-01 9.999998834488565969e-01 9.999999969339345984e-01 9.999999999460456035e-01 9.999999999993660627e-01 9.999999999999951150e-01 1.000000000000000000e+00 1.000000000000000000e+00 1.000000000000000000e+00 1.000000000000000000e+00 1.000000000000000000e+00 1.000000000000000000e+00 1.000000000000000000e+00 1.000000000000000000e+00 1.000000000000000000e+00 1.000000000000000000e+00 1.000000000000000000e+00 1.000000000000000000e+00 1.000000000000000000e+00 1.000000000000000000e+00 1.000000000000000000e+00 1.000000000000000000e+00 1.000000000000000000e+00 1.000000000000000000e+00 1.000000000000000000e+00 1.000000000000000000e+00 1.000000000000000000e+00 1.000000000000000000e+00 1.000000000000000000e+00 1.000000000000000000e+00 1.000000000000000000e+00 1.000000000000000000e+00 1.000000000000000000e+00 1.000000000000000000e+00 1.000000000000000000e+00 1.000000000000000000e+00 1.000000000000000000e+00 1.000000000000000000e+00 1.000000000000000000e+00 1.000000000000000000e+00 1.000000000000000000e+00 1.000000000000000000e+00 1.000000000000000000e+00 1.000000000000000000e+00 1.000000000000000000e+00 1.000000000000000000e+00 1.000000000000000000e+00 1.000000000000000000e+00
2.545794658685592060e-92 2.443992809047961943e-88 1.909071167725941743e-84 1.213389907887482753e-80 6.275464370880254453e-77 2.641013168250612340e-73 9.044557977128519764e-70 2.520635612062905287e-66 5.716808900598734226e-63 1.055198872796317881e-59 1.585146784184725443e-56 1.938108750660312460e-53 1.928772134136297569e-50 1.562429065849556528e-47 1.030293282205825889e-44 5.530819806551100669e-42 2.417217857133577034e-39 8.601462245206758276e-37 2.492269357157067229e-34 5.880628787927102933e-32 1.130064011774179940e-29 1.768814915799165299e-27 2.255367900432382514e-25 2.342991141863151786e-23 1.983412062372572803e-21 1.368436945772935305e-19 7.696586340193128646e-18 3.529707536748141177e-16 1.320288256425344335e-14 4.029308872822596359e-13 1.003670070366426495e-11 2.041489628010667752e-10 3.392611864825796867e-09 4.609296636519927127e-08 5.123799256348605962e-07 4.664750790213308524e-06 3.482315513973293736e-05 2.134869322743957387e-04 1.076912316453456503e-03 4.481107833609366230e-03 1.543183994778774860e-02 4.417563610786651856e-02 1.057423383903694364e-01 2.133570339967136853e-01 3.668676857658075829e-01 5.455813991969264976e-01 7.153801530125938335e-01 8.470440626246729110e-01 9.303635471511904065e-01 9.733923902924839222e-01 9.915260616351977419e-01 9.977619581461585341e-01 9.995116765044373963e-01 9.999122276079515093e-01 9.999870322836690306e-01 9.999984278985846187e-01 9.999998438211711305e-01 9.999999872995528616e-01 9.999999991553218948e-01 9.999999999540878370e-01 9.999999999979616305e-01 9.999999999999260591e-01 9.999999999999977796e-01 1.000000000000000000e+00 1.000000000000000000e+00 1.000000000000000000e+00 1.000000000000000000e+00 1.000000000000000000e+00 1.000000000000000000e+00 1.000000000000000000e+00 1.000000000000000000e+00 1.000000000000000000e+00 1.000000000000000000e+00 1.000000000000000000e+00 1.000000000000000000e+00 1.000000000000000000e+00 1.000000000000000000e+00 1.000000000000000000e+00 1.000000000000000000e+00 1.000000000000000000e+00 1.000000000000000000e+00 1.000000000000000000e+00 1.000000000000000000e+00 1.000000000000000000e+00 1.000000000000000000e+00 1.000000000000000000e+00 1.000000000000000000e+00 1.000000000000000000e+00 1.000000000000000000e+00 1.000000000000000000e+00 1.000000000000000000e+00 1.000000000000000000e+00 1.000000000000000000e+00 1.000000000000000000e+00 1.000000000000000000e+00 1.000000000000000000e+00 1.000000000000000000e+00 1.000000000000000000e+00 1.000000000000000000e+00 1.000000000000000000e+00
1.120859130814359557e-24 1.173509500900825885e-23 1.165423856599015725e-22 1.097875036731272506e-21 9.810797340348494121e-21 8.316670706297779677e-20 6.688069020486452685e-19 5.102360576181052511e-18 3.692961696518194194e-17 2.535869421525263972e-16 1.652128217555213570e-15 1.021275808489155003e-14 5.990235168521638544e-14 3.334010242998270626e-13 1.760899988987116142e-12 8.826156205338480950e-12 4.198598534746054204e-11 1.895667007681156832e-10 8.124125662590472062e-10 3.305088839526884134e-09 1.276498017411316349e-08 4.680909337852069943e-08 1.629898317632882041e-07 5.389683784435373750e-07 1.692765367783400615e-06 5.050402035648178235e-06 1.431606487908625612e-05 3.856308076056679614e-05 9.873302384108813908e-05 2.403257264324099398e-04 5.562933265199152943e-04 1.224922096668963883e-03 2.566663399858683768e-03 5.119917904358662480e-03 9.727375580186690268e-03 1.761181547789943125e-02 3.040630232147738601e-02 5.009503173321432079e-02 7.882634879486437318e-02 1.185854547602351178e-01 1.707602908243429640e-01 2.356878582514708165e-01 3.123076285904133331e-01 3.980501648282007143e-01 4.890405771140256541e-01 5.806075379782388302e-01 6.679903126364706845e-01 7.470684987899685048e-01 8.149312325668762735e-01 8.701580099344659036e-01 9.127778327075661835e-01 9.439679510555203379e-01 9.656133543245566386e-01 9.798581891441917602e-01 9.887479894403825575e-01 9.940090001925329100e-01 9.969614919208303894e-01 9.985327596716766507e-01 9.993257234991327342e-01 9.997052113415421104e-01 9.998774312211229365e-01 9.999515467491246756e-01 9.999817932546850585e-01 9.999934985080948247e-01 9.999977941251894098e-01 9.999992890141142787e-01 9.999997823359934035e-01 9.999999367154004393e-01 9.999999825280411203e-01 9.999999954199626506e-01 9.999999988601788736e-01 9.999999997307194022e-01 9.999999999396136374e-01 9.999999999871469480e-01 9.999999999974036324e-01 9.999999999995021760e-01 9.999999999999094058e-01 9.999999999999843459e-01 9.999999999999974465e-01 9.999999999999995559e-01 1.000000000000000000e+00 1.000000000000000000e+00 1.000000000000000000e+00 1.000000000000000000e+00 1.000000000000000000e+00 1.000000000000000000e+00 1.000000000000000000e+00 1.000000000000000000e+00 1.000000000000000000e+00 1.000000000000000000e+00 1.000000000000000000e+00 1.000000000000000000e+00 1.000000000000000000e+00 1.000000000000000000e+00 1.000000000000000000e+00 1.000000000000000000e+00 1.000000000000000000e+00 1.000000000000000000e+00 1.000000000000000000e+00 1.000000000000000000e+00
3.669794219249350228e-27 4.960561620636884693e-26 6.323055077581645819e-25 7.600465278524477477e-24 8.615516273091077783e-23 9.210048595697626476e-22 9.285267663576975767e-21 8.828606068956237836e-20 7.917159065990943308e-19 6.696402286424426746e-18 5.342262972839904402e-17 4.020115370164510611e-16 2.853650294850234048e-15 1.910878454583926323e-14 1.207142079078897960e-13 7.194518038472159769e-13 4.045668387895710548e-12 2.146613975344875257e-11 1.074794510815567770e-10 5.078561592833729014e-10 2.264850143326480254e-09 9.533788963054737404e-09 3.788502076009384076e-08 1.421345052570841605e-07 5.035259103462904644e-07 1.684619928321552351e-06 5.323725570511860062e-06 1.589455740996558052e-05 4.484323333747310651e-05 1.195833862855129998e-04 3.015055700273755967e-04 7.189746996682436350e-04 1.622147168042173708e-03 3.464297992803999030e-03 7.006622662393591043e-03 1.342848070677924409e-02 2.440444363911237549e-02 4.209064430846202326e-02 6.895873481736858324e-02 1.074400320743628678e-01 1.594005558372322273e-01 2.255473002275840133e-01 3.049352792228413045e-01 3.947634328803557024e-01 4.905890771547975482e-01 5.869636838241858445e-01 6.783445119885509467e-01 7.600326733632123410e-01 8.288780260235901753e-01 8.835798093584672497e-01 9.245567487550350183e-01 9.534960813315342953e-01 9.727645946100346164e-01 9.848599408104583564e-01 9.920180522939772150e-01 9.960118704304430359e-01 9.981126832445732511e-01 9.991545092892187840e-01 9.996416016694184004e-01 9.998563032242152593e-01 9.999455240396614153e-01 9.999804785893775527e-01 9.999933892095476118e-01 9.999978848924820918e-01 9.999993607644918070e-01 9.999998175427373681e-01 9.999999508227519485e-01 9.999999874856451143e-01 9.999999969936559374e-01 9.999999993182813185e-01 9.999999998540972657e-01 9.999999999705304621e-01 9.999999999943831597e-01 9.999999999989898081e-01 9.999999999998285816e-01 9.999999999999725775e-01 9.999999999999957812e-01 9.999999999999993339e-01 1.000000000000000000e+00 1.000000000000000000e+00 1.000000000000000000e+00 1.000000000000000000e+00 1.000000000000000000e+00 1.000000000000000000e+00 1.000000000000000000e+00 1.000000000000000000e+00 1.000000000000000000e+00 1.000000000000000000e+00 1.000000000000000000e+00 1.000000000000000000e+00 1.000000000000000000e+00 1.000000000000000000e+00 1.000000000000000000e+00 1.000000000000000000e+00 1.000000000000000000e+00 1.000000000000000000e+00 1.000000000000000000e+00 1.000000000000000000e+00 1.000000000000000000e+00 1.000000000000000000e+00
3.144528656655851228e-132 1.921277198368054320e-126 8.675622493871331229e-121 2.895330742394054087e-115 7.141578033069190420e-110 1.301970260968061899e-104 1.754414320701416907e-99 1.747438374239000065e-94 1.286547166590587499e-89 7.001974133541412996e-85 2.817114240874561438e-80 8.379100202518504792e-76 1.842556620606225424e-71 2.995700411722417085e-67 3.601270699697610183e-63 3.201262574283616503e-59 2.104389424311793366e-55 1.023068223121961906e-51 3.678704047623193567e-48 9.784513358044489853e-45 1.925240562472526138e-41 2.802754940658950123e-38 3.019250822264110107e-35 2.407102417593538409e-32 1.420521431812834670e-29 6.206493151039084623e-27 2.008123791691402063e-24 4.812785728161906182e-22 8.546722802531380037e-20 1.125015093285082978e-17 1.098146500258816334e-15 7.952968436710871256e-14 4.275974284821119905e-12 1.708073481432808880e-10 5.073985380150854031e-09 1.122199486858402265e-07 1.850599289123447193e-06 2.279847750949879395e-05 2.103487112961394329e-04 1.458387982044200091e-03 7.633070924643392714e-03 3.035300231839923105e-02 9.254273190505973856e-02 2.192034940975360613e-01 4.111787911012356744e-01 6.277343288943102451e-01 8.095477466135088118e-01 9.231528575502263578e-01 9.759778051028286106e-01 9.942536206188500314e-01 9.989570468349355803e-01 9.998572385570794196e-01 9.999853258365523079e-01 9.999988709534461950e-01 9.999999351288255678e-01 9.999999972216788713e-01 9.999999999114295157e-01 9.999999999979005683e-01 9.999999999999630296e-01 9.999999999999995559e-01 1.000000000000000000e+00 1.000000000000000000e+00 1.000000000000000000e+00 1.000000000000000000e+00 1.000000000000000000e+00 1.000000000000000000e+00 1.000000000000000000e+00 1.000000000000000000e+00 1.000000000000000000e+00 1.000000000000000000e+00 1.000000000000000000e+00 1.000000000000000000e+00 1.000000000000000000e+00 1.000000000000000000e+00 1.000000000000000000e+00 1.000000000000000000e+00 1.000000000000000000e+00 1.000000000000000000e+00 1.000000000000000000e+00 1.000000000000000000e+00 1.000000000000000000e+00 1.000000000000000000e+00 1.000000000000000000e+00 1.000000000000000000e+00 1.000000000000000000e+00 1.000000000000000000e+00 1.000000000000000000e+00 1.000000000000000000e+00 1.000000000000000000e+00 1.000000000000000000e+00 1.000000000000000000e+00 1.000000000000000000e+00 1.000000000000000000e+00 1.000000000000000000e+00 1.000000000000000000e+00 1.000000000000000000e+00 1.000000000000000000e+00 1.000000000000000000e+00 1.000000000000000000e+00 1.000000000000000000e+00
1.148892544518133107e-131 5.517869928949243136e-126 1.977582064466066292e-120 5.289064826107028303e-115 1.055639494541823787e-109 1.572376645317834327e-104 1.747891570783131225e-99 1.450117017815386641e-94 8.979187765740025963e-90 4.149850737629279161e-85 1.431550312481255526e-80 3.686194459225032726e-76 7.085455336378637554e-72 1.016710791273630390e-67 1.089159689779819371e-63 8.711175871410933061e-60 5.202143972289149216e-56 2.319746712023024709e-52 7.724796299868488455e-49 1.921150185414697161e-45 3.568678548156277198e-42 4.951930762897876574e-39 5.133551310063012822e-36 3.976487818515321017e-33 2.301920052506706939e-30 9.960239845234568481e-28 3.222033561953732400e-25 7.794291095665060512e-23 1.410366027941438683e-20 1.909582807912875377e-18 1.935372249289442828e-16 1.468956792884788656e-14 8.354306644247434486e-13 3.562517054138104587e-11 1.139990402004067580e-09 2.740183820849013300e-08 4.953823267988413252e-07 6.746556117336600595e-06 6.936011480630141491e-05 5.397816175778756944e-04 3.191644014532508868e-03 1.441140247465961394e-02 5.004792429470096560e-02 1.350403654539307774e-01 2.872746454807958427e-01 4.920808302171769677e-01 6.990467221184961666e-01 8.561482985083201935e-01 9.457185041372445644e-01 9.840714140584457814e-01 9.964028144433658696e-01 9.993793649162328041e-01 9.999186164662212661e-01 9.999919198507281060e-01 9.999993942899217947e-01 9.999999657902769457e-01 9.999999985466769825e-01 9.999999999536184347e-01 9.999999999988891108e-01 9.999999999999800160e-01 9.999999999999997780e-01 1.000000000000000000e+00 1.000000000000000000e+00 1.000000000000000000e+00 1.000000000000000000e+00 1.000000000000000000e+00 1.000000000000000000e+00 1.000000000000000000e+00 1.000000000000000000e+00 1.000000000000000000e+00 1.000000000000000000e+00 1.000000000000000000e+00 1.000000000000000000e+00 1.000000000000000000e+00 1.000000000000000000e+00 1.000000000000000000e+00 1.000000000000000000e+00 1.000000000000000000e+00 1.000000000000000000e+00 1.000000000000000000e+00 1.000000000000000000e+00 1.000000000000000000e+00 1.000000000000000000e+00 1.000000000000000000e+00 1.000000000000000000e+00 1.000000000000000000e+00 1.000000000000000000e+00 1.000000000000000000e+00 1.000000000000000000e+00 1.000000000000000000e+00 1.000000000000000000e+00 1.000000000000000000e+00 1.000000000000000000e+00 1.000000000000000000e+00 1.000000000000000000e+00 1.000000000000000000e+00 1.000000000000000000e+00 1.000000000000000000e+00 1.000000000000000000e+00 1.000000000000000000e+00
2.868427921874327808e-20 1.951929311211725315e-19 1.271865653015590179e-18 7.935703918869552102e-18 4.741409554624479133e-17 2.712806143812878921e-16 1.486386024074575445e-15 7.799364250694533466e-15 3.919364705833790588e-14 1.886323814829971101e-13 8.695154443251531696e-13 3.838985875095136297e-12 1.623502629023152206e-11 6.576690942600331655e-11 2.552126906134245071e-10 9.487720493973371482e-10 3.379191778971083540e-09 1.153145538889989998e-08 3.770573659228294655e-08 1.181455864342969779e-07 3.547745968397876283e-07 1.021067632707411381e-06 2.816890105421344764e-06 7.449893859424476464e-06 1.889087565525652662e-05 4.593454322118371760e-05 1.071230398373243005e-04 2.396414185483796756e-04 5.143579581895791220e-04 1.059482930137488127e-03 2.094887614820748270e-03 3.977353620440113660e-03 7.253379358201273233e-03 1.271059078134964201e-02 2.141216279125127825e-02 3.469308590362509687e-02 5.409580243300118191e-02 8.122898032490774578e-02 1.175487206178762595e-01 1.640846984662677477e-01 2.211587977805955507e-01 2.881616768323200795e-01 3.634542407275905829e-01 4.444411765982417828e-01 5.278250626968672421e-01 6.100026878090274440e-01 6.875254658808616082e-01 7.575272868417168848e-01 8.180326100183232807e-01 8.680915933895628767e-01 9.077353317339051930e-01 9.377871836921412019e-01 9.595929754475903684e-01 9.747382225090306385e-01 9.848071829925555409e-01 9.912148002066704100e-01 9.951179210294425204e-01 9.973937037474458478e-01 9.986638472699801428e-01 9.993423909806504746e-01 9.996893719885744378e-01 9.998592105193249147e-01 9.999387841509754793e-01 9.999744706831650287e-01 9.999897900740151169e-01 9.999960848514781731e-01 9.999985606810503080e-01 9.999994927806559186e-01 9.999998286766610400e-01 9.999999445405234333e-01 9.999999827958149234e-01 9.999999948860590626e-01 9.999999985435087391e-01 9.999999996025699112e-01 9.999999998961068837e-01 9.999999999739828116e-01 9.999999999937588813e-01 9.999999999985659249e-01 9.999999999996843636e-01 9.999999999999334976e-01 9.999999999999865663e-01 9.999999999999973355e-01 9.999999999999995559e-01 9.999999999999998890e-01 1.000000000000000000e+00 1.000000000000000000e+00 1.000000000000000000e+00 1.000000000000000000e+00 1.000000000000000000e+00 1.000000000000000000e+00 1.000000000000000000e+00 1.000000000000000000e+00 1.000000000000000000e+00 1.000000000000000000e+00 1.000000000000000000e+00 1.000000000000000000e+00 1.000000000000000000e+00 1.000000000000000000e+00 1.000000000000000000e+00 1.000000000000000000e+00
1.857382196881355665e-41 1.081598424865688336e-39 5.744492849364901672e-38 2.782714642458082734e-36 1.229498987404447060e-34 4.954983284482788829e-33 1.821476639033465157e-31 6.107820417732463094e-30 1.868293371334526168e-28 5.213341147512902790e-27 1.327140434572540502e-25 3.082237764685111361e-24 6.531070641990250644e-23 1.262681680257123878e-21 2.227506137922814269e-20 3.585799511343958360e-19 5.267738799516805237e-18 7.062614941607539959e-17 8.642613053912674435e-16 9.653875954384961967e-15 9.844156892457614712e-14 9.164808229554230056e-13 7.790936892598506775e-12 6.048354446759541433e-11 4.288774615701443938e-10 2.778135894232301633e-09 1.644310966598055019e-08 8.894518670148221336e-08 4.398259733390837449e-07 1.988785060998915626e-06 8.226063176949046355e-06 3.113624340211424086e-05 1.078977342869883777e-04 3.425057709525091906e-04 9.965842494337898236e-04 2.660023821755252461e-03 6.519042585402009919e-03 1.468565084871284974e-02 3.045099967544378713e-02 5.821386547405937861e-02 1.028128975050854599e-01 1.681693297885941407e-01 2.555376704617093875e-01 3.620803247603683328e-01 4.806018352098586632e-01 6.008768416397938239e-01 7.122186288267311483e-01 8.062440644399643253e-01 8.786770528745483366e-01 9.295785542918636457e-01 9.622092940832128738e-01 9.812913046102631487e-01 9.914706704488596145e-01 9.964242021861993148e-01 9.986230989041198214e-01 9.995135050670574950e-01 9.998424040268456547e-01 9.999532258319341338e-01 9.999872880932805241e-01 9.999968381123887085e-01 9.999992804983823813e-01 9.999998502693006053e-01 9.999999715128486955e-01 9.999999950463039911e-01 9.999999992128639770e-01 9.999999998857329597e-01 9.999999999848482313e-01 9.999999999981651344e-01 9.999999999997970512e-01 9.999999999999795719e-01 9.999999999999981126e-01 9.999999999999997780e-01 1.000000000000000000e+00 1.000000000000000000e+00 1.000000000000000000e+00 1.000000000000000000e+00 1.000000000000000000e+00 1.000000000000000000e+00 1.000000000000000000e+00 1.000000000000000000e+00 1.000000000000000000e+00 1.000000000000000000e+00 1.000000000000000000e+00 1.000000000000000000e+00 1.000000000000000000e+00 1.000000000000000000e+00 1.000000000000000000e+00 1.000000000000000000e+00 1.000000000000000000e+00 1.000000000000000000e+00 1.000000000000000000e+00 1.000000000000000000e+00 1.000000000000000000e+00 1.000000000000000000e+00 1.000000000000000000e+00 1.000000000000000000e+00 1.000000000000000000e+00 1.000000000000000000e+00 1.000000000000000000e+00 1.000000000000000000e+00
1.198946614535923705e-43 8.491344169095637662e-42 5.464027681966073166e-40 3.194621843269129866e-38 1.697098817494593438e-36 8.191957469384974972e-35 3.593136943648328941e-33 1.432118515434431227e-31 5.187019606768538572e-30 1.707286248240592288e-28 5.106947279724704363e-27 1.388357967551195767e-25 3.430414748091836510e-24 7.704042830844175548e-23 1.572683680349991324e-21 2.918371997271310778e-20 4.923170851503173474e-19 7.550667540175450882e-18 1.052922280343344528e-16 1.335105945404383171e-15 1.539520901891347715e-14 1.614553944501452466e-13 1.540170028597637800e-12 1.336571288413627696e-11 1.055330100422658812e-10 7.582824415466549720e-10 4.959109116109612890e-09 2.952577674824589068e-08 1.600783560498954354e-07 7.905371928431747272e-07 3.557251344776474592e-06 1.459072231298375207e-05 5.457637456260600934e-05 1.862637169673901226e-04 5.803897758483578381e-04 1.652355162877525152e-03 4.301976789785112200e-03 1.025376113290040955e-02 2.240367581260704552e-02 4.494420989110199660e-02 8.294757445657729988e-02 1.411777929142772059e-01 2.222635689653957858e-01 3.248788134998655819e-01 4.428975058986055480e-01 5.662539584979994212e-01 6.834317334855842807e-01 7.845898556287657089e-01 8.639546565636564424e-01 9.205428700846227663e-01 9.572114280336410097e-01 9.788052785420747748e-01 9.903619585070978504e-01 9.959827937930568753e-01 9.984672489890233926e-01 9.994652282410728672e-01 9.998295365913754118e-01 9.999503933662181598e-01 9.999868287957565105e-01 9.999968109514898451e-01 9.999992961934056623e-01 9.999998584738933882e-01 9.999999740780161073e-01 9.999999956766052467e-01 9.999999993435539913e-01 9.999999999092814562e-01 9.999999999885913482e-01 9.999999999986945998e-01 9.999999999998641087e-01 9.999999999999871214e-01 9.999999999999988898e-01 9.999999999999998890e-01 1.000000000000000000e+00 1.000000000000000000e+00 1.000000000000000000e+00 1.000000000000000000e+00 1.000000000000000000e+00 1.000000000000000000e+00 1.000000000000000000e+00 1.000000000000000000e+00 1.000000000000000000e+00 1.000000000000000000e+00 1.000000000000000000e+00 1.000000000000000000e+00 1.000000000000000000e+00 1.000000000000000000e+00 1.000000000000000000e+00 1.000000000000000000e+00 1.000000000000000000e+00 1.000000000000000000e+00 1.000000000000000000e+00 1.000000000000000000e+00 1.000000000000000000e+00 1.000000000000000000e+00 1.000000000000000000e+00 1.000000000000000000e+00 1.000000000000000000e+00 1.000000000000000000e+00 1.000000000000000000e+00 1.000000000000000000e+00
2.789786492529863231e-34 7.429370643158363820e-33 1.839039821758912225e-31 4.231537025949347708e-30 9.050729620803790792e-29 1.799528539286288316e-27 3.326102767040323479e-26 5.715145963176585113e-25 9.129514049835241415e-24 1.355850081455414323e-22 1.872128014890637332e-21 2.403459253598835527e-20 2.869024612927374706e-19 3.184554001408467338e-18 3.287018363779604483e-17 3.155143719953723102e-16 2.816606905764167186e-15 2.338581434663152574e-14 1.806050293395632253e-13 1.297458235620846384e-12 8.671253584121209015e-12 5.391855135406953341e-11 3.119679359645056869e-10 1.679771105656440341e-09 8.418173153974302853e-09 3.927168865785329580e-08 1.705728731054137969e-07 6.899115369631312816e-07 2.599115826725504309e-06 9.122538544127931158e-06 2.983928681176696676e-05 9.098867295067244467e-05 2.587486976748217741e-04 6.865204174451155095e-04 1.700348051018257941e-03 3.933641630813228783e-03 8.506189189757757188e-03 1.720785413483902349e-02 3.259928837678043728e-02 5.790329162368554328e-02 9.656966936710467686e-02 1.514873841869197324e-01 2.239854866278400969e-01 3.129417297314092128e-01 4.143940845042122789e-01 5.219375246426272152e-01 6.278975115574062515e-01 7.249342127682197878e-01 8.075315758214088868e-01 8.728795516298729629e-01 9.209339959160811606e-01 9.537790515822770487e-01 9.746451343881674667e-01 9.869661267760980738e-01 9.937282572820135274e-01 9.971777375379581310e-01 9.988132546780825738e-01 9.995340082923753755e-01 9.998292296216750863e-01 9.999416219324533950e-01 9.999813916167612504e-01 9.999944711723121049e-01 9.999984693093590948e-01 9.999996052213515618e-01 9.999999051737988864e-01 9.999999787909796822e-01 9.999999955837857168e-01 9.999999991440551295e-01 9.999999998456010619e-01 9.999999999740827317e-01 9.999999999959521269e-01 9.999999999994118038e-01 9.999999999999205080e-01 9.999999999999900080e-01 9.999999999999988898e-01 9.999999999999998890e-01 1.000000000000000000e+00 1.000000000000000000e+00 1.000000000000000000e+00 1.000000000000000000e+00 1.000000000000000000e+00 1.000000000000000000e+00 1.000000000000000000e+00 1.000000000000000000e+00 1.000000000000000000e+00 1.000000000000000000e+00 1.000000000000000000e+00 1.000000000000000000e+00 1.000000000000000000e+00 1.000000000000000000e+00 1.000000000000000000e+00 1.000000000000000000e+00 1.000000000000000000e+00 1.000000000000000000e+00 1.000000000000000000e+00 1.000000000000000000e+00 1.000000000000000000e+00 1.000000000000000000e+00 1.000000000000000000e+00 1.000000000000000000e+00
1.467494878413105352e-58 4.297051977700361550e-56 1.109412199587305739e-53 2.525535436938295107e-51 5.069472403688235324e-49 8.972885913563082541e-47 1.400469827526498423e-44 1.927527759238857723e-42 2.339520424312472848e-40 2.504191255907103712e-38 2.363953641299496073e-36 1.968153296559573803e-34 1.445262015566805541e-32 9.361012323180093013e-31 5.348233142214383043e-29 2.695466524834188596e-27 1.198452461941974298e-25 4.701113609126983548e-24 1.627071180820508009e-22 4.969062301000597814e-21 1.339197128838772642e-19 3.185380367090548306e-18 6.687664346349519975e-17 1.239480165180565870e-15 2.028238687446383332e-14 2.930780763698199788e-13 3.740349576868985986e-12 4.216931168518564916e-11 4.200880038252421255e-10 3.698819680756190808e-09 2.879410937806249328e-08 1.982544957988152711e-07 1.207842842358210108e-06 6.514619262496939038e-06 3.112607718969459091e-05 1.318362365183106905e-04 4.954559361190330989e-04 1.653880931124700714e-03 4.910316007940553236e-03 1.298783219757713644e-02 3.066775474656116551e-02 6.481498028942009326e-02 1.230129274311476395e-01 2.105396938609954693e-01 3.267000710151769516e-01 4.627383417545056776e-01 6.033273285702946964e-01 7.315393797913409824e-01 8.347187976720860103e-01 9.079915320703525472e-01 9.539086217517469546e-01 9.792999600140712690e-01 9.916899773234743032e-01 9.970249021135237921e-01 9.990518797299234866e-01 9.997314389691671632e-01 9.999324667887056206e-01 9.999849387840784587e-01 9.999970234063568775e-01 9.999994790402916278e-01 9.999999193007577114e-01 9.999999889411657072e-01 9.999999986598648860e-01 9.999999998564387260e-01 9.999999999864090938e-01 9.999999999988632426e-01 9.999999999999160671e-01 9.999999999999944489e-01 9.999999999999996669e-01 1.000000000000000000e+00 1.000000000000000000e+00 1.000000000000000000e+00 1.000000000000000000e+00 1.000000000000000000e+00 1.000000000000000000e+00 1.000000000000000000e+00 1.000000000000000000e+00 1.000000000000000000e+00 1.000000000000000000e+00 1.000000000000000000e+00 1.000000000000000000e+00 1.000000000000000000e+00 1.000000000000000000e+00 1.000000000000000000e+00 1.000000000000000000e+00 1.000000000000000000e+00 1.000000000000000000e+00 1.000000000000000000e+00 1.000000000000000000e+00 1.000000000000000000e+00 1.000000000000000000e+00 1.000000000000000000e+00 1.000000000000000000e+00 1.000000000000000000e+00 1.000000000000000000e+00 1.000000000000000000e+00 1.000000000000000000e+00 1.000000000000000000e+00 1.000000000000000000e+00 1.000000000000000000e+00
2.826359737550470027e-33 7.081613125407025700e-32 1.650029130782521617e-30 3.575328153122376576e-29 7.204702058264542769e-28 1.350217326160868081e-26 2.353376567157772401e-25 3.814984406367676345e-24 5.752044354646554651e-23 8.066691639642703425e-22 1.052275255409560532e-20 1.276856870837206265e-19 1.441298233827666847e-18 1.513511739189847551e-17 1.478636645876915497e-16 1.344022154382438172e-15 1.136707240858693229e-14 8.945789900029094236e-14 6.551644032804851403e-13 4.465607167514733562e-12 2.833024645690085679e-11 1.673035792416320307e-10 9.198047849610338822e-10 4.708450315408351841e-09 2.244477631462850382e-08 9.965024799777386036e-08 4.121423075468924745e-07 1.588225593376695539e-06 5.703956665864065691e-06 1.909663038277822564e-05 5.961952594597117518e-05 1.736308417077435460e-04 4.719018865606614118e-04 1.197491652250390164e-03 2.838796672201388937e-03 6.291081653913737845e-03 1.304326425881127856e-02 2.532339054087676469e-02 4.609085250691020985e-02 7.874863397542072874e-02 1.265030157950307876e-01 1.914357367309698632e-01 2.735348059254132935e-01 3.700592818050293942e-01 4.755857703325785946e-01 5.828637198030663935e-01 6.842745658409457032e-01 7.734167423858024915e-01 8.462796948771467154e-01 9.016599199059122105e-01 9.408004497303079638e-01 9.665234860694207342e-01 9.822430583051873221e-01 9.911757325030959853e-01 9.958957516799624710e-01 9.982148900252630908e-01 9.992744589412485556e-01 9.997246018001665346e-01 9.999024252293874371e-01 9.999677448766097765e-01 9.999900555975536065e-01 9.999971415284798493e-01 9.999992341577630395e-01 9.999998088008950070e-01 9.999999555289214026e-01 9.999999903654761546e-01 9.999999980561227186e-01 9.999999996348031273e-01 9.999999999361228742e-01 9.999999999895990976e-01 9.999999999984237053e-01 9.999999999997776223e-01 9.999999999999708011e-01 9.999999999999964473e-01 9.999999999999995559e-01 1.000000000000000000e+00 1.000000000000000000e+00 1.000000000000000000e+00 1.000000000000000000e+00 1.000000000000000000e+00 1.000000000000000000e+00 1.000000000000000000e+00 1.000000000000000000e+00 1.000000000000000000e+00 1.000000000000000000e+00 1.000000000000000000e+00 1.000000000000000000e+00 1.000000000000000000e+00 1.000000000000000000e+00 1.000000000000000000e+00 1.000000000000000000e+00 1.000000000000000000e+00 1.000000000000000000e+00 1.000000000000000000e+00 1.000000000000000000e+00 1.000000000000000000e+00 1.000000000000000000e+00 1.000000000000000000e+00 1.000000000000000000e+00 1.000000000000000000e+00
7.033485054204091200e-34 1.858978152981812024e-32 4.564410129315308655e-31 1.041146526752579062e-29 2.206311021852278387e-28 4.343711133716079255e-27 7.945238490484872764e-26 1.350262305928372385e-24 2.132106899497437807e-23 3.128203332456463611e-22 4.264743540563240320e-21 5.402825767844627058e-20 6.360610054215985277e-19 6.959013954865191390e-18 7.076052014588460936e-17 6.687350001218730036e-16 5.874413832358012568e-15 4.796813648141053136e-14 3.641265606600421133e-13 2.569803095874819981e-12 1.686304283077343474e-11 1.028977001194550571e-10 5.839276922653350407e-10 3.082137251086702554e-09 1.513376016129361324e-08 6.913752991908685594e-08 2.939220247878908941e-07 1.163030835011581552e-06 4.284429280158902878e-06 1.469784442622395903e-05 4.696849023898443917e-05 1.398638757125151698e-04 3.882652898905685781e-04 1.005270412088963596e-03 2.428908224837003638e-03 5.480226193806168530e-03 1.155532994470657819e-02 2.279100552839293317e-02 4.209400603676124314e-02 7.289972666730995532e-02 1.185685182522565606e-01 1.814597120427056676e-01 2.619128144619369269e-01 3.575174068119629234e-01 4.630527597179396326e-01 5.712710279314873185e-01 6.743539284530915001e-01 7.655667827353789257e-01 8.405404315291628015e-01 8.977862996574828003e-01 9.383896757075733674e-01 9.651420384288829091e-01 9.815156142454122268e-01 9.908246694904951912e-01 9.957410733349083554e-01 9.981530241599145814e-01 9.992522003116071083e-01 9.997175109582797647e-01 9.999004870430803216e-01 9.999673245181002201e-01 9.999900032481117140e-01 9.999971513208694152e-01 9.999992441279779154e-01 9.999998132925158600e-01 9.999999570773817625e-01 9.999999908180345898e-01 9.999999981725986586e-01 9.999999996616910636e-01 9.999999999417474861e-01 9.999999999906721282e-01 9.999999999986111110e-01 9.999999999998077094e-01 9.999999999999752420e-01 9.999999999999971134e-01 9.999999999999996669e-01 1.000000000000000000e+00 1.000000000000000000e+00 1.000000000000000000e+00 1.000000000000000000e+00 1.000000000000000000e+00 1.000000000000000000e+00 1.000000000000000000e+00 1.000000000000000000e+00 1.000000000000000000e+00 1.000000000000000000e+00 1.000000000000000000e+00 1.000000000000000000e+00 1.000000000000000000e+00 1.000000000000000000e+00 1.000000000000000000e+00 1.000000000000000000e+00 1.000000000000000000e+00 1.000000000000000000e+00 1.000000000000000000e+00 1.000000000000000000e+00 1.000000000000000000e+00 1.000000000000000000e+00 1.000000000000000000e+00 1.000000000000000000e+00 1.000000000000000000e+00
4.999217366596385580e-40 2.455779438190220342e-38 1.105150085899629843e-36 4.556254369712767923e-35 1.720918909659141840e-33 5.955117337335132041e-32 1.888036105423439182e-30 5.484459668515009450e-29 1.459740098250407898e-27 3.560008775480832529e-26 7.955681744086523914e-25 1.629194361635605143e-23 3.057436703864310088e-22 5.258389806779698749e-21 8.288622983727620524e-20 1.197490413166580747e-18 1.585805551328482108e-17 1.925071972322457516e-16 2.142383307910239336e-15 2.185939228399489258e-14 2.045084389958588600e-13 1.754537842209952552e-12 1.380524010810411859e-11 9.963509033904840889e-11 6.596783175424931388e-10 4.007524408332515380e-09 2.234221633258433205e-08 1.143340577941611688e-07 5.371933047175305853e-07 2.317998131699023019e-06 9.188901107243692344e-06 3.347687029003024335e-05 1.121363812986508277e-04 3.455340645921284011e-04 9.800310310066082196e-04 2.560378392213158959e-03 6.166726714488601074e-03 1.370682193396280217e-02 2.815063239477523863e-02 5.350098925352819723e-02 9.426576683301128579e-02 1.543258507043036021e-01 2.354009700160014651e-01 3.356755382018783429e-01 4.493063397665985614e-01 5.672850692334118206e-01 6.795163262606658261e-01 7.773360165992603266e-01 8.554521511482662266e-01 9.126074705761374473e-01 9.509228606354360736e-01 9.744565248482974784e-01 9.877000736751482268e-01 9.945284325715740836e-01 9.977541317010378830e-01 9.991502594387708935e-01 9.997038877304695870e-01 9.999050289497215527e-01 9.999719821367092365e-01 9.999924007540346160e-01 9.999981058594789030e-01 9.999995662887037895e-01 9.999999087992379465e-01 9.999999823929797138e-01 9.999999968799712091e-01 9.999999994926295210e-01 9.999999999242983328e-01 9.999999999896383995e-01 9.999999999986991517e-01 9.999999999998502309e-01 9.999999999999842348e-01 9.999999999999984457e-01 9.999999999999998890e-01 1.000000000000000000e+00 1.000000000000000000e+00 1.000000000000000000e+00 1.000000000000000000e+00 1.000000000000000000e+00 1.000000000000000000e+00 1.000000000000000000e+00 1.000000000000000000e+00 1.000000000000000000e+00 1.000000000000000000e+00 1.000000000000000000e+00 1.000000000000000000e+00 1.000000000000000000e+00 1.000000000000000000e+00 1.000000000000000000e+00 1.000000000000000000e+00 1.000000000000000000e+00 1.000000000000000000e+00 1.000000000000000000e+00 1.000000000000000000e+00 1.000000000000000000e+00 1.000000000000000000e+00 1.000000000000000000e+00 1.000000000000000000e+00 1.000000000000000000e+00 1.000000000000000000e+00 1.000000000000000000e+00
3.429331474496528387e-35 1.034169861250477289e-33 2.888645141166038457e-32 7.473543931809666268e-31 1.791018012047739740e-29 3.975812853626458070e-28 8.175550995827321745e-27 1.557351614266735579e-25 2.748206229235640668e-24 4.492835665874412738e-23 6.804827767757836888e-22 9.548987514538393490e-21 1.241540294850416505e-19 1.495715659736636333e-18 1.669726372479682633e-17 1.727328966422598965e-16 1.656022016606965741e-15 1.471461668045249996e-14 1.211873010296610808e-13 9.251827497359164037e-13 6.547884661858960905e-12 4.296579563881663693e-11 2.614227489176677838e-10 1.475090772589624811e-09 7.719903364476471791e-09 3.747946845684612617e-08 1.688274989561169077e-07 7.057510323412901296e-07 2.738553617807067934e-06 9.866653596354215341e-06 3.301660125661036715e-05 1.026512917597914739e-04 2.966515695147153788e-04 7.972410099803297874e-04 1.993609902451510575e-03 4.641829508198174609e-03 1.007120141196594931e-02 2.038106786170672952e-02 3.851388874204046686e-02 6.805232498814989262e-02 1.126200247797209258e-01 1.749022620093378111e-01 2.555180314663124119e-01 3.521649570699083576e-01 4.594819818857970861e-01 5.698547460651649521e-01 6.749947466921705219e-01 7.677602941256991276e-01 8.435687972315840666e-01 9.009488931375235765e-01 9.411757683376793526e-01 9.672963246901002954e-01 9.830057008232502280e-01 9.917564456045181442e-01 9.962712580808041896e-01 9.984287142152314942e-01 9.993835982188186140e-01 9.997750374633038728e-01 9.999236590264297675e-01 9.999759228894093965e-01 9.999929453297015103e-01 9.999980803371506521e-01 9.999995150252827258e-01 9.999998862776575681e-01 9.999999752539567854e-01 9.999999950041240648e-01 9.999999990644086179e-01 9.999999998374971000e-01 9.999999999738257150e-01 9.999999999960909047e-01 9.999999999994586553e-01 9.999999999999305000e-01 9.999999999999917843e-01 9.999999999999991118e-01 9.999999999999998890e-01 1.000000000000000000e+00 1.000000000000000000e+00 1.000000000000000000e+00 1.000000000000000000e+00 1.000000000000000000e+00 1.000000000000000000e+00 1.000000000000000000e+00 1.000000000000000000e+00 1.000000000000000000e+00 1.000000000000000000e+00 1.000000000000000000e+00 1.000000000000000000e+00 1.000000000000000000e+00 1.000000000000000000e+00 1.000000000000000000e+00 1.000000000000000000e+00 1.000000000000000000e+00 1.000000000000000000e+00 1.000000000000000000e+00 1.000000000000000000e+00 1.000000000000000000e+00 1.000000000000000000e+00 1.000000000000000000e+00 1.000000000000000000e+00 1.000000000000000000e+00
4.328127670873339835e-29 7.150996531621101559e-28 1.108943846992421420e-26 1.614132776194369902e-25 2.205294555675390685e-24 2.828155672162290246e-23 3.404567329490044849e-22 3.847298967823535775e-21 4.081312394048814417e-20 4.064519927112881755e-19 3.800152766574451762e-18 3.335749783019703003e-17 2.749199405595664523e-16 2.127457144142082786e-15 1.545896892655587334e-14 1.054850163481350854e-13 6.759574293814464652e-13 4.068147163926236046e-12 2.299620104296765041e-11 1.221052759317584192e-10 6.090770341161202466e-10 2.854397089017703222e-09 1.256929106540384924e-08 5.201360197859848565e-08 2.022995285762433300e-07 7.396293963157194532e-07 2.542453833742765666e-06 8.218640831811179694e-06 2.498936173386592514e-05 7.148791903604281286e-05 1.924699360957566176e-04 4.878604864670941545e-04 1.164671784319520724e-03 2.619911592095938192e-03 5.556196458251669475e-03 1.111599554123485732e-02 2.099510691359393610e-02 3.746819673349811169e-02 6.324512272111505740e-02 1.010969170247646709e-01 1.532573832767338551e-01 2.207096276557484749e-01 3.025658187669877375e-01 3.957853746739704026e-01 4.954091553242913615e-01 5.953215947596964819e-01 6.893538092303962417e-01 7.724027820484185014e-01 8.412350770300136560e-01 8.947716344488305662e-01 9.338474997010884904e-01 9.606124500391406418e-01 9.778162191017434335e-01 9.881934069802204013e-01 9.940674104890414586e-01 9.971876407681223853e-01 9.987430205094147695e-01 9.994706041793106621e-01 9.997899972412764846e-01 9.999215691899374647e-01 9.999724314488503962e-01 9.999908825230683362e-01 9.999971636917954765e-01 9.999991702470760746e-01 9.999997717707058698e-01 9.999999409877624590e-01 9.999999856586321290e-01 9.999999967246766541e-01 9.999999992971270180e-01 9.999999998582874694e-01 9.999999999731588041e-01 9.999999999952244867e-01 9.999999999992019717e-01 9.999999999998747668e-01 9.999999999999815703e-01 9.999999999999974465e-01 9.999999999999996669e-01 1.000000000000000000e+00 1.000000000000000000e+00 1.000000000000000000e+00 1.000000000000000000e+00 1.000000000000000000e+00 1.000000000000000000e+00 1.000000000000000000e+00 1.000000000000000000e+00 1.000000000000000000e+00 1.000000000000000000e+00 1.000000000000000000e+00 1.000000000000000000e+00 1.000000000000000000e+00 1.000000000000000000e+00 1.000000000000000000e+00 1.000000000000000000e+00 1.000000000000000000e+00 1.000000000000000000e+00 1.000000000000000000e+00 1.000000000000000000e+00 1.000000000000000000e+00 1.000000000000000000e+00 1.000000000000000000e+00
1.600153329351257318e-34 4.407988570327360994e-33 1.127594801981524588e-31 2.678609251438768718e-30 5.909081650150041526e-29 1.210587892510567487e-27 2.303300330037052941e-26 4.070013222947249237e-25 6.679533953328869426e-24 1.018161722200373757e-22 1.441531052183161321e-21 1.895769653398347744e-20 2.315904397114227525e-19 2.628149001920988644e-18 2.770743085404948171e-17 2.713839170530596807e-16 2.469678750658568849e-15 2.088309338027624339e-14 1.640890447907765937e-13 1.198202944317560371e-12 8.131797747200975154e-12 5.129696981064126051e-11 3.008113331938785018e-10 1.640015390394205564e-09 8.314060188542704991e-09 3.919742455350289718e-08 1.718926000920017220e-07 7.012909129151669288e-07 2.662431147672937743e-06 9.408257225723363953e-06 3.095410890869665870e-05 9.485336364222374944e-05 2.708210830020523624e-04 7.207839789512812722e-04 1.789170004465445891e-03 4.144700404873581136e-03 8.967057593993492046e-03 1.813435275073357889e-02 3.431646327410392550e-02 6.084064844486127693e-02 1.012110068463025897e-01 1.582664976265272250e-01 2.331432649035057314e-01 3.243888649549065972e-01 4.276393921075700155e-01 5.361290424039726332e-01 6.419812940686315805e-01 7.378832831472131870e-01 8.185641775514211904e-01 8.815915365883040256e-01 9.273111409734513533e-01 9.581068557605555425e-01 9.773684398009278018e-01 9.885552663920154082e-01 9.945882787062820807e-01 9.976094337895975439e-01 9.990142591239137282e-01 9.996208292963177922e-01 9.998640205706423867e-01 9.999545566873093705e-01 9.999858535858321407e-01 9.999958993932807072e-01 9.999988935254524591e-01 9.999997221504659528e-01 9.999999350841519696e-01 9.999999858916961415e-01 9.999999971483084504e-01 9.999999994640014211e-01 9.999999999063311495e-01 9.999999999847826171e-01 9.999999999977020604e-01 9.999999999996774802e-01 9.999999999999579225e-01 9.999999999999948930e-01 9.999999999999994449e-01 1.000000000000000000e+00 1.000000000000000000e+00 1.000000000000000000e+00 1.000000000000000000e+00 1.000000000000000000e+00 1.000000000000000000e+00 1.000000000000000000e+00 1.000000000000000000e+00 1.000000000000000000e+00 1.000000000000000000e+00 1.000000000000000000e+00 1.000000000000000000e+00 1.000000000000000000e+00 1.000000000000000000e+00 1.000000000000000000e+00 1.000000000000000000e+00 1.000000000000000000e+00 1.000000000000000000e+00 1.000000000000000000e+00 1.000000000000000000e+00 1.000000000000000000e+00 1.000000000000000000e+00 1.000000000000000000e+00 1.000000000000000000e+00 1.000000000000000000e+00
4.711016357117724300e-36 1.535025647468431622e-34 4.625661192662276993e-33 1.289137562624787931e-31 3.322789015712736750e-30 7.921289647327208361e-29 1.746590318653611961e-27 3.562062635232878353e-26 6.719573925531467597e-25 1.172538328776640025e-23 1.892666801792382811e-22 2.826188494215359789e-21 3.904158825220257995e-20 4.989700228410496914e-19 5.900178692333620310e-18 6.455424582058379640e-17 6.535532112797089488e-16 6.122993428072029370e-15 5.308924203374846828e-14 4.260354347055109694e-13 3.164621708805465728e-12 2.176103594020349283e-11 1.385379720197313979e-10 8.166672829573956985e-10 4.458315328537085640e-09 2.254320297379909111e-08 1.055986961268737834e-07 4.583412441013585825e-07 1.843777139445120692e-06 6.875957568275991421e-06 2.377916595617536702e-05 7.628736934827914408e-05 2.271327607391264035e-04 6.278938128805516350e-04 1.612560258126888866e-03 3.849964314472834916e-03 8.551640602437505373e-03 1.768888621844483949e-02 3.411115946385873815e-02 6.140770268090944145e-02 1.033680727689763462e-01 1.630206198905958248e-01 2.414497345633819791e-01 3.368137982356668170e-01 4.440525239265923352e-01 5.555790579895769632e-01 6.628456545605193595e-01 7.582592941883024018e-01 8.367495752462277281e-01 8.964641609288281909e-01 9.384790868399268682e-01 9.658182242449866450e-01 9.822703983015537155e-01 9.914266598542738063e-01 9.961393456781035827e-01 9.983825718401749816e-01 9.993700571870572924e-01 9.997720700186414344e-01 9.999234259149657467e-01 9.999761255191510489e-01 9.999930947533030023e-01 9.999981479035273679e-01 9.999995394744827237e-01 9.999998938711989194e-01 9.999999773378775991e-01 9.999999955170253418e-01 9.999999991786061582e-01 9.999999998606245999e-01 9.999999999781017390e-01 9.999999999968145481e-01 9.999999999995710098e-01 9.999999999999464873e-01 9.999999999999937828e-01 9.999999999999993339e-01 1.000000000000000000e+00 1.000000000000000000e+00 1.000000000000000000e+00 1.000000000000000000e+00 1.000000000000000000e+00 1.000000000000000000e+00 1.000000000000000000e+00 1.000000000000000000e+00 1.000000000000000000e+00 1.000000000000000000e+00 1.000000000000000000e+00 1.000000000000000000e+00 1.000000000000000000e+00 1.000000000000000000e+00 1.000000000000000000e+00 1.000000000000000000e+00 1.000000000000000000e+00 1.000000000000000000e+00 1.000000000000000000e+00 1.000000000000000000e+00 1.000000000000000000e+00 1.000000000000000000e+00 1.000000000000000000e+00 1.000000000000000000e+00 1.000000000000000000e+00 1.000000000000000000e+00
4.028472217248299875e-37 1.468963252279072440e-35 4.940714202295903417e-34 1.532805092262126780e-32 4.386452200765637655e-31 1.157925900123143705e-29 2.819690988486331779e-28 6.334160364541488625e-27 1.312676806301756350e-25 2.509708855878139914e-24 4.426927876028429413e-23 7.204656779889729741e-22 1.081871290878231203e-20 1.499031469980898443e-19 1.916646680650130194e-18 2.261491482912580549e-17 2.462619119700276470e-16 2.475024076785717008e-15 2.296016610258069458e-14 1.966169701711268283e-13 1.554383629275935046e-12 1.134571806391719903e-11 7.647029093988432775e-11 4.759888388270371392e-10 2.736573607532416778e-09 1.453432148047913764e-08 7.132466375804859601e-08 3.234691316217924291e-07 1.356055577781667128e-06 5.256443112734651035e-06 1.884570009658194400e-05 6.251662815193671145e-05 1.919659937122893708e-04 5.458982543286817687e-04 1.438494172391620090e-03 3.514869429484495170e-03 7.970144737101029705e-03 1.678798881441159394e-02 3.288594462449394989e-02 5.999414139762865306e-02 1.021010251746858472e-01 1.624304229110570263e-01 2.421617486912130413e-01 3.393589203370094287e-01 4.486546764980628987e-01 5.620194769850653804e-01 6.704816960085515642e-01 7.662019815073253248e-01 8.441229757203505546e-01 9.026329068182870063e-01 9.431584399388273088e-01 9.690495833056746999e-01 9.843075340399963791e-01 9.926015080145333958e-01 9.967601301382710277e-01 9.986834667164194990e-01 9.995039669963523554e-01 9.998268299566278605e-01 9.999440149695468794e-01 9.999832467900509059e-01 9.999953615679824104e-01 9.999988122187939421e-01 9.999997187713186575e-01 9.999999384505880995e-01 9.999999875512075587e-01 9.999999976736242413e-01 9.999999995983916978e-01 9.999999999359637792e-01 9.999999999905705428e-01 9.999999999987179145e-01 9.999999999998390177e-01 9.999999999999813483e-01 9.999999999999980016e-01 9.999999999999997780e-01 1.000000000000000000e+00 1.000000000000000000e+00 1.000000000000000000e+00 1.000000000000000000e+00 1.000000000000000000e+00 1.000000000000000000e+00 1.000000000000000000e+00 1.000000000000000000e+00 1.000000000000000000e+00 1.000000000000000000e+00 1.000000000000000000e+00 1.000000000000000000e+00 1.000000000000000000e+00 1.000000000000000000e+00 1.000000000000000000e+00 1.000000000000000000e+00 1.000000000000000000e+00 1.000000000000000000e+00 1.000000000000000000e+00 1.000000000000000000e+00 1.000000000000000000e+00 1.000000000000000000e+00 1.000000000000000000e+00 1.000000000000000000e+00 1.000000000000000000e+00 1.000000000000000000e+00
2.221244281786688844e-37 8.496378547531630485e-36 2.992913028832642847e-34 9.709288514058696259e-33 2.900847251224589014e-31 7.982121441550749760e-30 2.022928605764227308e-28 4.721991799390560342e-27 1.015236195439120465e-25 2.010583208188965747e-24 3.667813852249605396e-23 6.163698712240680196e-22 9.542113503549202370e-21 1.360939294367801354e-19 1.788330688187248353e-18 2.165199433340257820e-17 2.415558447567503353e-16 2.483351067259782603e-15 2.352849307396621601e-14 2.054582579313263771e-13 1.653745669315586986e-12 1.227089519346498054e-11 8.394566756804643776e-11 5.295330615527543021e-10 3.080533684153484544e-09 1.652991074044626274e-08 8.182950359698695106e-08 3.737994544791787707e-07 1.576030139369230330e-06 6.134949600136057048e-06 2.205567599319017082e-05 7.325838771503014784e-05 2.249125482789516087e-04 6.385777777043824283e-04 1.677729435634966884e-03 4.081792485176295726e-03 9.203932035456038885e-03 1.925464989906841909e-02 3.741750918645351393e-02 6.764582843822983249e-02 1.139785120010618907e-01 1.793826835554041543e-01 2.644119995168837112e-01 3.662190138422891650e-01 4.784810374333824390e-01 5.924887893528073546e-01 6.991194941942466823e-01 7.909689150817311720e-01 8.638335012637069488e-01 9.170690881643136505e-01 9.528896515408736834e-01 9.750872910585576259e-01 9.877557627662875150e-01 9.944143727958987267e-01 9.976375455058653641e-01 9.990744330615577429e-01 9.996643618907263829e-01 9.998874170978575560e-01 9.999650881455930396e-01 9.999899960977858271e-01 9.999973521843534829e-01 9.999993528907180629e-01 9.999998540147650994e-01 9.999999696073690325e-01 9.999999941621018351e-01 9.999999989656050969e-01 9.999999998309633265e-01 9.999999999745274870e-01 9.999999999964608310e-01 9.999999999995466959e-01 9.999999999999464873e-01 9.999999999999942268e-01 9.999999999999993339e-01 1.000000000000000000e+00 1.000000000000000000e+00 1.000000000000000000e+00 1.000000000000000000e+00 1.000000000000000000e+00 1.000000000000000000e+00 1.000000000000000000e+00 1.000000000000000000e+00 1.000000000000000000e+00 1.000000000000000000e+00 1.000000000000000000e+00 1.000000000000000000e+00 1.000000000000000000e+00 1.000000000000000000e+00 1.000000000000000000e+00 1.000000000000000000e+00 1.000000000000000000e+00 1.000000000000000000e+00 1.000000000000000000e+00 1.000000000000000000e+00 1.000000000000000000e+00 1.000000000000000000e+00 1.000000000000000000e+00 1.000000000000000000e+00 1.000000000000000000e+00 1.000000000000000000e+00 1.000000000000000000e+00
