0.000000000000000000e+00 0.000000000000000000e+00 0.000000000000000000e+00 0.000000000000000000e+00 0.000000000000000000e+00 0.000000000000000000e+00 0.000000000000000000e+00 0.000000000000000000e+00 0.000000000000000000e+00 0.000000000000000000e+00 0.000000000000000000e+00 0.000000000000000000e+00 6.250833333219134390e-312 2.872867748965814671e-296 5.182763859710382515e-281 3.670215888379106933e-266 1.020290636105424766e-251 1.113467433026408185e-237 4.770604387581058694e-224 8.024803527107942602e-211 5.300118120793561630e-198 1.374530173240845246e-185 1.399815556987657995e-173 5.598459392538313562e-162 8.793958261687464167e-151 5.425746877282728468e-140 1.315042560578302108e-129 1.252208575765698082e-119 4.685198901257473725e-110 6.889050967072213863e-101 3.981486706407077311e-92 9.046297274859747337e-84 8.082285851515563924e-76 2.840200028470022305e-68 3.926879937788595154e-61 2.136910603425171699e-54 4.578787278609831805e-48 3.865114313808291757e-42 1.286150675129583725e-36 1.688382063252498983e-31 8.752110321577619943e-27 1.793671368468551926e-22 1.455592175631721188e-18 4.687063636225903472e-15 6.005441502226443823e-12 3.073823947627280863e-09 6.320982064805991947e-07 5.267846551884445986e-05 1.804127329565101325e-03 2.600007873209498124e-02 1.645959657349776728e-01 4.966676045256483985e-01 8.312298117546351728e-01 9.729744044475219233e-01 9.980970428268624017e-01 9.999435854941569612e-01 9.999993125013644235e-01 9.999999966039261334e-01 9.999999999932592809e-01 9.999999999999946709e-01 1.000000000000000000e+00 1.000000000000000000e+00 1.000000000000000000e+00 1.000000000000000000e+00 1.000000000000000000e+00 1.000000000000000000e+00 1.000000000000000000e+00 1.000000000000000000e+00 1.000000000000000000e+00 1.000000000000000000e+00 1.000000000000000000e+00 1.000000000000000000e+00 1.000000000000000000e+00 1.000000000000000000e+00 1.000000000000000000e+00 1.000000000000000000e+00 1.000000000000000000e+00 1.000000000000000000e+00 1.000000000000000000e+00 1.000000000000000000e+00 1.000000000000000000e+00 1.000000000000000000e+00 1.000000000000000000e+00 1.000000000000000000e+00 1.000000000000000000e+00 1.000000000000000000e+00 1.000000000000000000e+00 1.000000000000000000e+00 1.000000000000000000e+00 1.000000000000000000e+00 1.000000000000000000e+00 1.000000000000000000e+00 1.000000000000000000e+00 1.000000000000000000e+00 1.000000000000000000e+00 1.000000000000000000e+00 1.000000000000000000e+00 1.000000000000000000e+00 1.000000000000000000e+00 1.000000000000000000e+00
0.000000000000000000e+00 0.000000000000000000e+00 0.000000000000000000e+00 0.000000000000000000e+00 0.000000000000000000e+00 0.000000000000000000e+00 0.000000000000000000e+00 0.000000000000000000e+00 4.819299113824480053e-318 1.283180393953320663e-303 1.572521375937600757e-289 8.869973916601389384e-276 2.302914446891794294e-262 2.752178867995889044e-249 1.514027257482903969e-236 3.834113052748789258e-224 4.469795412704976417e-212 2.398947259868296931e-200 5.927677264862923155e-189 6.743750996006863836e-178 3.532612890363286268e-167 8.521085056235643692e-157 9.465150690106054827e-147 4.842018430754669343e-137 1.140847462431967400e-127 1.238143281147519040e-118 6.190146776626394932e-110 1.425829377820540264e-101 1.513306126600832241e-93 7.401878530587787325e-86 1.668725599079232634e-78 1.734354094471185656e-71 8.311792938578785790e-65 1.837234966275130077e-58 1.873590034539423771e-52 8.818062344314302312e-47 1.916181835817557439e-41 1.923427848242992342e-36 8.923707097751559535e-32 1.914945481600671200e-27 1.902372552618856966e-23 8.758900633618772274e-20 1.871729424527129706e-16 1.859919317680269601e-13 8.615899113765293072e-11 1.867145466044185399e-08 1.902346713474345782e-06 9.180048120338870873e-05 2.122409968853461448e-03 2.395483894488286900e-02 1.363280427588342003e-01 4.145858277875375530e-01 7.471148851552409376e-01 9.390250285331096514e-01 9.924055390643332641e-01 9.995319263810906740e-01 9.999860674836044128e-01 9.999998026018246389e-01 9.999999986808416619e-01 9.999999999958668617e-01 9.999999999999940048e-01 1.000000000000000000e+00 1.000000000000000000e+00 1.000000000000000000e+00 1.000000000000000000e+00 1.000000000000000000e+00 1.000000000000000000e+00 1.000000000000000000e+00 1.000000000000000000e+00 1.000000000000000000e+00 1.000000000000000000e+00 1.000000000000000000e+00 1.000000000000000000e+00 1.000000000000000000e+00 1.000000000000000000e+00 1.000000000000000000e+00 1.000000000000000000e+00 1.000000000000000000e+00 1.000000000000000000e+00 1.000000000000000000e+00 1.000000000000000000e+00 1.000000000000000000e+00 1.000000000000000000e+00 1.000000000000000000e+00 1.000000000000000000e+00 1.000000000000000000e+00 1.000000000000000000e+00 1.000000000000000000e+00 1.000000000000000000e+00 1.000000000000000000e+00 1.000000000000000000e+00 1.000000000000000000e+00 1.000000000000000000e+00 1.000000000000000000e+00 1.000000000000000000e+00 1.000000000000000000e+00 1.000000000000000000e+00 1.000000000000000000e+00 1.000000000000000000e+00 1.000000000000000000e+00
0.000000000000000000e+00 0.000000000000000000e+00 0.000000000000000000e+00 4.886899487458787806e-312 1.685032007066809645e-299 3.201726446509229246e-287 3.352507160608074963e-275 1.934520164838397732e-263 6.151826490974542350e-252 1.078132186706096023e-240 1.041328132952134307e-229 5.543220384962258422e-219 1.626326632236986472e-208 2.629889703791059464e-198 2.344042528984156480e-188 1.151613661090331208e-178 3.118730988019237902e-169 4.655824541817157237e-160 3.831618047829771643e-151 1.738424291443944016e-142 4.348508260647822796e-134 5.997370954048344844e-126 4.560844018750443628e-118 1.912597576390466079e-110 4.423128929832708414e-103 5.641575068276191803e-96 3.968964648198972979e-89 1.540303426448808148e-82 3.297912957055285828e-76 3.896135965245814184e-70 2.540134954997479435e-64 9.140753651494158819e-59 1.815913670298369034e-53 1.992024365080206665e-48 1.206963459002345084e-43 4.040418041422940803e-39 7.475618793409896631e-35 7.647889782194607773e-31 4.328438371700619725e-27 1.356076579721466138e-23 2.353581900244507120e-20 2.265036103969841108e-17 1.210145165935520792e-14 3.594837308316063231e-12 5.949355978623433631e-10 5.500184692624475763e-08 2.851098921783852664e-06 8.330447857505187564e-05 1.382700629769764494e-03 1.319416837221110660e-02 7.377809041878526097e-02 2.495244977382006235e-01 5.383366017339574761e-01 8.074327748893387335e-01 9.495707348613338095e-01 9.920877116531654494e-01 9.992766483335224770e-01 9.999621147127315535e-01 9.999988753474882142e-01 9.999999812097155605e-01 9.999999998241582144e-01 9.999999999990814015e-01 9.999999999999973355e-01 1.000000000000000000e+00 1.000000000000000000e+00 1.000000000000000000e+00 1.000000000000000000e+00 1.000000000000000000e+00 1.000000000000000000e+00 1.000000000000000000e+00 1.000000000000000000e+00 1.000000000000000000e+00 1.000000000000000000e+00 1.000000000000000000e+00 1.000000000000000000e+00 1.000000000000000000e+00 1.000000000000000000e+00 1.000000000000000000e+00 1.000000000000000000e+00 1.000000000000000000e+00 1.000000000000000000e+00 1.000000000000000000e+00 1.000000000000000000e+00 1.000000000000000000e+00 1.000000000000000000e+00 1.000000000000000000e+00 1.000000000000000000e+00 1.000000000000000000e+00 1.000000000000000000e+00 1.000000000000000000e+00 1.000000000000000000e+00 1.000000000000000000e+00 1.000000000000000000e+00 1.000000000000000000e+00 1.000000000000000000e+00 1.000000000000000000e+00 1.000000000000000000e+00 1.000000000000000000e+00 1.000000000000000000e+00 1.000000000000000000e+00
2.582575201766970968e-255 9.209181184447623594e-246 2.151845028870017580e-236 3.294802605670705992e-227 3.305850008453470201e-218 2.173599628897496230e-209 9.365401725811885537e-201 2.644429666004167723e-192 4.893338112116762659e-184 5.934108295380261426e-176 4.716206861553556321e-168 2.456564496432656285e-160 8.386351068369283213e-153 1.876462573200678207e-145 2.751960398752682498e-138 2.645418044884296899e-131 1.666909081865152655e-124 6.885125807294144456e-118 1.864286011017485164e-111 3.309282301037542712e-105 3.851211902345283337e-99 2.938509155542256195e-93 1.470106118492558757e-87 4.822706665554707268e-82 1.037492468056966225e-76 1.463745987665259917e-71 1.354477000878891758e-66 8.221395424287064351e-62 3.273672784592658102e-57 8.552527769806018028e-53 1.466167785961533833e-48 1.649571910280023787e-44 1.218246338218297731e-40 5.906964772480492920e-37 1.880882456195942329e-33 3.934104144959566209e-30 5.406992794003670787e-27 4.884890394491614049e-24 2.902263691859429774e-21 1.134578035643055931e-18 2.920310153361636074e-16 4.952974226561267952e-14 5.540830944919071433e-12 4.093521545924841176e-10 2.000449791367423509e-08 6.480011614889101255e-07 1.395264582874719555e-05 2.004627350874641444e-04 1.932174521271786630e-03 1.259157157360619311e-02 5.612783021209228479e-02 1.742019682066674735e-01 3.869629146393103181e-01 6.417731867825479108e-01 8.446247589746187501e-01 9.519532379634170205e-01 9.896809584464762999e-01 9.984865200592691892e-01 9.998500768667968330e-01 9.999900441591037525e-01 9.999995590800130341e-01 9.999999870248439393e-01 9.999999997469751767e-01 9.999999999967368325e-01 9.999999999999722444e-01 9.999999999999997780e-01 1.000000000000000000e+00 1.000000000000000000e+00 1.000000000000000000e+00 1.000000000000000000e+00 1.000000000000000000e+00 1.000000000000000000e+00 1.000000000000000000e+00 1.000000000000000000e+00 1.000000000000000000e+00 1.000000000000000000e+00 1.000000000000000000e+00 1.000000000000000000e+00 1.000000000000000000e+00 1.000000000000000000e+00 1.000000000000000000e+00 1.000000000000000000e+00 1.000000000000000000e+00 1.000000000000000000e+00 1.000000000000000000e+00 1.000000000000000000e+00 1.000000000000000000e+00 1.000000000000000000e+00 1.000000000000000000e+00 1.000000000000000000e+00 1.000000000000000000e+00 1.000000000000000000e+00 1.000000000000000000e+00 1.000000000000000000e+00 1.000000000000000000e+00 1.000000000000000000e+00 1.000000000000000000e+00 1.000000000000000000e+00 1.000000000000000000e+00 1.000000000000000000e+00
1.568181500463535705e-159 9.651632226648579374e-154 4.629142347925730586e-148 1.730221117493298967e-142 5.039765206309237183e-137 1.144019227302453390e-131 2.023847475485611150e-126 2.790302114176706490e-121 2.998207661632055310e-116 2.510832769712850862e-111 1.638809976533109390e-106 8.336886728502440592e-102 3.305629169352526009e-97 1.021622564744077573e-92 2.461075491855978220e-88 4.621366463327871758e-84 6.764579180464381250e-80 7.718822377559498641e-76 6.866214865141125974e-72 4.761648678780166655e-68 2.574482589849159452e-64 1.085265311476340920e-60 3.567120734941961631e-57 9.142401546062029734e-54 1.827218184651794357e-50 2.847986144023870754e-47 3.462066718800778349e-44 3.282610125968478510e-41 2.427893670300185749e-38 1.400913235096529343e-35 6.306872114937863468e-33 2.215614132780433188e-30 6.074559378908556696e-28 1.300012727031224365e-25 2.172071445746108866e-23 2.833919930973006827e-21 2.887988150326491626e-19 2.299439734888284251e-17 1.430911015642881434e-15 6.962061602884146189e-14 2.649720336419380957e-12 7.892982417603417469e-11 1.841422561200000702e-09 3.367394294434270846e-08 4.831742611847713467e-07 5.446721637595034200e-06 4.831582825047076539e-05 3.379643289113611515e-04 1.869239630473895067e-03 8.204513437153098526e-03 2.871969524883651384e-02 8.072433935705854158e-02 1.839325480144466118e-01 3.443045870777124984e-01 5.394281216229893650e-01 7.253233312626400364e-01 8.639994158215453801e-01 9.450009934033792858e-01 9.820447062143125017e-01 9.953071321813617978e-01 9.990239051363700717e-01 9.998391368933456924e-01 9.999790625431768110e-01 9.999978530017530343e-01 9.999998268734677787e-01 9.999999890381735534e-01 9.999999994556412197e-01 9.999999999788180549e-01 9.999999999993546274e-01 9.999999999999846789e-01 9.999999999999997780e-01 1.000000000000000000e+00 1.000000000000000000e+00 1.000000000000000000e+00 1.000000000000000000e+00 1.000000000000000000e+00 1.000000000000000000e+00 1.000000000000000000e+00 1.000000000000000000e+00 1.000000000000000000e+00 1.000000000000000000e+00 1.000000000000000000e+00 1.000000000000000000e+00 1.000000000000000000e+00 1.000000000000000000e+00 1.000000000000000000e+00 1.000000000000000000e+00 1.000000000000000000e+00 1.000000000000000000e+00 1.000000000000000000e+00 1.000000000000000000e+00 1.000000000000000000e+00 1.000000000000000000e+00 1.000000000000000000e+00 1.000000000000000000e+00 1.000000000000000000e+00 1.000000000000000000e+00 1.000000000000000000e+00 1.000000000000000000e+00 1.000000000000000000e+00
1.190858435947214376e-112 1.034203906636378687e-108 7.622374802896907778e-105 4.767798413057350143e-101 2.531014321451334533e-97 1.140319247242063664e-93 4.360334387792461406e-90 1.415081203054919463e-86 3.897788783566979175e-83 9.112514005854183462e-80 1.808211233503882899e-76 3.045508169916691256e-73 4.353907558810050937e-70 5.283445958507916939e-67 5.442324696706930303e-64 4.758739925106365651e-61 3.532253634905901014e-58 2.225753807139328203e-55 1.190643203835740984e-52 5.407299743777651705e-50 2.084921851727221989e-47 6.825386069756518492e-45 1.897194388016071150e-42 4.477796335031627429e-40 8.974439263208862214e-38 1.527444574062501808e-35 2.207830687391257354e-33 2.710428189282351411e-31 2.826275865040103653e-29 2.503408859158902862e-27 1.883777470009893322e-25 1.204349272708901940e-23 6.542594050851100664e-22 3.020492406633892755e-20 1.185218204211487432e-18 3.953505366804290545e-17 1.121269553912121424e-15 2.704412567398280834e-14 5.548506562120461007e-13 9.685916191406555334e-12 1.439154790077845580e-10 1.820711254002931916e-09 1.962163727294808423e-08 1.802271012237653380e-07 1.411793241764035281e-06 9.438892267370622193e-06 5.391081002895542110e-05 2.633516132200642386e-04 1.101856325148129574e-03 3.955748758761278884e-03 1.221375112129384315e-02 3.252952082384943239e-02 7.502335886045494173e-02 1.505959576482643614e-01 2.648725976325933540e-01 4.118030489736236310e-01 5.724348080978871600e-01 7.217547111011779482e-01 8.397784839850768179e-01 9.190985461289473690e-01 9.644250337137352247e-01 9.864475940588752767e-01 9.955450335833103681e-01 9.987401954234220725e-01 9.996942505932084888e-01 9.999364336795429908e-01 9.999886955411072531e-01 9.999982823980608782e-01 9.999997772431867826e-01 9.999999753602710761e-01 9.999999976769597954e-01 9.999999998134224688e-01 9.999999999872402068e-01 9.999999999992572608e-01 9.999999999999631406e-01 9.999999999999984457e-01 1.000000000000000000e+00 1.000000000000000000e+00 1.000000000000000000e+00 1.000000000000000000e+00 1.000000000000000000e+00 1.000000000000000000e+00 1.000000000000000000e+00 1.000000000000000000e+00 1.000000000000000000e+00 1.000000000000000000e+00 1.000000000000000000e+00 1.000000000000000000e+00 1.000000000000000000e+00 1.000000000000000000e+00 1.000000000000000000e+00 1.000000000000000000e+00 1.000000000000000000e+00 1.000000000000000000e+00 1.000000000000000000e+00 1.000000000000000000e+00 1.000000000000000000e+00 1.000000000000000000e+00 1.000000000000000000e+00 1.000000000000000000e+00
2.094986051529689991e-93 2.538255162138340718e-90 2.723431215234040479e-87 2.587790146620724793e-84 2.177599316919485812e-81 1.622811889996843922e-78 1.071038247893733006e-75 6.260282971321820136e-73 3.240716561447658324e-70 1.485773110108970343e-67 6.033022351076285758e-65 2.169678597744318957e-62 6.911007714362576520e-60 1.949758381253004493e-57 4.872166429710198256e-55 1.078386265193961562e-52 2.114205086310283767e-50 3.671560527331553038e-48 5.648018210668034136e-46 7.696532327151734900e-44 9.290955625849101549e-42 9.935862511790755262e-40 9.413374445145333570e-38 7.901244608277204836e-36 5.875884050468797265e-34 3.871658304853213769e-32 2.260409207985350019e-30 1.169405900270933680e-28 5.361120556484268269e-27 2.178131476214216611e-25 7.842950850523041487e-24 2.503071650340850635e-22 7.081091045175151642e-21 1.775818496672695337e-19 3.948308279387564178e-18 7.783680634722039567e-17 1.360734426016395524e-15 2.109771880844180586e-14 2.901604467265841415e-13 3.540438545795115182e-12 3.833344664359872963e-11 3.683821717811097202e-10 3.142908072368628522e-09 2.381259953357260343e-08 1.602782401744838353e-07 9.587620622747788174e-07 5.099440066670057386e-06 2.412984516449403929e-05 1.016481276819875413e-04 3.815125141731473936e-04 1.277054341946555613e-03 3.817007321663911084e-03 1.020218935693116037e-02 2.442987679709641285e-02 5.253035707294990281e-02 1.017247769367897736e-01 1.780633753374408212e-01 2.830663449252662778e-01 4.110899657275388641e-01 5.494501222137062602e-01 6.819955966352603260e-01 7.945471268694116462e-01 8.792639145755789531e-01 9.357858844746215210e-01 9.692124861658830692e-01 9.867347791492366849e-01 9.948763713780175433e-01 9.982294418519754853e-01 9.994534533676402432e-01 9.998494867065357283e-01 9.999630596167810026e-01 9.999919269933967847e-01 9.999984301127533559e-01 9.999997285166194461e-01 9.999999582705516588e-01 9.999999943012123360e-01 9.999999993087973493e-01 9.999999999255652083e-01 9.999999999928850247e-01 9.999999999993964828e-01 9.999999999999545919e-01 9.999999999999968914e-01 9.999999999999997780e-01 1.000000000000000000e+00 1.000000000000000000e+00 1.000000000000000000e+00 1.000000000000000000e+00 1.000000000000000000e+00 1.000000000000000000e+00 1.000000000000000000e+00 1.000000000000000000e+00 1.000000000000000000e+00 1.000000000000000000e+00 1.000000000000000000e+00 1.000000000000000000e+00 1.000000000000000000e+00 1.000000000000000000e+00 1.000000000000000000e+00 1.000000000000000000e+00 1.000000000000000000e+00
1.359021604883912219e-76 3.560421127886867262e-74 8.512742177385470016e-72 1.857524980605446176e-69 3.699142736589177044e-67 6.723155360694864538e-65 1.115206916464708893e-62 1.688312655640815115e-60 2.332762593019128184e-58 2.941804910904120424e-56 3.386012634467229814e-54 3.557137955307054297e-52 3.410803303678775623e-50 2.985130068780967335e-48 2.384666549183118850e-46 1.738831594499615896e-44 1.157340039584975417e-42 7.031478977119944470e-41 3.899634135680605146e-39 1.974251018728850669e-37 9.124156680645373841e-36 3.849516859563560234e-34 1.482705608611341971e-32 5.213769462127198473e-31 1.673828137526416184e-29 4.906220792685464488e-28 1.313036287236903327e-26 3.208612974792614190e-25 7.159586272885729315e-24 1.458844997017453235e-22 2.714585173524643159e-21 4.613126825647742042e-20 7.159978174575650554e-19 1.015036676907614657e-17 1.314430881822121698e-16 1.554945916420113022e-15 1.680558375531451622e-14 1.659572465783232043e-13 1.497585211021365123e-12 1.235075698768223909e-11 9.310281410959212808e-11 6.416042557642805260e-10 4.042812656270942290e-09 2.329694440043826237e-08 1.228039577664973410e-07 5.922938133500646679e-07 2.614591512417868928e-06 1.056727615414337486e-05 3.911920989665417127e-05 1.327057772417380630e-04 4.127655255842434408e-04 1.177921252276332596e-03 3.086515100143349087e-03 7.433059670860800612e-03 1.647046704592589408e-02 3.362641181621942033e-02 6.336074519743206679e-02 1.104125249987965851e-01 1.783906912769570308e-01 2.680590846994809207e-01 3.760498584627265384e-01 4.947938804353708697e-01 6.140045036806107692e-01 7.232733291848909563e-01 8.147173811521026821e-01 8.845875871870927387e-01 9.333297971310284824e-01 9.643749673175263659e-01 9.824282953843510580e-01 9.920133243244232402e-01 9.966595553342771918e-01 9.987158126047477325e-01 9.995466599366511495e-01 9.998531594360626773e-01 9.999563881466644322e-01 9.999881298821191589e-01 9.999970406949165724e-01 9.999993244910908574e-01 9.999998588677134759e-01 9.999999730198951831e-01 9.999999952818894311e-01 9.999999992454298159e-01 9.999999998896555997e-01 9.999999999852482446e-01 9.999999999981974419e-01 9.999999999997986055e-01 9.999999999999794609e-01 9.999999999999980016e-01 9.999999999999997780e-01 1.000000000000000000e+00 1.000000000000000000e+00 1.000000000000000000e+00 1.000000000000000000e+00 1.000000000000000000e+00 1.000000000000000000e+00 1.000000000000000000e+00 1.000000000000000000e+00 1.000000000000000000e+00 1.000000000000000000e+00 1.000000000000000000e+00
5.328600825687165608e-103 6.740556242200978478e-100 7.629381510787759534e-97 7.726758968517244950e-94 7.002020652624116073e-91 5.677682829101706442e-88 4.119499938405884453e-85 2.674530888921524418e-82 1.553763105050262354e-79 8.077195824137823367e-77 3.757334278960860514e-74 1.564038816926642826e-71 5.825980470013539930e-69 1.942003287283949517e-66 5.792903502438930994e-64 1.546373258764937918e-61 3.694117906987082070e-59 7.897554800136680705e-57 1.511010713365159023e-54 2.587280066459673856e-52 3.964869201537579797e-50 5.437920974394521793e-48 6.675214372620439927e-46 7.333920572897147172e-44 7.212020233735730349e-42 6.348034959200894971e-40 5.001451805489888085e-38 3.527288660307702059e-36 2.226839131380381877e-34 1.258506843056793930e-32 6.367346425352215686e-31 2.884139387800072828e-29 1.169631873785366509e-27 4.246972328918030509e-26 1.380800910919175667e-24 4.020040747719251637e-23 1.048109110555770022e-21 2.447321040993949325e-20 5.118218256282640970e-19 9.588016307326232613e-18 1.609028533541202772e-16 2.419198472315924262e-15 3.259157528344424582e-14 3.934821892652700763e-13 4.257924468898457161e-12 4.130475097726877773e-11 3.592671985074908560e-10 2.802522506392732940e-09 1.961135274846739496e-08 1.231467842905258371e-07 6.941392971021394529e-07 3.513616230077113372e-06 1.597912300148052257e-05 6.532613298708753310e-05 2.402411857752315485e-04 7.953965497733082304e-04 2.373109906842570203e-03 6.387990732946257147e-03 1.553654701798101723e-02 3.420342629596541395e-02 6.830964276862351581e-02 1.241105122828310980e-01 2.058621380961713487e-01 3.131132310187982326e-01 4.391096783238311874e-01 5.716557683422447411e-01 6.965170659325805591e-01 8.018443219131694555e-01 8.814061678612812312e-01 9.352230698098378259e-01 9.678202750932951570e-01 9.855004850345294720e-01 9.940873943547341440e-01 9.978218326029933971e-01 9.992761148330902010e-01 9.997832254819241093e-01 9.999415625356482540e-01 9.999858298279392654e-01 9.999969113220994466e-01 9.999993951568348916e-01 9.999998936392076043e-01 9.999999832113750653e-01 9.999999976220956821e-01 9.999999996978722328e-01 9.999999999655735383e-01 9.999999999964828135e-01 9.999999999996778133e-01 9.999999999999735767e-01 9.999999999999980016e-01 9.999999999999998890e-01 1.000000000000000000e+00 1.000000000000000000e+00 1.000000000000000000e+00 1.000000000000000000e+00 1.000000000000000000e+00 1.000000000000000000e+00 1.000000000000000000e+00 1.000000000000000000e+00 1.000000000000000000e+00 1.000000000000000000e+00
9.850773756737292667e-169 8.225255592836953478e-164 5.796100223209049439e-159 3.446932862611100315e-154 1.729989170604811814e-149 7.327754057346525476e-145 2.619502411523393092e-140 7.902978244578823739e-136 2.012290445859971442e-131 4.324366174892826894e-127 7.843147905691503412e-123 1.200601676761393841e-118 1.551146332253565748e-114 1.691440868322710749e-110 1.556740796058291402e-106 1.209307472625589115e-102 7.929100620059468777e-99 4.388176056743997886e-95 2.049857184770495184e-91 8.082571070278542184e-88 2.690104641796674969e-84 7.557712042816247141e-81 1.792343919296679000e-77 3.588153821321213853e-74 6.063856491521681906e-71 8.650974642578090313e-68 1.041910086590181299e-64 1.059390610600836909e-61 9.094003540948922589e-59 6.590837880070610500e-56 4.032989335257612244e-53 2.083675188964079251e-50 9.090050697982953561e-48 3.348529827456989585e-45 1.041629882840194681e-42 2.736312180166721086e-40 6.070637959181952744e-38 1.137483812878899196e-35 1.800223923731986658e-33 2.406629655572890052e-31 2.717863493903974035e-29 2.593101429424364672e-27 2.090387820876483362e-25 1.423955839947878453e-23 8.197488029612608165e-22 3.988764674208448411e-20 1.640724322390498286e-18 5.706205419009545022e-17 1.678259620918549686e-15 4.175115887607032884e-14 8.787958193835251923e-13 1.565480417679085964e-11 2.361017404329032033e-10 3.015925871178170669e-09 3.264544773811362151e-08 2.996099262083735101e-07 2.333047049781972173e-06 1.542735710874225215e-05 8.671828744369641415e-05 4.148964603952466591e-04 1.692309484111922122e-03 5.896864075356667879e-03 1.759979076744211737e-02 4.514660996151799444e-02 9.998253751221755636e-02 1.923007553120620050e-01 3.237466798802658974e-01 4.820356020165077471e-01 6.432489057835750756e-01 7.821157346937646082e-01 8.832831857581746604e-01 9.456167829908606048e-01 9.780981471993317466e-01 9.924123075895477930e-01 9.977469254162811829e-01 9.994281681094696612e-01 9.998762205069908759e-01 9.999771872000797757e-01 9.999964250377891828e-01 9.999995241658367062e-01 9.999999462538168293e-01 9.999999948520716941e-01 9.999999995821224896e-01 9.999999999712672061e-01 9.999999999983272270e-01 9.999999999999176215e-01 9.999999999999965583e-01 9.999999999999998890e-01 1.000000000000000000e+00 1.000000000000000000e+00 1.000000000000000000e+00 1.000000000000000000e+00 1.000000000000000000e+00 1.000000000000000000e+00 1.000000000000000000e+00 1.000000000000000000e+00 1.000000000000000000e+00 1.000000000000000000e+00 1.000000000000000000e+00 1.000000000000000000e+00
1.075918272994919788e-230 4.212249272953163889e-224 1.320796507152464234e-217 3.317016639703173579e-211 6.671941524301488341e-205 1.074862085905383195e-198 1.386923230818952056e-192 1.433357936435142196e-186 1.186487031438365201e-180 7.866493198864093127e-175 4.177467677610644180e-169 1.776899605146685971e-163 6.053894905445047459e-158 1.652089665693630664e-152 3.611302791499016415e-147 6.323111035136245410e-142 8.868285659933190385e-137 9.963138083545026087e-132 8.966154329476644545e-127 6.463625448868611779e-122 3.732611360263577671e-117 1.726724701572013936e-112 6.399038606175687240e-108 1.899746727421801962e-103 4.518295146628135475e-99 8.609155402593188210e-95 1.314205623819967274e-90 1.607286747759859525e-86 1.574932209239075941e-82 1.236462163167468158e-78 7.777914543381597991e-75 3.920331275242037174e-71 1.583341582965260235e-67 5.124304328203519090e-64 1.328988413229104987e-60 2.762183265905616509e-57 4.600971020512790506e-54 6.142353141931388272e-51 6.572536386702417136e-48 5.637300262153095214e-45 3.875957190726890443e-42 2.136432243132002279e-39 9.441430135099680329e-37 3.345530985993680268e-34 9.506388953225178327e-32 2.166402866891657156e-29 3.959970253522723745e-27 5.806797837104243736e-25 6.831953448787721455e-23 6.450563184801263208e-21 4.888635922929684781e-19 2.974553629164925404e-17 1.453528274801488961e-15 5.706064616489233459e-14 1.800239948034934492e-12 4.566722191396428018e-11 9.319615877424870090e-10 1.531081724470903788e-08 2.026544043884536696e-07 2.163229318902618786e-06 1.864558253550592230e-05 1.299738743202934080e-04 7.341996801488727105e-04 3.369643570037255537e-03 1.260849659385852341e-02 3.864219212758048666e-02 9.761402169611048396e-02 2.050067795652357472e-01 3.622420586873711379e-01 5.473327098868976393e-01 7.225128562831412138e-01 8.558186508547342974e-01 9.373765798794762016e-01 9.774925539538232844e-01 9.933551981158763589e-01 9.983972431475609532e-01 9.996854037300716422e-01 9.999498996354758695e-01 9.999935413933160877e-01 9.999993272091598495e-01 9.999999434462416570e-01 9.999999961682033423e-01 9.999999997909188032e-01 9.999999999908191217e-01 9.999999999996758149e-01 9.999999999999907851e-01 9.999999999999997780e-01 1.000000000000000000e+00 1.000000000000000000e+00 1.000000000000000000e+00 1.000000000000000000e+00 1.000000000000000000e+00 1.000000000000000000e+00 1.000000000000000000e+00 1.000000000000000000e+00 1.000000000000000000e+00 1.000000000000000000e+00 1.000000000000000000e+00 1.000000000000000000e+00 1.000000000000000000e+00
5.946080047699402159e-319 6.079405571145317808e-310 4.608566914251060108e-301 2.590276753168799248e-292 1.079455541466749977e-283 3.335374743955399973e-275 7.641328917583194384e-267 1.298018193861811411e-258 1.634871765607176894e-250 1.526796659685930777e-242 1.057248419679647323e-234 5.428441405803086619e-227 2.066710575003325893e-219 5.834382694554083747e-212 1.221308789119779643e-204 1.895728740764027378e-197 2.181986879499777688e-190 1.862338727515909187e-183 1.178695132190582093e-176 5.532056238697198624e-170 1.925397149373937124e-163 4.969462844504356569e-157 9.511765069996442419e-151 1.350152840745418369e-144 1.421290986165733225e-138 1.109608929034453476e-132 6.424701598355769495e-127 2.758937677660022434e-121 8.787134047205926130e-116 2.075775211130692583e-110 3.637082924005563745e-105 4.726927161669887615e-100 4.556920590543079913e-95 3.258712003218341634e-90 1.728696784453536283e-85 6.803113419693967506e-81 1.986240720792805964e-76 4.302414717795922408e-72 6.914674136487263127e-68 8.245845661478595255e-64 7.296760820149799657e-60 4.791666297934820487e-56 2.335273699565633301e-52 8.447351068800807822e-49 2.268170268050623399e-45 4.521146818165123063e-42 6.690988965064618200e-39 7.352887956055634747e-36 6.000895341926180285e-33 3.637791618144076187e-30 1.638349994868573700e-27 5.483000862672978029e-25 1.363901669534298971e-22 2.522487803747717549e-20 3.469814540654054283e-18 3.551332858175154536e-16 2.705793611014287646e-14 1.535566410010172056e-12 6.495605062584760005e-11 2.049858795173530809e-09 4.831139761923282536e-08 8.515046906909925254e-07 1.124328131555287246e-05 1.114691318731448499e-04 8.323062170344121399e-04 4.699555815546209783e-03 2.018074851508230155e-02 6.643570361198650187e-02 1.696071216152078842e-01 3.414300471726863795e-01 5.551137783323546460e-01 7.535638921219414144e-01 8.911940712594608183e-01 9.624668324323990554e-01 9.900230708149005965e-01 9.979758275856281946e-01 9.996886455550106909e-01 9.999638642296950763e-01 9.999968466358069019e-01 9.999997936365709883e-01 9.999999898922997676e-01 9.999999996300296123e-01 9.999999999898923075e-01 9.999999999997941647e-01 9.999999999999968914e-01 1.000000000000000000e+00 1.000000000000000000e+00 1.000000000000000000e+00 1.000000000000000000e+00 1.000000000000000000e+00 1.000000000000000000e+00 1.000000000000000000e+00 1.000000000000000000e+00 1.000000000000000000e+00 1.000000000000000000e+00 1.000000000000000000e+00 1.000000000000000000e+00 1.000000000000000000e+00 1.000000000000000000e+00 1.000000000000000000e+00
0.000000000000000000e+00 0.000000000000000000e+00 0.000000000000000000e+00 0.000000000000000000e+00 0.000000000000000000e+00 0.000000000000000000e+00 0.000000000000000000e+00 0.000000000000000000e+00 0.000000000000000000e+00 6.967511363911595265e-319 1.644530710236526125e-308 2.608349027448016089e-298 2.780053774544989889e-288 1.991172465023964004e-278 9.583792410350353803e-269 3.099871263486517262e-259 6.738028284458782169e-250 9.842612225603895467e-241 9.662334547311979607e-232 6.374615985155233521e-223 2.826394134759278045e-214 8.422189863308155133e-206 1.686701520741005496e-197 2.270283576653470195e-189 2.053803546350060186e-181 1.248772760430446242e-173 5.103440533599488553e-166 1.401870422168118941e-158 2.588383467057864640e-151 3.212453339821217033e-144 2.680062350581317147e-137 1.503024841836701246e-130 5.666501169484966499e-124 1.436173442852426760e-117 2.447139244480860679e-111 2.803422583103313248e-105 2.159316704616933674e-99 1.118313526088249284e-93 3.894518916345008497e-88 9.120378247244289438e-83 1.436378802763465771e-77 1.521435016260535740e-72 1.083928289681410328e-67 5.194557904956719721e-63 1.674711452069910647e-58 3.632638292738669088e-54 5.302104041942186389e-50 5.208085590541393317e-46 3.443336622436003893e-42 1.532601930494670845e-38 4.593205163201346992e-35 9.271291389043867505e-32 1.260723525762161884e-28 1.155291468115407106e-25 7.137008544628485148e-23 2.973613623366179755e-20 8.360357324840010894e-18 1.587132997611567285e-15 2.036048219869241330e-13 1.766722471880273238e-11 1.038201877893352641e-09 4.138124823540194202e-08 1.121020343925891863e-06 2.069579929245503848e-05 2.613387352501235451e-04 2.268844355979994509e-03 1.364207215918087843e-02 5.743066611265644494e-02 1.720743602809582107e-01 3.762724821089226124e-01 6.237819954004668599e-01 8.279622374915956984e-01 9.425858508228462940e-01 9.863629355800028753e-01 9.977321756232772065e-01 9.997388008303500495e-01 9.999793170300042000e-01 9.999988797719105982e-01 9.999999586516190586e-01 9.999999989627141872e-01 9.999999999823498964e-01 9.999999999997966071e-01 9.999999999999984457e-01 1.000000000000000000e+00 1.000000000000000000e+00 1.000000000000000000e+00 1.000000000000000000e+00 1.000000000000000000e+00 1.000000000000000000e+00 1.000000000000000000e+00 1.000000000000000000e+00 1.000000000000000000e+00 1.000000000000000000e+00 1.000000000000000000e+00 1.000000000000000000e+00 1.000000000000000000e+00 1.000000000000000000e+00 1.000000000000000000e+00 1.000000000000000000e+00 1.000000000000000000e+00
0.000000000000000000e+00 0.000000000000000000e+00 0.000000000000000000e+00 0.000000000000000000e+00 0.000000000000000000e+00 0.000000000000000000e+00 0.000000000000000000e+00 0.000000000000000000e+00 0.000000000000000000e+00 0.000000000000000000e+00 0.000000000000000000e+00 0.000000000000000000e+00 0.000000000000000000e+00 0.000000000000000000e+00 0.000000000000000000e+00 1.286284121415937160e-312 3.016661843967815189e-301 4.341935652642702376e-290 3.835421544287148390e-279 2.079323579910924060e-268 6.918580102447701646e-258 1.412878650084500760e-247 1.770896841872208637e-237 1.362354638697260632e-227 6.432860274483793382e-218 1.864421855281790209e-208 3.316806132179223015e-199 3.621948052090184991e-190 2.427849203013045995e-181 9.990115593564370951e-173 2.523489374642038801e-164 3.913167595801000896e-156 3.725343729041925995e-148 2.177365463709704230e-140 7.813414757503268429e-133 1.721527583615188090e-125 2.329009808086052626e-118 1.934797053545794080e-111 9.870313351209719367e-105 3.092323523616196212e-98 5.950138910641937171e-92 7.032184980315512713e-86 5.105176665230497402e-80 2.276821043130666358e-74 6.238635364755094166e-69 1.050372173188895893e-63 1.086791587520240318e-58 6.911346257588709698e-54 2.701872459201999412e-49 6.494348043795776243e-45 9.599966900760006858e-41 8.729252271459455442e-37 4.884105844162583804e-33 1.682067273657041435e-29 3.567210504466022336e-26 4.660711191004394266e-23 3.753774132089377113e-20 1.865034713829195146e-17 5.721264928422206505e-15 1.084836960634279299e-12 1.273260477370938848e-10 9.267162670145716737e-09 4.192854140645117018e-07 1.183157709503257261e-05 2.091955353288951097e-04 2.333083235200659848e-03 1.657605887835001540e-02 7.617889206360813070e-02 2.320020936928439415e-01 4.867232933123316063e-01 7.471977689236004583e-01 9.138233242533742029e-01 9.804752252432684667e-01 9.971332701748485405e-01 9.997315438560823164e-01 9.999841303890262267e-01 9.999994118785298092e-01 9.999999864012036888e-01 9.999999998044826199e-01 9.999999999982565058e-01 9.999999999999904521e-01 1.000000000000000000e+00 1.000000000000000000e+00 1.000000000000000000e+00 1.000000000000000000e+00 1.000000000000000000e+00 1.000000000000000000e+00 1.000000000000000000e+00 1.000000000000000000e+00 1.000000000000000000e+00 1.000000000000000000e+00 1.000000000000000000e+00 1.000000000000000000e+00 1.000000000000000000e+00 1.000000000000000000e+00 1.000000000000000000e+00 1.000000000000000000e+00 1.000000000000000000e+00 1.000000000000000000e+00 1.000000000000000000e+00
0.000000000000000000e+00 0.000000000000000000e+00 0.000000000000000000e+00 0.000000000000000000e+00 0.000000000000000000e+00 0.000000000000000000e+00 0.000000000000000000e+00 0.000000000000000000e+00 0.000000000000000000e+00 0.000000000000000000e+00 0.000000000000000000e+00 0.000000000000000000e+00 0.000000000000000000e+00 0.000000000000000000e+00 0.000000000000000000e+00 0.000000000000000000e+00 0.000000000000000000e+00 0.000000000000000000e+00 0.000000000000000000e+00 0.000000000000000000e+00 0.000000000000000000e+00 0.000000000000000000e+00 7.042382071882377766e-318 2.110352095691461383e-304 3.214854289305955554e-291 2.489708472944502272e-278 9.802272707187812186e-266 1.962036692543106203e-253 1.996647105362702773e-241 1.033051587603149030e-229 2.717583217450968826e-218 3.634950919302156917e-207 2.472208004285545383e-196 8.549868688722949084e-186 1.503628518097993481e-175 1.344772045355281168e-165 6.116542225655299610e-156 1.414935747149723452e-146 1.664820737584447717e-137 9.963856842285156709e-129 3.033534626969137326e-120 4.698590228889594550e-112 3.702737436217187774e-104 1.484769777644747637e-96 3.029880833134887986e-89 3.146861882928905823e-82 1.663712013224945361e-75 4.478143649362124441e-69 6.137879408950450282e-63 4.284815937876626779e-57 1.523866492569012064e-51 2.761770395799362847e-46 2.551529638386867370e-41 1.202151686955183622e-36 2.889816587934674792e-32 3.546362057624556526e-28 2.223320950737967700e-24 7.126960272203794321e-21 1.169399714931824016e-17 9.835201128846850964e-15 4.247704605175500663e-12 9.443420934998332999e-10 1.084306258382347395e-07 6.460460443764525156e-06 2.011206391241314386e-04 3.306013642774643848e-03 2.918247745344856869e-02 1.422836349600050121e-01 4.023440216114655965e-01 7.175391550317761213e-01 9.190001613694838145e-01 9.868315888057312968e-01 9.988328791241745108e-01 9.999448796506321679e-01 9.999986319846798644e-01 9.999999823147298628e-01 9.999999998816093694e-01 9.999999999995912159e-01 9.999999999999993339e-01 1.000000000000000000e+00 1.000000000000000000e+00 1.000000000000000000e+00 1.000000000000000000e+00 1.000000000000000000e+00 1.000000000000000000e+00 1.000000000000000000e+00 1.000000000000000000e+00 1.000000000000000000e+00 1.000000000000000000e+00 1.000000000000000000e+00 1.000000000000000000e+00 1.000000000000000000e+00 1.000000000000000000e+00 1.000000000000000000e+00 1.000000000000000000e+00 1.000000000000000000e+00 1.000000000000000000e+00 1.000000000000000000e+00 1.000000000000000000e+00 1.000000000000000000e+00
0.000000000000000000e+00 0.000000000000000000e+00 0.000000000000000000e+00 0.000000000000000000e+00 0.000000000000000000e+00 0.000000000000000000e+00 0.000000000000000000e+00 0.000000000000000000e+00 0.000000000000000000e+00 0.000000000000000000e+00 0.000000000000000000e+00 0.000000000000000000e+00 0.000000000000000000e+00 0.000000000000000000e+00 0.000000000000000000e+00 0.000000000000000000e+00 0.000000000000000000e+00 0.000000000000000000e+00 0.000000000000000000e+00 0.000000000000000000e+00 0.000000000000000000e+00 0.000000000000000000e+00 0.000000000000000000e+00 0.000000000000000000e+00 3.780451983596383007e-318 9.475908762147034843e-304 1.096619436066368334e-289 5.859507537716972141e-276 1.445603035639018176e-262 1.646771560266983223e-249 8.662210352114596591e-237 2.104025656987263946e-224 2.360029711131479483e-212 1.222493920367872971e-200 2.924549994578208521e-189 3.231295241344278969e-178 1.649011533381260428e-167 3.887109278897733303e-157 4.232675716170369314e-147 2.129220399554648291e-137 4.948564423513518693e-128 5.314107910405586322e-119 2.637048451676481999e-110 6.047721191481396497e-102 6.410719021285049285e-94 3.141417227445471279e-86 7.117367596338252990e-79 7.457084709890458037e-72 3.613829317663038215e-65 8.102564311211164574e-59 8.407339688518291091e-53 4.038522469392981317e-47 8.984368326911410429e-42 9.261060884373748405e-37 4.425801966832221628e-32 9.812656646792235920e-28 1.010235951200200763e-23 4.834776566549660076e-20 1.077101493075529489e-16 1.119076589584455070e-13 5.435654830028358854e-11 1.238510857411960935e-08 1.330116794262007320e-06 6.781167938293043848e-05 1.659236431501360381e-03 1.983568661012729759e-02 1.194534625233170250e-01 3.827400718493808029e-01 7.194265750256876313e-01 9.279332574702561232e-01 9.903581585634098072e-01 9.993577763713124007e-01 9.999792407942615924e-01 9.999996792648695454e-01 9.999999976537533586e-01 9.999999999919242377e-01 9.999999999999868994e-01 1.000000000000000000e+00 1.000000000000000000e+00 1.000000000000000000e+00 1.000000000000000000e+00 1.000000000000000000e+00 1.000000000000000000e+00 1.000000000000000000e+00 1.000000000000000000e+00 1.000000000000000000e+00 1.000000000000000000e+00 1.000000000000000000e+00 1.000000000000000000e+00 1.000000000000000000e+00 1.000000000000000000e+00 1.000000000000000000e+00 1.000000000000000000e+00 1.000000000000000000e+00 1.000000000000000000e+00 1.000000000000000000e+00 1.000000000000000000e+00 1.000000000000000000e+00 1.000000000000000000e+00 1.000000000000000000e+00
0.000000000000000000e+00 0.000000000000000000e+00 0.000000000000000000e+00 0.000000000000000000e+00 0.000000000000000000e+00 0.000000000000000000e+00 0.000000000000000000e+00 0.000000000000000000e+00 0.000000000000000000e+00 0.000000000000000000e+00 0.000000000000000000e+00 0.000000000000000000e+00 0.000000000000000000e+00 0.000000000000000000e+00 0.000000000000000000e+00 0.000000000000000000e+00 0.000000000000000000e+00 0.000000000000000000e+00 0.000000000000000000e+00 0.000000000000000000e+00 0.000000000000000000e+00 0.000000000000000000e+00 0.000000000000000000e+00 0.000000000000000000e+00 0.000000000000000000e+00 0.000000000000000000e+00 0.000000000000000000e+00 0.000000000000000000e+00 3.139219003828404355e-318 6.781831782736134393e-302 5.403522524293786037e-286 1.587921305963944381e-270 1.721163194829598229e-255 6.881401246892918031e-241 1.014883166729398953e-226 5.521591289834154360e-213 1.108277734191161744e-199 8.207273871919484564e-187 2.242580945022069928e-174 2.261167158502679534e-162 8.413817103874172765e-151 1.155512176324230224e-139 5.857707562930146285e-129 1.096249805692854256e-118 7.575032128793800517e-109 1.932972838884365582e-99 1.821868482747684771e-90 6.343873466315672400e-82 8.162996409108484827e-74 3.882685389088120947e-66 6.828967160045858764e-59 4.443234784375744330e-52 1.069995734928142482e-45 9.542595853289478461e-40 3.154101991538234382e-34 3.867336141593439856e-29 1.761101654089648003e-24 2.982981398270345752e-20 1.883118348718512095e-16 4.442632422062804641e-13 3.931696566970934392e-10 1.312428466004631154e-07 1.666224343413856031e-05 8.153031743289505502e-04 1.572702843352329072e-02 1.246224153664904771e-01 4.391634554606921315e-01 8.012249018208992268e-01 9.674884765011564358e-01 9.977738083619387410e-01 9.999393020003604082e-01 9.999993585499857840e-01 9.999999974130435731e-01 9.999999999960562658e-01 9.999999999999977796e-01 1.000000000000000000e+00 1.000000000000000000e+00 1.000000000000000000e+00 1.000000000000000000e+00 1.000000000000000000e+00 1.000000000000000000e+00 1.000000000000000000e+00 1.000000000000000000e+00 1.000000000000000000e+00 1.000000000000000000e+00 1.000000000000000000e+00 1.000000000000000000e+00 1.000000000000000000e+00 1.000000000000000000e+00 1.000000000000000000e+00 1.000000000000000000e+00 1.000000000000000000e+00 1.000000000000000000e+00 1.000000000000000000e+00 1.000000000000000000e+00 1.000000000000000000e+00 1.000000000000000000e+00 1.000000000000000000e+00 1.000000000000000000e+00 1.000000000000000000e+00
0.000000000000000000e+00 0.000000000000000000e+00 0.000000000000000000e+00 0.000000000000000000e+00 0.000000000000000000e+00 0.000000000000000000e+00 0.000000000000000000e+00 0.000000000000000000e+00 0.000000000000000000e+00 0.000000000000000000e+00 0.000000000000000000e+00 0.000000000000000000e+00 0.000000000000000000e+00 0.000000000000000000e+00 0.000000000000000000e+00 0.000000000000000000e+00 0.000000000000000000e+00 0.000000000000000000e+00 0.000000000000000000e+00 0.000000000000000000e+00 0.000000000000000000e+00 0.000000000000000000e+00 0.000000000000000000e+00 0.000000000000000000e+00 0.000000000000000000e+00 0.000000000000000000e+00 0.000000000000000000e+00 0.000000000000000000e+00 0.000000000000000000e+00 0.000000000000000000e+00 2.834948675837072670e-320 2.777501334404437310e-302 8.153192040620469567e-285 7.170553582224432748e-268 1.889534554164804421e-251 1.491977111399730482e-235 3.530250560568674380e-220 2.503335589056357786e-205 5.320355254943930620e-191 3.389318063872306726e-177 6.472636526418103752e-164 3.705954859823077039e-151 6.362511437715577166e-139 3.275925485386937944e-127 5.059332850191868378e-116 2.344197953049891116e-105 3.259406688506923829e-95 1.360328637096473630e-85 1.704699924099339873e-76 6.416725285799963570e-68 7.258285235302813430e-60 2.468555282755581326e-52 2.525945607503812481e-45 7.782663292993380305e-39 7.227623962558104298e-33 2.025758039012749492e-27 1.716470347772488791e-22 4.406757811680092535e-18 3.438582764390618609e-14 8.190834890445848232e-11 5.995152864786920514e-08 1.362144153764807332e-05 9.771440613883589088e-04 2.281407087494657579e-02 1.839160248979860579e-01 5.783733161305200099e-01 9.025138469651654560e-01 9.916735911408687265e-01 9.997607930767207218e-01 9.999977926251190086e-01 9.999999936148800117e-01 9.999999999942907891e-01 9.999999999999984457e-01 1.000000000000000000e+00 1.000000000000000000e+00 1.000000000000000000e+00 1.000000000000000000e+00 1.000000000000000000e+00 1.000000000000000000e+00 1.000000000000000000e+00 1.000000000000000000e+00 1.000000000000000000e+00 1.000000000000000000e+00 1.000000000000000000e+00 1.000000000000000000e+00 1.000000000000000000e+00 1.000000000000000000e+00 1.000000000000000000e+00 1.000000000000000000e+00 1.000000000000000000e+00 1.000000000000000000e+00 1.000000000000000000e+00 1.000000000000000000e+00 1.000000000000000000e+00 1.000000000000000000e+00 1.000000000000000000e+00 1.000000000000000000e+00 1.000000000000000000e+00 1.000000000000000000e+00 1.000000000000000000e+00
0.000000000000000000e+00 0.000000000000000000e+00 0.000000000000000000e+00 0.000000000000000000e+00 0.000000000000000000e+00 0.000000000000000000e+00 0.000000000000000000e+00 0.000000000000000000e+00 0.000000000000000000e+00 0.000000000000000000e+00 0.000000000000000000e+00 0.000000000000000000e+00 0.000000000000000000e+00 0.000000000000000000e+00 0.000000000000000000e+00 0.000000000000000000e+00 0.000000000000000000e+00 0.000000000000000000e+00 0.000000000000000000e+00 0.000000000000000000e+00 0.000000000000000000e+00 0.000000000000000000e+00 0.000000000000000000e+00 0.000000000000000000e+00 0.000000000000000000e+00 0.000000000000000000e+00 0.000000000000000000e+00 0.000000000000000000e+00 0.000000000000000000e+00 0.000000000000000000e+00 0.000000000000000000e+00 2.776947503378900360e-315 1.859324958876473382e-296 3.249104286897043935e-278 1.481907324202291521e-260 1.764244154145440086e-243 5.482909556318259307e-227 4.448529835413250013e-211 9.423616151638514208e-196 5.212690915109874105e-181 7.530142028570013765e-167 2.841198082149524413e-153 2.800434475113729259e-140 7.211952196704476513e-128 4.853702669150726729e-116 8.538656500212923780e-105 3.927550890366332569e-94 4.725093250625911161e-84 1.487377048932067497e-74 1.225608382140197001e-65 2.645092472059390121e-57 1.496165489903159065e-49 2.219874138383677379e-42 8.648484773304209118e-36 8.859204302762624600e-30 2.390293146430616030e-24 1.702656522111837428e-19 3.212393961371891236e-15 1.612767226958275033e-11 2.169570676261300501e-08 7.906946074313274823e-06 7.953449589632380487e-04 2.284847158592642757e-02 2.008033389850041872e-01 6.257703027078658220e-01 9.305764665308073891e-01 9.958488822589817158e-01 9.999273452224697323e-01 9.999996445794294697e-01 9.999999995256341201e-01 9.999999999998296918e-01 1.000000000000000000e+00 1.000000000000000000e+00 1.000000000000000000e+00 1.000000000000000000e+00 1.000000000000000000e+00 1.000000000000000000e+00 1.000000000000000000e+00 1.000000000000000000e+00 1.000000000000000000e+00 1.000000000000000000e+00 1.000000000000000000e+00 1.000000000000000000e+00 1.000000000000000000e+00 1.000000000000000000e+00 1.000000000000000000e+00 1.000000000000000000e+00 1.000000000000000000e+00 1.000000000000000000e+00 1.000000000000000000e+00 1.000000000000000000e+00 1.000000000000000000e+00 1.000000000000000000e+00 1.000000000000000000e+00 1.000000000000000000e+00 1.000000000000000000e+00 1.000000000000000000e+00 1.000000000000000000e+00 1.000000000000000000e+00 1.000000000000000000e+00
0.000000000000000000e+00 0.000000000000000000e+00 0.000000000000000000e+00 0.000000000000000000e+00 0.000000000000000000e+00 0.000000000000000000e+00 0.000000000000000000e+00 0.000000000000000000e+00 0.000000000000000000e+00 0.000000000000000000e+00 0.000000000000000000e+00 0.000000000000000000e+00 0.000000000000000000e+00 0.000000000000000000e+00 0.000000000000000000e+00 0.000000000000000000e+00 0.000000000000000000e+00 0.000000000000000000e+00 0.000000000000000000e+00 0.000000000000000000e+00 0.000000000000000000e+00 0.000000000000000000e+00 0.000000000000000000e+00 0.000000000000000000e+00 0.000000000000000000e+00 0.000000000000000000e+00 0.000000000000000000e+00 0.000000000000000000e+00 0.000000000000000000e+00 0.000000000000000000e+00 0.000000000000000000e+00 3.247658310413966175e-316 1.139517042580535340e-296 9.423829188035948637e-278 1.837053066272182591e-259 8.441870718148638653e-242 9.145705708895307883e-225 2.336149018822898889e-208 1.407139167300914467e-192 1.998854222003854403e-177 6.697213166057619331e-163 5.293533589998823673e-149 9.872228270950200688e-136 4.345040202013992775e-123 4.514262040120498012e-111 1.107430671436619192e-99 6.416921898612463577e-89 8.785920637882096050e-79 2.843813358356706858e-69 2.177275462198281740e-60 3.945699577036086153e-52 1.693967182352916260e-44 1.724746634738190641e-37 4.170493615983963576e-31 2.399289455004316161e-25 3.292131211612206495e-20 1.081068669927888130e-15 8.537899115550146612e-12 1.633827551162576271e-08 7.666597186471283372e-06 9.004624203626698971e-04 2.751563832256721104e-02 2.369893402650470882e-01 6.867248967217606248e-01 9.544091449818330464e-01 9.980848253471827913e-01 9.999788381485710254e-01 9.999999411470408273e-01 9.999999999597415368e-01 9.999999999999933387e-01 1.000000000000000000e+00 1.000000000000000000e+00 1.000000000000000000e+00 1.000000000000000000e+00 1.000000000000000000e+00 1.000000000000000000e+00 1.000000000000000000e+00 1.000000000000000000e+00 1.000000000000000000e+00 1.000000000000000000e+00 1.000000000000000000e+00 1.000000000000000000e+00 1.000000000000000000e+00 1.000000000000000000e+00 1.000000000000000000e+00 1.000000000000000000e+00 1.000000000000000000e+00 1.000000000000000000e+00 1.000000000000000000e+00 1.000000000000000000e+00 1.000000000000000000e+00 1.000000000000000000e+00 1.000000000000000000e+00 1.000000000000000000e+00 1.000000000000000000e+00 1.000000000000000000e+00 1.000000000000000000e+00 1.000000000000000000e+00 1.000000000000000000e+00 1.000000000000000000e+00
0.000000000000000000e+00 0.000000000000000000e+00 0.000000000000000000e+00 0.000000000000000000e+00 0.000000000000000000e+00 0.000000000000000000e+00 0.000000000000000000e+00 0.000000000000000000e+00 0.000000000000000000e+00 0.000000000000000000e+00 0.000000000000000000e+00 0.000000000000000000e+00 0.000000000000000000e+00 0.000000000000000000e+00 0.000000000000000000e+00 0.000000000000000000e+00 0.000000000000000000e+00 0.000000000000000000e+00 0.000000000000000000e+00 0.000000000000000000e+00 0.000000000000000000e+00 0.000000000000000000e+00 0.000000000000000000e+00 0.000000000000000000e+00 0.000000000000000000e+00 0.000000000000000000e+00 0.000000000000000000e+00 0.000000000000000000e+00 0.000000000000000000e+00 0.000000000000000000e+00 0.000000000000000000e+00 0.000000000000000000e+00 0.000000000000000000e+00 0.000000000000000000e+00 0.000000000000000000e+00 9.881312916824930884e-324 4.801369935843124871e-300 3.436556462091083148e-277 3.014553855900465130e-255 3.241350509239114249e-234 4.272704676078610494e-214 6.906121544748670156e-195 1.369028594621967823e-176 3.329237150677656925e-159 9.934715358597756858e-143 3.639073986618363638e-127 1.636908562587750174e-112 9.046143403555857166e-99 6.145526852206766806e-86 5.135931689946148653e-74 5.284779257025905656e-63 6.702959771902852649e-53 1.049455223649750334e-43 2.032097798623409168e-35 4.878987632230386253e-28 1.457781993262999832e-21 5.449215515883151323e-16 2.569193503520261252e-11 1.548495706877039741e-07 1.222161743777911477e-04 1.325694622173333864e-02 2.208938877425231928e-01 7.518254124768964930e-01 9.834004968036970107e-01 9.998276045431085945e-01 9.999997528528293822e-01 9.999999999535076345e-01 9.999999999999988898e-01 1.000000000000000000e+00 1.000000000000000000e+00 1.000000000000000000e+00 1.000000000000000000e+00 1.000000000000000000e+00 1.000000000000000000e+00 1.000000000000000000e+00 1.000000000000000000e+00 1.000000000000000000e+00 1.000000000000000000e+00 1.000000000000000000e+00 1.000000000000000000e+00 1.000000000000000000e+00 1.000000000000000000e+00 1.000000000000000000e+00 1.000000000000000000e+00 1.000000000000000000e+00 1.000000000000000000e+00 1.000000000000000000e+00 1.000000000000000000e+00 1.000000000000000000e+00 1.000000000000000000e+00 1.000000000000000000e+00 1.000000000000000000e+00 1.000000000000000000e+00 1.000000000000000000e+00 1.000000000000000000e+00 1.000000000000000000e+00 1.000000000000000000e+00 1.000000000000000000e+00 1.000000000000000000e+00 1.000000000000000000e+00
0.000000000000000000e+00 0.000000000000000000e+00 0.000000000000000000e+00 0.000000000000000000e+00 0.000000000000000000e+00 0.000000000000000000e+00 0.000000000000000000e+00 0.000000000000000000e+00 0.000000000000000000e+00 0.000000000000000000e+00 0.000000000000000000e+00 0.000000000000000000e+00 0.000000000000000000e+00 0.000000000000000000e+00 0.000000000000000000e+00 0.000000000000000000e+00 0.000000000000000000e+00 0.000000000000000000e+00 0.000000000000000000e+00 0.000000000000000000e+00 0.000000000000000000e+00 0.000000000000000000e+00 0.000000000000000000e+00 0.000000000000000000e+00 0.000000000000000000e+00 0.000000000000000000e+00 0.000000000000000000e+00 0.000000000000000000e+00 0.000000000000000000e+00 0.000000000000000000e+00 0.000000000000000000e+00 0.000000000000000000e+00 0.000000000000000000e+00 0.000000000000000000e+00 0.000000000000000000e+00 0.000000000000000000e+00 0.000000000000000000e+00 8.200889476591704658e-308 2.683945231469521341e-282 6.796971277959799993e-258 1.332196240487107125e-234 2.021278216887616788e-212 2.374641575590235641e-191 2.160783063838400344e-171 1.523402860226140491e-152 8.325035582529593006e-135 3.528073491111896957e-118 1.160184321148100138e-102 2.962584768883373588e-88 5.879817869511125773e-75 9.080450370743745847e-63 1.092824259431458510e-51 1.026959982785208488e-41 7.556000888394810095e-33 4.369449425698868597e-25 1.997145382467668506e-18 7.278904064242050989e-13 2.146877039665723887e-08 5.265756323630912180e-05 1.137242469497555010e-02 2.490828973283863990e-01 8.219797991137707260e-01 9.941862340544375121e-01 9.999813474275707215e-01 9.999999947941122791e-01 9.999999999998798739e-01 1.000000000000000000e+00 1.000000000000000000e+00 1.000000000000000000e+00 1.000000000000000000e+00 1.000000000000000000e+00 1.000000000000000000e+00 1.000000000000000000e+00 1.000000000000000000e+00 1.000000000000000000e+00 1.000000000000000000e+00 1.000000000000000000e+00 1.000000000000000000e+00 1.000000000000000000e+00 1.000000000000000000e+00 1.000000000000000000e+00 1.000000000000000000e+00 1.000000000000000000e+00 1.000000000000000000e+00 1.000000000000000000e+00 1.000000000000000000e+00 1.000000000000000000e+00 1.000000000000000000e+00 1.000000000000000000e+00 1.000000000000000000e+00 1.000000000000000000e+00 1.000000000000000000e+00 1.000000000000000000e+00 1.000000000000000000e+00 1.000000000000000000e+00 1.000000000000000000e+00 1.000000000000000000e+00 1.000000000000000000e+00 1.000000000000000000e+00 1.000000000000000000e+00
0.000000000000000000e+00 0.000000000000000000e+00 0.000000000000000000e+00 0.000000000000000000e+00 0.000000000000000000e+00 0.000000000000000000e+00 0.000000000000000000e+00 0.000000000000000000e+00 0.000000000000000000e+00 0.000000000000000000e+00 0.000000000000000000e+00 0.000000000000000000e+00 0.000000000000000000e+00 0.000000000000000000e+00 0.000000000000000000e+00 0.000000000000000000e+00 0.000000000000000000e+00 0.000000000000000000e+00 0.000000000000000000e+00 0.000000000000000000e+00 0.000000000000000000e+00 0.000000000000000000e+00 0.000000000000000000e+00 0.000000000000000000e+00 0.000000000000000000e+00 0.000000000000000000e+00 0.000000000000000000e+00 0.000000000000000000e+00 0.000000000000000000e+00 0.000000000000000000e+00 0.000000000000000000e+00 0.000000000000000000e+00 0.000000000000000000e+00 0.000000000000000000e+00 0.000000000000000000e+00 0.000000000000000000e+00 0.000000000000000000e+00 0.000000000000000000e+00 1.712312695807553705e-301 4.340869346170233555e-274 5.331461165063935856e-248 3.173238314311309143e-223 9.155363878544162451e-200 1.280906826849144478e-177 8.693801241038750649e-157 2.863978120310354942e-137 4.582071306113697031e-119 3.562965481030179019e-102 1.347801522252959670e-86 2.483263174743118019e-72 2.231901803740376828e-59 9.805719341008755225e-48 2.111864605037381869e-37 2.238647091959573899e-28 1.175021570041363385e-20 3.082937781471347827e-14 4.109297294752291162e-09 2.869229914528874961e-05 1.122349690209344455e-02 2.938677731685983563e-01 8.846343121133277698e-01 9.983540298383338785e-01 9.999985633276753383e-01 9.999999999319832966e-01 9.999999999999997780e-01 1.000000000000000000e+00 1.000000000000000000e+00 1.000000000000000000e+00 1.000000000000000000e+00 1.000000000000000000e+00 1.000000000000000000e+00 1.000000000000000000e+00 1.000000000000000000e+00 1.000000000000000000e+00 1.000000000000000000e+00 1.000000000000000000e+00 1.000000000000000000e+00 1.000000000000000000e+00 1.000000000000000000e+00 1.000000000000000000e+00 1.000000000000000000e+00 1.000000000000000000e+00 1.000000000000000000e+00 1.000000000000000000e+00 1.000000000000000000e+00 1.000000000000000000e+00 1.000000000000000000e+00 1.000000000000000000e+00 1.000000000000000000e+00 1.000000000000000000e+00 1.000000000000000000e+00 1.000000000000000000e+00 1.000000000000000000e+00 1.000000000000000000e+00 1.000000000000000000e+00 1.000000000000000000e+00 1.000000000000000000e+00 1.000000000000000000e+00 1.000000000000000000e+00 1.000000000000000000e+00
0.000000000000000000e+00 0.000000000000000000e+00 0.000000000000000000e+00 0.000000000000000000e+00 0.000000000000000000e+00 0.000000000000000000e+00 0.000000000000000000e+00 0.000000000000000000e+00 0.000000000000000000e+00 0.000000000000000000e+00 0.000000000000000000e+00 0.000000000000000000e+00 0.000000000000000000e+00 0.000000000000000000e+00 0.000000000000000000e+00 0.000000000000000000e+00 0.000000000000000000e+00 0.000000000000000000e+00 0.000000000000000000e+00 0.000000000000000000e+00 0.000000000000000000e+00 0.000000000000000000e+00 0.000000000000000000e+00 0.000000000000000000e+00 0.000000000000000000e+00 0.000000000000000000e+00 0.000000000000000000e+00 0.000000000000000000e+00 0.000000000000000000e+00 0.000000000000000000e+00 0.000000000000000000e+00 0.000000000000000000e+00 0.000000000000000000e+00 0.000000000000000000e+00 0.000000000000000000e+00 0.000000000000000000e+00 0.000000000000000000e+00 0.000000000000000000e+00 0.000000000000000000e+00 3.923077614712493937e-299 3.207412235765579310e-269 6.792020834670958832e-241 3.726594654724986026e-214 5.299995855082211327e-189 1.954820351325844221e-165 1.870986645051773506e-143 4.650427533557953084e-123 3.004560793001654296e-104 5.051891510880317280e-87 2.214046934072946355e-71 2.534423479082834744e-57 7.599190235564260265e-45 5.992578097200192134e-34 1.250404929525054548e-24 6.970323648847657148e-17 1.055341351958238548e-10 4.479567331547445476e-06 5.724320737495699682e-03 2.687771720359659056e-01 9.024549217470263507e-01 9.993313437637865171e-01 9.999998472586497655e-01 9.999999999989835908e-01 1.000000000000000000e+00 1.000000000000000000e+00 1.000000000000000000e+00 1.000000000000000000e+00 1.000000000000000000e+00 1.000000000000000000e+00 1.000000000000000000e+00 1.000000000000000000e+00 1.000000000000000000e+00 1.000000000000000000e+00 1.000000000000000000e+00 1.000000000000000000e+00 1.000000000000000000e+00 1.000000000000000000e+00 1.000000000000000000e+00 1.000000000000000000e+00 1.000000000000000000e+00 1.000000000000000000e+00 1.000000000000000000e+00 1.000000000000000000e+00 1.000000000000000000e+00 1.000000000000000000e+00 1.000000000000000000e+00 1.000000000000000000e+00 1.000000000000000000e+00 1.000000000000000000e+00 1.000000000000000000e+00 1.000000000000000000e+00 1.000000000000000000e+00 1.000000000000000000e+00 1.000000000000000000e+00 1.000000000000000000e+00 1.000000000000000000e+00 1.000000000000000000e+00 1.000000000000000000e+00 1.000000000000000000e+00 1.000000000000000000e+00
0.000000000000000000e+00 0.000000000000000000e+00 0.000000000000000000e+00 0.000000000000000000e+00 0.000000000000000000e+00 0.000000000000000000e+00 0.000000000000000000e+00 0.000000000000000000e+00 0.000000000000000000e+00 0.000000000000000000e+00 0.000000000000000000e+00 0.000000000000000000e+00 0.000000000000000000e+00 0.000000000000000000e+00 0.000000000000000000e+00 0.000000000000000000e+00 0.000000000000000000e+00 0.000000000000000000e+00 0.000000000000000000e+00 0.000000000000000000e+00 0.000000000000000000e+00 0.000000000000000000e+00 0.000000000000000000e+00 0.000000000000000000e+00 0.000000000000000000e+00 0.000000000000000000e+00 0.000000000000000000e+00 0.000000000000000000e+00 0.000000000000000000e+00 0.000000000000000000e+00 0.000000000000000000e+00 0.000000000000000000e+00 0.000000000000000000e+00 0.000000000000000000e+00 0.000000000000000000e+00 0.000000000000000000e+00 0.000000000000000000e+00 0.000000000000000000e+00 0.000000000000000000e+00 6.233091391796705811e-306 9.411136511804144271e-274 2.250764404621464239e-243 8.529982819976474419e-215 5.125231427812789214e-188 4.885283115970244779e-163 7.392676607582412883e-140 1.777688220121705559e-118 6.800934824116230708e-99 4.145847526311147396e-81 4.035398492074746797e-65 6.289557165346834786e-51 1.576055291808345806e-38 6.388025412982041368e-28 4.228394443626527686e-19 4.647077549556338998e-12 8.754597037720203052e-07 3.039994894732747817e-03 2.398954958492880152e-01 9.082669682671473677e-01 9.996199855325766936e-01 9.999999673695925129e-01 9.999999999999498179e-01 1.000000000000000000e+00 1.000000000000000000e+00 1.000000000000000000e+00 1.000000000000000000e+00 1.000000000000000000e+00 1.000000000000000000e+00 1.000000000000000000e+00 1.000000000000000000e+00 1.000000000000000000e+00 1.000000000000000000e+00 1.000000000000000000e+00 1.000000000000000000e+00 1.000000000000000000e+00 1.000000000000000000e+00 1.000000000000000000e+00 1.000000000000000000e+00 1.000000000000000000e+00 1.000000000000000000e+00 1.000000000000000000e+00 1.000000000000000000e+00 1.000000000000000000e+00 1.000000000000000000e+00 1.000000000000000000e+00 1.000000000000000000e+00 1.000000000000000000e+00 1.000000000000000000e+00 1.000000000000000000e+00 1.000000000000000000e+00 1.000000000000000000e+00 1.000000000000000000e+00 1.000000000000000000e+00 1.000000000000000000e+00 1.000000000000000000e+00 1.000000000000000000e+00 1.000000000000000000e+00 1.000000000000000000e+00 1.000000000000000000e+00 1.000000000000000000e+00
0.000000000000000000e+00 0.000000000000000000e+00 0.000000000000000000e+00 0.000000000000000000e+00 0.000000000000000000e+00 0.000000000000000000e+00 0.000000000000000000e+00 0.000000000000000000e+00 0.000000000000000000e+00 0.000000000000000000e+00 0.000000000000000000e+00 0.000000000000000000e+00 0.000000000000000000e+00 0.000000000000000000e+00 0.000000000000000000e+00 0.000000000000000000e+00 0.000000000000000000e+00 0.000000000000000000e+00 0.000000000000000000e+00 0.000000000000000000e+00 0.000000000000000000e+00 0.000000000000000000e+00 0.000000000000000000e+00 0.000000000000000000e+00 0.000000000000000000e+00 0.000000000000000000e+00 0.000000000000000000e+00 0.000000000000000000e+00 0.000000000000000000e+00 0.000000000000000000e+00 0.000000000000000000e+00 0.000000000000000000e+00 0.000000000000000000e+00 0.000000000000000000e+00 0.000000000000000000e+00 0.000000000000000000e+00 0.000000000000000000e+00 0.000000000000000000e+00 0.000000000000000000e+00 0.000000000000000000e+00 7.106265914546767055e-295 9.209628023993574846e-261 9.230935340738143492e-229 7.159819999010268632e-199 4.300488164061183299e-171 2.002047406344243255e-145 7.231951954650205114e-122 2.029955736898800793e-100 4.436040261210163103e-81 7.566774372844291044e-64 1.011173985283852852e-48 1.064369810601172394e-35 8.899917843832569364e-25 5.996601695782194781e-16 3.344100067278138788e-09 1.636834256360945915e-04 8.277078623425880577e-02 7.936857617422954370e-01 9.987577648579796241e-01 9.999999157825049112e-01 9.999999999999484857e-01 1.000000000000000000e+00 1.000000000000000000e+00 1.000000000000000000e+00 1.000000000000000000e+00 1.000000000000000000e+00 1.000000000000000000e+00 1.000000000000000000e+00 1.000000000000000000e+00 1.000000000000000000e+00 1.000000000000000000e+00 1.000000000000000000e+00 1.000000000000000000e+00 1.000000000000000000e+00 1.000000000000000000e+00 1.000000000000000000e+00 1.000000000000000000e+00 1.000000000000000000e+00 1.000000000000000000e+00 1.000000000000000000e+00 1.000000000000000000e+00 1.000000000000000000e+00 1.000000000000000000e+00 1.000000000000000000e+00 1.000000000000000000e+00 1.000000000000000000e+00 1.000000000000000000e+00 1.000000000000000000e+00 1.000000000000000000e+00 1.000000000000000000e+00 1.000000000000000000e+00 1.000000000000000000e+00 1.000000000000000000e+00 1.000000000000000000e+00 1.000000000000000000e+00 1.000000000000000000e+00 1.000000000000000000e+00 1.000000000000000000e+00 1.000000000000000000e+00 1.000000000000000000e+00
0.000000000000000000e+00 0.000000000000000000e+00 0.000000000000000000e+00 0.000000000000000000e+00 0.000000000000000000e+00 0.000000000000000000e+00 0.000000000000000000e+00 0.000000000000000000e+00 0.000000000000000000e+00 0.000000000000000000e+00 0.000000000000000000e+00 0.000000000000000000e+00 0.000000000000000000e+00 0.000000000000000000e+00 0.000000000000000000e+00 0.000000000000000000e+00 0.000000000000000000e+00 0.000000000000000000e+00 0.000000000000000000e+00 0.000000000000000000e+00 0.000000000000000000e+00 0.000000000000000000e+00 0.000000000000000000e+00 0.000000000000000000e+00 0.000000000000000000e+00 0.000000000000000000e+00 0.000000000000000000e+00 0.000000000000000000e+00 0.000000000000000000e+00 0.000000000000000000e+00 0.000000000000000000e+00 0.000000000000000000e+00 0.000000000000000000e+00 0.000000000000000000e+00 0.000000000000000000e+00 0.000000000000000000e+00 0.000000000000000000e+00 0.000000000000000000e+00 0.000000000000000000e+00 0.000000000000000000e+00 9.006257065192140782e-308 7.337239629730154346e-271 2.529070761747549486e-236 3.690724145348067923e-204 2.282097179360347536e-174 5.985060574230655451e-147 6.666210408864288709e-122 3.158678886341260725e-99 6.381823385640161894e-79 5.515495359174323088e-61 2.048502144766965804e-45 3.292855375641625879e-32 2.317491117493041468e-21 7.291302791499515030e-13 1.070415446939349874e-06 8.177255200324830969e-03 4.752181741246406244e-01 9.885946079340932613e-01 9.999980377073947047e-01 9.999999999982256416e-01 1.000000000000000000e+00 1.000000000000000000e+00 1.000000000000000000e+00 1.000000000000000000e+00 1.000000000000000000e+00 1.000000000000000000e+00 1.000000000000000000e+00 1.000000000000000000e+00 1.000000000000000000e+00 1.000000000000000000e+00 1.000000000000000000e+00 1.000000000000000000e+00 1.000000000000000000e+00 1.000000000000000000e+00 1.000000000000000000e+00 1.000000000000000000e+00 1.000000000000000000e+00 1.000000000000000000e+00 1.000000000000000000e+00 1.000000000000000000e+00 1.000000000000000000e+00 1.000000000000000000e+00 1.000000000000000000e+00 1.000000000000000000e+00 1.000000000000000000e+00 1.000000000000000000e+00 1.000000000000000000e+00 1.000000000000000000e+00 1.000000000000000000e+00 1.000000000000000000e+00 1.000000000000000000e+00 1.000000000000000000e+00 1.000000000000000000e+00 1.000000000000000000e+00 1.000000000000000000e+00 1.000000000000000000e+00 1.000000000000000000e+00 1.000000000000000000e+00 1.000000000000000000e+00 1.000000000000000000e+00
0.000000000000000000e+00 0.000000000000000000e+00 0.000000000000000000e+00 0.000000000000000000e+00 0.000000000000000000e+00 0.000000000000000000e+00 0.000000000000000000e+00 0.000000000000000000e+00 0.000000000000000000e+00 0.000000000000000000e+00 0.000000000000000000e+00 0.000000000000000000e+00 0.000000000000000000e+00 0.000000000000000000e+00 0.000000000000000000e+00 0.000000000000000000e+00 0.000000000000000000e+00 0.000000000000000000e+00 0.000000000000000000e+00 0.000000000000000000e+00 0.000000000000000000e+00 0.000000000000000000e+00 0.000000000000000000e+00 0.000000000000000000e+00 0.000000000000000000e+00 0.000000000000000000e+00 0.000000000000000000e+00 0.000000000000000000e+00 0.000000000000000000e+00 0.000000000000000000e+00 0.000000000000000000e+00 0.000000000000000000e+00 0.000000000000000000e+00 0.000000000000000000e+00 0.000000000000000000e+00 0.000000000000000000e+00 0.000000000000000000e+00 0.000000000000000000e+00 0.000000000000000000e+00 0.000000000000000000e+00 0.000000000000000000e+00 2.025339437028498320e-309 1.223387647042783795e-268 9.283250896746748646e-231 8.857215653953594989e-196 1.063781972738552360e-163 1.610686254601614859e-134 3.080554669221403185e-108 7.462416313898686835e-85 2.298415085626110944e-64 9.052195422804500040e-47 4.600141233393454380e-32 3.063323176235029729e-20 2.753899082599026529e-11 3.579078362296732487e-05 8.296301078254315897e-02 8.849574111888368622e-01 9.999233594657410684e-01 9.999999999062505474e-01 1.000000000000000000e+00 1.000000000000000000e+00 1.000000000000000000e+00 1.000000000000000000e+00 1.000000000000000000e+00 1.000000000000000000e+00 1.000000000000000000e+00 1.000000000000000000e+00 1.000000000000000000e+00 1.000000000000000000e+00 1.000000000000000000e+00 1.000000000000000000e+00 1.000000000000000000e+00 1.000000000000000000e+00 1.000000000000000000e+00 1.000000000000000000e+00 1.000000000000000000e+00 1.000000000000000000e+00 1.000000000000000000e+00 1.000000000000000000e+00 1.000000000000000000e+00 1.000000000000000000e+00 1.000000000000000000e+00 1.000000000000000000e+00 1.000000000000000000e+00 1.000000000000000000e+00 1.000000000000000000e+00 1.000000000000000000e+00 1.000000000000000000e+00 1.000000000000000000e+00 1.000000000000000000e+00 1.000000000000000000e+00 1.000000000000000000e+00 1.000000000000000000e+00 1.000000000000000000e+00 1.000000000000000000e+00 1.000000000000000000e+00 1.000000000000000000e+00 1.000000000000000000e+00 1.000000000000000000e+00 1.000000000000000000e+00
0.000000000000000000e+00 0.000000000000000000e+00 0.000000000000000000e+00 0.000000000000000000e+00 0.000000000000000000e+00 0.000000000000000000e+00 0.000000000000000000e+00 0.000000000000000000e+00 0.000000000000000000e+00 0.000000000000000000e+00 0.000000000000000000e+00 0.000000000000000000e+00 0.000000000000000000e+00 0.000000000000000000e+00 0.000000000000000000e+00 0.000000000000000000e+00 0.000000000000000000e+00 0.000000000000000000e+00 0.000000000000000000e+00 0.000000000000000000e+00 0.000000000000000000e+00 0.000000000000000000e+00 0.000000000000000000e+00 0.000000000000000000e+00 0.000000000000000000e+00 0.000000000000000000e+00 0.000000000000000000e+00 0.000000000000000000e+00 0.000000000000000000e+00 0.000000000000000000e+00 0.000000000000000000e+00 0.000000000000000000e+00 0.000000000000000000e+00 0.000000000000000000e+00 0.000000000000000000e+00 0.000000000000000000e+00 0.000000000000000000e+00 0.000000000000000000e+00 0.000000000000000000e+00 0.000000000000000000e+00 0.000000000000000000e+00 0.000000000000000000e+00 1.006216734749921839e-288 1.051247186062038424e-246 5.166030077632620956e-208 1.195647323927333995e-172 1.305482082748599491e-140 6.739683510464993860e-112 1.650327614601123507e-86 1.925458436969185573e-64 1.077800892541407962e-45 2.927512660368412080e-30 3.937847186789374154e-18 2.736232796848756023e-09 1.096132218649775031e-03 3.845287205424382515e-01 9.933503496124648224e-01 9.999999218218385000e-01 9.999999999999994449e-01 1.000000000000000000e+00 1.000000000000000000e+00 1.000000000000000000e+00 1.000000000000000000e+00 1.000000000000000000e+00 1.000000000000000000e+00 1.000000000000000000e+00 1.000000000000000000e+00 1.000000000000000000e+00 1.000000000000000000e+00 1.000000000000000000e+00 1.000000000000000000e+00 1.000000000000000000e+00 1.000000000000000000e+00 1.000000000000000000e+00 1.000000000000000000e+00 1.000000000000000000e+00 1.000000000000000000e+00 1.000000000000000000e+00 1.000000000000000000e+00 1.000000000000000000e+00 1.000000000000000000e+00 1.000000000000000000e+00 1.000000000000000000e+00 1.000000000000000000e+00 1.000000000000000000e+00 1.000000000000000000e+00 1.000000000000000000e+00 1.000000000000000000e+00 1.000000000000000000e+00 1.000000000000000000e+00 1.000000000000000000e+00 1.000000000000000000e+00 1.000000000000000000e+00 1.000000000000000000e+00 1.000000000000000000e+00 1.000000000000000000e+00 1.000000000000000000e+00 1.000000000000000000e+00 1.000000000000000000e+00 1.000000000000000000e+00
0.000000000000000000e+00 0.000000000000000000e+00 0.000000000000000000e+00 0.000000000000000000e+00 0.000000000000000000e+00 0.000000000000000000e+00 0.000000000000000000e+00 0.000000000000000000e+00 0.000000000000000000e+00 0.000000000000000000e+00 0.000000000000000000e+00 0.000000000000000000e+00 0.000000000000000000e+00 0.000000000000000000e+00 0.000000000000000000e+00 0.000000000000000000e+00 0.000000000000000000e+00 0.000000000000000000e+00 0.000000000000000000e+00 0.000000000000000000e+00 0.000000000000000000e+00 0.000000000000000000e+00 0.000000000000000000e+00 0.000000000000000000e+00 0.000000000000000000e+00 0.000000000000000000e+00 0.000000000000000000e+00 0.000000000000000000e+00 0.000000000000000000e+00 0.000000000000000000e+00 0.000000000000000000e+00 0.000000000000000000e+00 0.000000000000000000e+00 0.000000000000000000e+00 0.000000000000000000e+00 0.000000000000000000e+00 0.000000000000000000e+00 0.000000000000000000e+00 0.000000000000000000e+00 0.000000000000000000e+00 0.000000000000000000e+00 0.000000000000000000e+00 1.002953261057730485e-321 1.506197131464904680e-273 2.645168808821129034e-229 5.437237822352206731e-189 1.310595168249346373e-152 3.713896887817988615e-120 1.241716649075904487e-91 4.924353137608947980e-67 2.335670477452102571e-46 1.343706354208609799e-29 9.628668320607508177e-17 9.123393724813288022e-08 1.368803837085122779e-02 7.893417186772166971e-01 9.999317405939482928e-01 9.999999999955928587e-01 1.000000000000000000e+00 1.000000000000000000e+00 1.000000000000000000e+00 1.000000000000000000e+00 1.000000000000000000e+00 1.000000000000000000e+00 1.000000000000000000e+00 1.000000000000000000e+00 1.000000000000000000e+00 1.000000000000000000e+00 1.000000000000000000e+00 1.000000000000000000e+00 1.000000000000000000e+00 1.000000000000000000e+00 1.000000000000000000e+00 1.000000000000000000e+00 1.000000000000000000e+00 1.000000000000000000e+00 1.000000000000000000e+00 1.000000000000000000e+00 1.000000000000000000e+00 1.000000000000000000e+00 1.000000000000000000e+00 1.000000000000000000e+00 1.000000000000000000e+00 1.000000000000000000e+00 1.000000000000000000e+00 1.000000000000000000e+00 1.000000000000000000e+00 1.000000000000000000e+00 1.000000000000000000e+00 1.000000000000000000e+00 1.000000000000000000e+00 1.000000000000000000e+00 1.000000000000000000e+00 1.000000000000000000e+00 1.000000000000000000e+00 1.000000000000000000e+00 1.000000000000000000e+00 1.000000000000000000e+00 1.000000000000000000e+00 1.000000000000000000e+00
0.000000000000000000e+00 0.000000000000000000e+00 0.000000000000000000e+00 0.000000000000000000e+00 0.000000000000000000e+00 0.000000000000000000e+00 0.000000000000000000e+00 0.000000000000000000e+00 0.000000000000000000e+00 0.000000000000000000e+00 0.000000000000000000e+00 0.000000000000000000e+00 0.000000000000000000e+00 0.000000000000000000e+00 0.000000000000000000e+00 0.000000000000000000e+00 0.000000000000000000e+00 0.000000000000000000e+00 0.000000000000000000e+00 0.000000000000000000e+00 0.000000000000000000e+00 0.000000000000000000e+00 0.000000000000000000e+00 0.000000000000000000e+00 0.000000000000000000e+00 0.000000000000000000e+00 0.000000000000000000e+00 0.000000000000000000e+00 0.000000000000000000e+00 0.000000000000000000e+00 0.000000000000000000e+00 0.000000000000000000e+00 0.000000000000000000e+00 0.000000000000000000e+00 0.000000000000000000e+00 0.000000000000000000e+00 0.000000000000000000e+00 0.000000000000000000e+00 0.000000000000000000e+00 0.000000000000000000e+00 0.000000000000000000e+00 0.000000000000000000e+00 0.000000000000000000e+00 0.000000000000000000e+00 1.045884541481785663e-275 1.143556741653745376e-225 1.123250052039418551e-180 9.939864425337712451e-141 7.956947530526237443e-106 5.797591035068176903e-76 3.883067611400127236e-51 2.432564425144661739e-31 1.475770422003989743e-16 9.452053798937437413e-07 8.781881865858284786e-02 9.801174570148094567e-01 9.999999770717357128e-01 1.000000000000000000e+00 1.000000000000000000e+00 1.000000000000000000e+00 1.000000000000000000e+00 1.000000000000000000e+00 1.000000000000000000e+00 1.000000000000000000e+00 1.000000000000000000e+00 1.000000000000000000e+00 1.000000000000000000e+00 1.000000000000000000e+00 1.000000000000000000e+00 1.000000000000000000e+00 1.000000000000000000e+00 1.000000000000000000e+00 1.000000000000000000e+00 1.000000000000000000e+00 1.000000000000000000e+00 1.000000000000000000e+00 1.000000000000000000e+00 1.000000000000000000e+00 1.000000000000000000e+00 1.000000000000000000e+00 1.000000000000000000e+00 1.000000000000000000e+00 1.000000000000000000e+00 1.000000000000000000e+00 1.000000000000000000e+00 1.000000000000000000e+00 1.000000000000000000e+00 1.000000000000000000e+00 1.000000000000000000e+00 1.000000000000000000e+00 1.000000000000000000e+00 1.000000000000000000e+00 1.000000000000000000e+00 1.000000000000000000e+00 1.000000000000000000e+00 1.000000000000000000e+00 1.000000000000000000e+00 1.000000000000000000e+00 1.000000000000000000e+00 1.000000000000000000e+00
