9.053268780000000016e-01
1.024443967999999927e+00
1.149961276000000199e+00
1.283459652000000117e+00
1.429422337999999959e+00
1.589060120000000076e+00
1.759765273999999824e+00
1.942978413999999932e+00
2.142219479999999621e+00
2.360192299999999577e+00
2.604127960000000019e+00
2.869650440000000025e+00
3.175099320000000169e+00
3.523915799999999710e+00
3.921160099999999371e+00
4.374741580000000241e+00
4.899025779999999664e+00
5.507067160000000072e+00
6.207940980000000053e+00
6.997523639999999823e+00
7.887176379999999654e+00
8.864696680000001550e+00
9.901580319999998991e+00
1.094840023999999978e+01
1.196731842000000157e+01
1.288988488000000032e+01
1.367015708000000096e+01
1.428285351999999975e+01
1.472448612000000168e+01
1.501699252000000051e+01
1.519551600000000136e+01
