1.590400499999999884e-02
2.036036499999999833e-02
2.598684700000000042e-02
3.319029200000000318e-02
4.274765199999999710e-02
5.556213200000000019e-02
7.248001599999999434e-02
9.498768800000000068e-02
1.254497960000000023e-01
1.670631150000000120e-01
2.253848119999999899e-01
3.046453800000000212e-01
4.179141820000000229e-01
5.773288699999999940e-01
7.973585600000000495e-01
1.094847539999999952e+00
1.491486791999999895e+00
2.008079379999999858e+00
2.659915820000000153e+00
3.445844220000000124e+00
4.377152439999999700e+00
5.439280600000000021e+00
6.597213759999999816e+00
7.789759440000000090e+00
8.967426379999999142e+00
1.004467853999999960e+01
1.096227812000000057e+01
1.168629926000000019e+01
1.220989566000000082e+01
1.255746717999999973e+01
1.276990327999999941e+01
