1.983887466374572454e-138 4.488981921803322480e-133 7.937631345197844509e-128 1.096865938872750559e-122 1.184523026258704509e-117 9.996985700753285752e-113 6.593849966465819430e-108 3.399091792542866824e-103 1.369464028008406105e-98 4.312340466835171974e-94 1.061357469082980460e-89 2.041780009895189332e-85 3.070210724364184630e-81 3.608724833407626144e-77 3.315745748016949928e-73 2.381591850308352230e-69 1.337304521356239411e-65 5.870700543662316883e-62 2.014965956748736714e-58 5.407383476310791593e-55 1.134681609759550486e-51 1.861900516559472709e-48 2.389271990995003345e-45 2.397925305002209338e-42 1.882368316731736620e-39 1.155885000239335885e-36 5.552809295702547646e-34 2.087140382465022143e-31 6.138899899215349200e-29 1.413176198960588008e-26 2.546506913543061282e-24 3.592715247924072386e-22 3.969442389038850225e-20 3.435418907258471517e-18 2.329736032559662528e-16 1.238416162023009196e-14 5.162303160827639855e-13 1.688326721292090671e-11 4.334796857438420926e-10 8.743788714536652938e-09 1.386887380926095080e-07 1.731731047014909840e-06 1.704632692552051859e-05 1.325184206056058531e-04 8.155198886444275843e-04 3.985193455103846691e-03 1.552835474518553423e-02 4.852073100246259013e-02 1.225380074101402594e-01 2.528921379365128841e-01 4.331186004533097988e-01 6.287469470803875859e-01 7.954597353078816102e-01 9.069973374403799138e-01 9.655797782473356516e-01 9.897329217719599281e-01 9.975491071687299094e-01 9.995341772555187410e-01 9.999297739913919347e-01 9.999916260602561557e-01 9.999992118984314393e-01 9.999999415570819394e-01 9.999999965895607357e-01 9.999999998435542548e-01 9.999999999943632867e-01 9.999999999998405720e-01 9.999999999999964473e-01 1.000000000000000000e+00 1.000000000000000000e+00 1.000000000000000000e+00 1.000000000000000000e+00 1.000000000000000000e+00 1.000000000000000000e+00 1.000000000000000000e+00 1.000000000000000000e+00 1.000000000000000000e+00 1.000000000000000000e+00 1.000000000000000000e+00 1.000000000000000000e+00 1.000000000000000000e+00 1.000000000000000000e+00 1.000000000000000000e+00 1.000000000000000000e+00 1.000000000000000000e+00 1.000000000000000000e+00 1.000000000000000000e+00 1.000000000000000000e+00 1.000000000000000000e+00 1.000000000000000000e+00 1.000000000000000000e+00 1.000000000000000000e+00 1.000000000000000000e+00 1.000000000000000000e+00 1.000000000000000000e+00 1.000000000000000000e+00 1.000000000000000000e+00 1.000000000000000000e+00 1.000000000000000000e+00 1.000000000000000000e+00 1.000000000000000000e+00
2.193278311663125721e-138 4.939419607900573925e-133 8.693973385411265347e-128 1.195991820201932168e-122 1.285918376173963086e-117 1.080642787838321795e-112 7.098119363698309608e-108 3.644233799855483939e-103 1.462449979681479209e-98 4.587524903088151478e-94 1.124889907633625734e-89 2.156195706482828749e-85 3.230920282116410850e-81 3.784762142234123599e-77 3.466097221277880772e-73 2.481701123700644974e-69 1.389258298891865576e-65 6.080804995422085298e-62 2.081158860693049665e-58 5.569791819480555318e-55 1.165703172137852312e-51 1.908009307714561912e-48 2.442572921267246671e-45 2.445813793510013082e-42 1.915781549296913844e-39 1.173971318724509981e-36 5.628658629138365231e-34 2.111742207448137248e-31 6.200470546471537997e-29 1.425026727740452391e-26 2.563963629904779284e-24 3.612249738110347912e-22 3.985841825349620239e-20 3.445509088673063798e-18 2.334054745866187483e-16 1.239506895694098897e-14 5.162393836097239180e-13 1.687083389431830857e-11 4.328806615302269045e-10 8.727004201204175465e-09 1.383627638049894811e-07 1.727097953306428184e-06 1.699696057141966869e-05 1.321190044578526119e-04 8.130472060443608368e-04 3.973422990785512553e-03 1.548512755686269789e-02 4.839795995159248271e-02 1.222678754136133916e-01 2.524310559605385529e-01 4.325074421282710802e-01 6.281173532045517538e-01 7.949553218022125112e-01 9.066828755018074837e-01 9.654271623218911857e-01 9.896752390827275869e-01 9.975321230384417426e-01 9.995302804268499930e-01 9.999290771225930463e-01 9.999915289085556935e-01 9.999992013378897759e-01 9.999999406618702569e-01 9.999999965303734140e-01 9.999999998405018076e-01 9.999999999942404960e-01 9.999999999998367972e-01 9.999999999999964473e-01 1.000000000000000000e+00 1.000000000000000000e+00 1.000000000000000000e+00 1.000000000000000000e+00 1.000000000000000000e+00 1.000000000000000000e+00 1.000000000000000000e+00 1.000000000000000000e+00 1.000000000000000000e+00 1.000000000000000000e+00 1.000000000000000000e+00 1.000000000000000000e+00 1.000000000000000000e+00 1.000000000000000000e+00 1.000000000000000000e+00 1.000000000000000000e+00 1.000000000000000000e+00 1.000000000000000000e+00 1.000000000000000000e+00 1.000000000000000000e+00 1.000000000000000000e+00 1.000000000000000000e+00 1.000000000000000000e+00 1.000000000000000000e+00 1.000000000000000000e+00 1.000000000000000000e+00 1.000000000000000000e+00 1.000000000000000000e+00 1.000000000000000000e+00 1.000000000000000000e+00 1.000000000000000000e+00 1.000000000000000000e+00 1.000000000000000000e+00
2.653362393284900129e-138 5.922353713620719358e-133 1.033339897757069198e-127 1.409452501617197051e-122 1.502878430558599060e-117 1.252770990433070954e-112 8.163995747857070702e-108 4.159359943466017387e-103 1.656734630038056711e-98 5.159324811962513323e-94 1.256197158210169741e-89 2.391443654896717319e-85 3.559698707828932852e-81 4.143157445193200674e-77 3.770771818317288046e-73 2.683653649032146213e-69 1.493613612551316067e-65 6.501078409181052134e-62 2.213040703798433737e-58 5.892149232253395130e-55 1.227055219119533604e-51 1.998889113888768002e-48 2.547290926958097721e-45 2.539615017417612991e-42 1.981046330379176213e-39 1.209207734600086120e-36 5.776086958941577442e-34 2.159462447165968528e-31 6.319691243257258195e-29 1.447941901226832955e-26 2.597689826311752363e-24 3.649982846089209119e-22 4.017546931070573821e-20 3.465071892999623215e-18 2.342490339778289820e-16 1.241690720127445268e-14 5.163009490909363569e-13 1.684864403053413263e-11 4.317796547547449763e-10 8.695874901760819773e-09 1.377556351138627272e-07 1.718447700953324101e-06 1.690463988306303264e-05 1.313711192642185365e-04 8.084123096800813809e-04 3.951337943034372892e-03 1.540393890367305202e-02 4.816713257089681732e-02 1.217594206118164657e-01 2.515621353178238984e-01 4.313541794807234098e-01 6.269275943327469180e-01 7.940006282547933392e-01 9.060866896326965625e-01 9.651372883039552875e-01 9.895654619349555370e-01 9.974997316743825504e-01 9.995228317306228405e-01 9.999277418576956178e-01 9.999913422794149964e-01 9.999991809958876932e-01 9.999999389325398003e-01 9.999999964156922605e-01 9.999999998345685537e-01 9.999999999940010209e-01 9.999999999998292477e-01 9.999999999999962252e-01 1.000000000000000000e+00 1.000000000000000000e+00 1.000000000000000000e+00 1.000000000000000000e+00 1.000000000000000000e+00 1.000000000000000000e+00 1.000000000000000000e+00 1.000000000000000000e+00 1.000000000000000000e+00 1.000000000000000000e+00 1.000000000000000000e+00 1.000000000000000000e+00 1.000000000000000000e+00 1.000000000000000000e+00 1.000000000000000000e+00 1.000000000000000000e+00 1.000000000000000000e+00 1.000000000000000000e+00 1.000000000000000000e+00 1.000000000000000000e+00 1.000000000000000000e+00 1.000000000000000000e+00 1.000000000000000000e+00 1.000000000000000000e+00 1.000000000000000000e+00 1.000000000000000000e+00 1.000000000000000000e+00 1.000000000000000000e+00 1.000000000000000000e+00 1.000000000000000000e+00 1.000000000000000000e+00 1.000000000000000000e+00 1.000000000000000000e+00
3.936441156413052162e-138 8.625976673435751401e-133 1.478257102382864398e-127 1.981235725276626827e-122 2.076703864470830077e-117 1.702446603971541586e-112 1.091545248331749872e-107 5.473797207230385318e-103 2.146962347460283923e-98 6.586575464445270189e-94 1.580541729752412630e-89 2.966714090013574727e-85 4.355942859252959980e-81 5.003106628612243092e-77 4.495354481063408491e-73 3.159886547421601347e-69 1.737723068153948962e-65 7.476716435349099724e-62 2.517004602379735488e-58 6.630149491988065002e-55 1.366641194530042037e-51 2.204477796985735976e-48 2.782966444303010884e-45 2.749764031834120519e-42 2.126698698225016558e-39 1.287602039179655236e-36 6.103366007823521088e-34 2.265279351346791254e-31 6.584120377104444434e-29 1.498870432478550714e-26 2.672984484447804595e-24 3.734918535494027048e-22 4.089942720823908497e-20 3.510904677880349956e-18 2.363303000519704342e-16 1.247882768741564641e-14 5.170892977574831385e-13 1.682336371749315383e-11 4.300090547859426411e-10 8.641271666433201000e-09 1.366478910957416648e-07 1.702306443974430477e-06 1.672983972710080720e-05 1.299402957421646641e-04 7.994743554305223585e-04 3.908473687386446356e-03 1.524549117488863820e-02 4.771442380565536767e-02 1.207576408000540086e-01 2.498426258240988851e-01 4.290621396562956380e-01 6.245528175116551450e-01 7.920867041449068946e-01 9.048861224988473673e-01 9.645508518408343335e-01 9.893423073787241950e-01 9.974335572239267922e-01 9.995075348859561171e-01 9.999249847779814182e-01 9.999909547301180091e-01 9.999991385029529667e-01 9.999999352976568501e-01 9.999999961730807740e-01 9.999999998219317732e-01 9.999999999934872097e-01 9.999999999998128164e-01 9.999999999999957812e-01 1.000000000000000000e+00 1.000000000000000000e+00 1.000000000000000000e+00 1.000000000000000000e+00 1.000000000000000000e+00 1.000000000000000000e+00 1.000000000000000000e+00 1.000000000000000000e+00 1.000000000000000000e+00 1.000000000000000000e+00 1.000000000000000000e+00 1.000000000000000000e+00 1.000000000000000000e+00 1.000000000000000000e+00 1.000000000000000000e+00 1.000000000000000000e+00 1.000000000000000000e+00 1.000000000000000000e+00 1.000000000000000000e+00 1.000000000000000000e+00 1.000000000000000000e+00 1.000000000000000000e+00 1.000000000000000000e+00 1.000000000000000000e+00 1.000000000000000000e+00 1.000000000000000000e+00 1.000000000000000000e+00 1.000000000000000000e+00 1.000000000000000000e+00 1.000000000000000000e+00 1.000000000000000000e+00 1.000000000000000000e+00 1.000000000000000000e+00
1.333959080375934735e-137 2.763121774884970786e-132 4.481866804611174807e-127 5.692808234851251588e-122 5.662531064417476798e-117 4.410819834907262423e-112 2.690676623153850671e-107 1.285424388594621253e-102 4.809328384388146385e-98 1.409243119698300343e-93 3.234167510994578422e-89 5.813350954124914205e-85 8.184483976025368612e-81 9.025496540648842036e-77 7.796171729422010085e-73 5.275199556402568938e-69 2.796157991237603533e-65 1.161099698976222261e-61 3.777319591035921501e-58 9.627815064267704987e-55 1.922769013935131405e-51 3.008914978736779231e-48 3.689835591630379288e-45 3.546112267279878745e-42 2.671062369828840320e-39 1.577043091632408576e-36 7.299242516162554152e-34 2.648738124846831263e-31 7.536783340345133401e-29 1.681841986010779034e-26 2.943823758785425780e-24 4.042516163565725812e-22 4.356157499704033869e-20 3.684519854749425997e-18 2.446897529154025499e-16 1.276329147090549843e-14 5.231229203797598368e-13 1.685604009713199901e-11 4.272460721460941635e-10 8.524846317901890011e-09 1.340193620904041641e-07 1.661884605378970248e-06 1.627759032904124519e-05 1.261553572248623760e-04 7.754367824204922268e-04 3.791653840365399094e-03 1.480872152834094777e-02 4.645357828936560324e-02 1.179402246778272489e-01 2.449602505120437590e-01 4.224913829067975524e-01 6.176777287143448980e-01 7.864891916063998512e-01 9.013374371922451278e-01 9.627980124835369136e-01 9.886674327082292102e-01 9.972309375416668065e-01 9.994600820070407288e-01 9.999163133639623613e-01 9.999897180120529416e-01 9.999990008143413434e-01 9.999999233287770739e-01 9.999999953606073522e-01 9.999999997788564521e-01 9.999999999917033033e-01 9.999999999997551958e-01 9.999999999999943379e-01 9.999999999999998890e-01 1.000000000000000000e+00 1.000000000000000000e+00 1.000000000000000000e+00 1.000000000000000000e+00 1.000000000000000000e+00 1.000000000000000000e+00 1.000000000000000000e+00 1.000000000000000000e+00 1.000000000000000000e+00 1.000000000000000000e+00 1.000000000000000000e+00 1.000000000000000000e+00 1.000000000000000000e+00 1.000000000000000000e+00 1.000000000000000000e+00 1.000000000000000000e+00 1.000000000000000000e+00 1.000000000000000000e+00 1.000000000000000000e+00 1.000000000000000000e+00 1.000000000000000000e+00 1.000000000000000000e+00 1.000000000000000000e+00 1.000000000000000000e+00 1.000000000000000000e+00 1.000000000000000000e+00 1.000000000000000000e+00 1.000000000000000000e+00 1.000000000000000000e+00 1.000000000000000000e+00 1.000000000000000000e+00 1.000000000000000000e+00
7.339861472997445677e-136 1.270553901468943130e-130 1.729251176721294489e-125 1.850504147734726669e-120 1.557029141790456764e-115 1.030116413416851174e-110 5.358799296780427347e-106 2.192045736934880145e-101 7.050868613855553414e-97 1.783434560145310356e-92 3.547355390844981734e-88 5.548779264701080364e-84 6.825722181363306460e-80 6.603472627137521544e-76 5.024398777618820119e-72 3.006770938252746979e-68 1.415269261672724583e-64 5.239861414925603980e-61 1.526032408832396139e-57 3.496182617145946996e-54 6.301387641538963444e-51 8.935478423489219386e-48 9.969411333690442773e-45 8.752357110791130402e-42 6.046745201596704615e-39 3.287765782984363327e-36 1.407047698829815652e-33 4.740205686176200667e-31 1.257256888576683490e-28 2.625758884861683445e-26 4.318808353861192356e-24 5.595462130293856554e-22 5.711733959667794503e-20 4.594855492620749600e-18 2.913919063536022265e-16 1.457258648867579703e-14 5.749474028861808848e-13 1.790458577825809574e-11 4.403517313003593948e-10 8.559387225405820284e-09 1.316044503639824019e-07 1.602326576162397123e-06 1.546931647348251168e-05 1.186256064415057334e-04 7.241687083558199329e-04 3.529601573010533819e-03 1.378905399258253603e-02 4.340836639708795658e-02 1.109234717534370446e-01 2.324416700804573799e-01 4.051545860698710921e-01 5.990059809007719505e-01 7.708282542227175016e-01 8.910963268300065021e-01 9.575721697525254594e-01 9.865850603324002321e-01 9.965825822531845235e-01 9.993022700673546144e-01 9.998862714782512651e-01 9.999852435678613372e-01 9.999984792350187224e-01 9.999998757294925600e-01 9.999999919589048769e-01 9.999999995884352177e-01 9.999999999833519837e-01 9.999999999994682032e-01 9.999999999999865663e-01 9.999999999999997780e-01 1.000000000000000000e+00 1.000000000000000000e+00 1.000000000000000000e+00 1.000000000000000000e+00 1.000000000000000000e+00 1.000000000000000000e+00 1.000000000000000000e+00 1.000000000000000000e+00 1.000000000000000000e+00 1.000000000000000000e+00 1.000000000000000000e+00 1.000000000000000000e+00 1.000000000000000000e+00 1.000000000000000000e+00 1.000000000000000000e+00 1.000000000000000000e+00 1.000000000000000000e+00 1.000000000000000000e+00 1.000000000000000000e+00 1.000000000000000000e+00 1.000000000000000000e+00 1.000000000000000000e+00 1.000000000000000000e+00 1.000000000000000000e+00 1.000000000000000000e+00 1.000000000000000000e+00 1.000000000000000000e+00 1.000000000000000000e+00 1.000000000000000000e+00 1.000000000000000000e+00 1.000000000000000000e+00 1.000000000000000000e+00
6.961325930042197052e-130 6.626378448129273349e-125 5.024970900117841654e-120 3.035785159280850510e-115 1.461154865274882551e-110 5.602956417249065878e-106 1.711758899253540288e-101 4.166596489838984790e-97 8.080599088167468417e-93 1.248646180100907795e-88 1.537376138609665927e-84 1.508265516342568380e-80 1.179085505221638384e-76 7.345080044676731759e-73 3.646250430660336264e-69 1.442485268363238203e-65 4.547877524060283676e-62 1.142766915353155541e-58 2.288646894805922739e-55 3.653379118778999168e-52 4.648685706166605021e-49 4.715330748075648236e-46 3.813031408038016147e-43 2.458315358002531036e-40 1.263717487646838925e-37 5.180214431343764757e-35 1.693462228080438344e-32 4.415534319919605038e-30 9.183897187264474283e-28 1.523947077781084435e-25 2.017824261639667878e-23 2.132301788250460735e-21 1.798700552357362731e-19 1.211493008874010583e-17 6.517164213572519716e-16 2.801021915483188226e-14 9.621970059282267095e-13 2.643028766285034363e-11 5.808579438223394924e-10 1.022014965190611075e-08 1.440841413625807814e-07 1.629224754859087086e-06 1.479427611848954094e-05 1.080537870637623667e-04 6.360625582426010808e-04 3.025660316326227693e-03 1.167131162318528655e-02 3.668097121936444993e-02 9.453002104792450344e-02 2.015332132892204142e-01 3.598163469776688994e-01 5.470683098192437033e-01 7.242337782885475139e-01 8.582910516265380707e-01 9.394148953406784575e-01 9.786732937765392215e-01 9.938652255245582490e-01 9.985658143458537861e-01 9.997286161839935570e-01 9.999585604011407280e-01 9.999949055614973936e-01 9.999994966731293733e-01 9.999999600912850006e-01 9.999999974633277944e-01 9.999999998708635207e-01 9.999999999947386531e-01 9.999999999998285816e-01 9.999999999999955591e-01 9.999999999999998890e-01 1.000000000000000000e+00 1.000000000000000000e+00 1.000000000000000000e+00 1.000000000000000000e+00 1.000000000000000000e+00 1.000000000000000000e+00 1.000000000000000000e+00 1.000000000000000000e+00 1.000000000000000000e+00 1.000000000000000000e+00 1.000000000000000000e+00 1.000000000000000000e+00 1.000000000000000000e+00 1.000000000000000000e+00 1.000000000000000000e+00 1.000000000000000000e+00 1.000000000000000000e+00 1.000000000000000000e+00 1.000000000000000000e+00 1.000000000000000000e+00 1.000000000000000000e+00 1.000000000000000000e+00 1.000000000000000000e+00 1.000000000000000000e+00 1.000000000000000000e+00 1.000000000000000000e+00 1.000000000000000000e+00 1.000000000000000000e+00 1.000000000000000000e+00 1.000000000000000000e+00 1.000000000000000000e+00
3.670189237133914829e-111 5.687534062384986706e-107 7.299520241029120494e-103 7.759007418334851349e-99 6.830724474372712664e-95 4.980624253384945173e-91 3.007913553365165264e-87 1.504596909576078521e-83 6.233866348069163832e-80 2.139376451649015743e-76 6.081629038328379619e-73 1.432078999059951560e-69 2.793447649561801502e-66 4.513918330814514995e-63 6.042554161416433516e-60 6.701257507250031103e-57 6.157116888706673769e-54 4.687072042952397894e-51 2.956298752062236299e-48 1.545035597826770230e-45 6.691062031788877008e-43 2.401281460863582440e-40 7.141837712512964766e-38 1.760459151700105747e-35 3.596865877888111859e-33 6.091743560303318880e-31 8.553007190285365031e-29 9.956376442201738314e-27 9.610361957708390406e-25 7.692916911179134449e-23 5.107628460848008508e-21 2.813177017324955442e-19 1.285602889898678142e-17 4.875767377118230788e-16 1.535019705210561468e-14 4.012779385493695378e-13 8.713309491397173674e-12 1.572168145094952650e-10 2.358280943490346805e-09 2.942486170779036156e-08 3.055950779382700614e-07 2.643896673875729476e-06 1.907402863845512325e-05 1.148890772708726065e-04 5.786692281679470728e-04 2.442076802699903130e-03 8.657200921594688028e-03 2.586653516704844058e-02 6.542809537385585461e-02 1.409367876793076457e-01 2.605970255052580953e-01 4.180471975307613053e-01 5.900689654984354604e-01 7.461222133856411087e-01 8.636685207530208075e-01 9.371850687132889934e-01 9.753610283142055692e-01 9.918202080310107860e-01 9.977116347384862305e-01 9.994623032011353825e-01 9.998941525431581656e-01 9.999825778196087533e-01 9.999976059441142429e-01 9.999997256891797193e-01 9.999999738182184794e-01 9.999999979200482336e-01 9.999999998625588304e-01 9.999999999924499283e-01 9.999999999996553868e-01 9.999999999999868994e-01 9.999999999999995559e-01 1.000000000000000000e+00 1.000000000000000000e+00 1.000000000000000000e+00 1.000000000000000000e+00 1.000000000000000000e+00 1.000000000000000000e+00 1.000000000000000000e+00 1.000000000000000000e+00 1.000000000000000000e+00 1.000000000000000000e+00 1.000000000000000000e+00 1.000000000000000000e+00 1.000000000000000000e+00 1.000000000000000000e+00 1.000000000000000000e+00 1.000000000000000000e+00 1.000000000000000000e+00 1.000000000000000000e+00 1.000000000000000000e+00 1.000000000000000000e+00 1.000000000000000000e+00 1.000000000000000000e+00 1.000000000000000000e+00 1.000000000000000000e+00 1.000000000000000000e+00 1.000000000000000000e+00 1.000000000000000000e+00 1.000000000000000000e+00 1.000000000000000000e+00
6.166306289342693564e-73 2.691864531095554829e-70 1.047644901808142285e-67 3.635079289357463602e-65 1.124498797259891163e-62 3.101389083174901856e-60 7.626282891081714136e-58 1.672001515138014629e-55 3.268403834461152694e-53 5.696639921400273122e-51 8.853095392261171215e-49 1.226802837760642140e-46 1.515892066383373705e-44 1.670271420055538445e-42 1.641131159211739045e-40 1.437970982875467127e-38 1.123625696326040088e-36 7.830205040835697155e-35 4.866547668442298963e-33 2.697633833012445495e-31 1.333762454421469834e-29 5.882046039380739722e-28 2.313958893067501800e-26 8.120543361926238006e-25 2.542401104637444049e-23 7.101703436322367141e-22 1.770000728651291408e-20 3.936526557987292150e-19 7.813075593415018743e-18 1.384027417190976560e-16 2.188421808662069265e-15 3.089134403950254987e-14 3.893360452965713955e-13 4.381926173184866754e-12 4.404920595246405589e-11 3.955803093319224895e-10 3.174379335612726581e-09 2.276827537544689803e-08 1.460114249091639248e-07 8.375094205872617069e-07 4.298598453066989312e-06 1.975240916877174716e-05 8.130783070535544136e-05 3.000394158270031932e-04 9.934290180528477284e-04 2.954392539223936465e-03 7.901978356417670157e-03 1.903860241281762553e-02 4.140285730676737663e-02 8.147104132393266640e-02 1.455170941999862078e-01 2.368516469347257958e-01 3.530579832287767950e-01 4.849680076813643326e-01 6.185598010961785853e-01 7.392677351324861146e-01 8.365750193527958789e-01 9.065603792395369176e-01 9.514679495773312734e-01 9.771766437118962756e-01 9.903072740018267206e-01 9.962904620181571858e-01 9.987227619030341064e-01 9.996048954183147650e-01 9.998903119354778379e-01 9.999726964956456854e-01 9.999939107820065010e-01 9.999987840514157345e-01 9.999997827052109489e-01 9.999999652648803306e-01 9.999999950351368128e-01 9.999999993656603081e-01 9.999999999275748230e-01 9.999999999926123539e-01 9.999999999993269828e-01 9.999999999999451550e-01 9.999999999999960032e-01 9.999999999999997780e-01 1.000000000000000000e+00 1.000000000000000000e+00 1.000000000000000000e+00 1.000000000000000000e+00 1.000000000000000000e+00 1.000000000000000000e+00 1.000000000000000000e+00 1.000000000000000000e+00 1.000000000000000000e+00 1.000000000000000000e+00 1.000000000000000000e+00 1.000000000000000000e+00 1.000000000000000000e+00 1.000000000000000000e+00 1.000000000000000000e+00 1.000000000000000000e+00 1.000000000000000000e+00 1.000000000000000000e+00 1.000000000000000000e+00 1.000000000000000000e+00 1.000000000000000000e+00 1.000000000000000000e+00
1.920787865127178520e-42 5.481395030622685484e-41 1.471949506875950727e-39 3.719547792190336690e-38 8.844807753500044608e-37 1.979217838156924378e-35 4.167849246689066672e-34 8.259433188024363092e-33 1.540335595319448976e-31 2.703427826850995120e-30 4.465359710999066019e-29 6.941427381910045444e-28 1.015548698638437811e-26 1.398369425933128936e-25 1.812268285791986733e-24 2.210616349224486631e-23 2.538085585701715500e-22 2.742923330929715665e-21 2.790288063935296374e-20 2.671940857585291054e-19 2.408588696377134649e-18 2.043964072858176851e-17 1.632964909776483625e-16 1.228267911242486810e-15 8.698480072986296933e-15 5.800305577373849647e-14 3.642008156461475503e-13 2.153481424020628498e-12 1.199172820905589863e-11 6.289209436239911845e-11 3.106851551168765009e-10 1.445757364522272929e-09 6.338191740370942844e-09 2.618061537840854897e-08 1.019046263490943505e-07 3.738255629150124246e-07 1.292629315503880053e-06 4.213920473106392896e-06 1.295368556045249886e-05 3.755726702120424005e-05 1.027308118290791547e-04 2.651807476720699865e-04 6.461971223823469255e-04 1.487097015229764223e-03 3.233410214799115490e-03 6.645950114639108397e-03 1.292091984519346155e-02 2.377828182533055570e-02 4.145559380045980152e-02 6.853803184819839966e-02 1.075806793867176286e-01 1.605434908470001476e-01 2.281491919634128784e-01 3.093529879034041530e-01 4.011334441684819563e-01 4.987458609723164904e-01 5.964337988497978582e-01 6.884274470617761654e-01 7.699458600597428592e-01 8.379185511972997435e-01 8.912512962429730567e-01 9.306275083055244313e-01 9.579836099753861189e-01 9.758671899497203261e-01 9.868682451832437863e-01 9.932361046011622951e-01 9.967045222340615851e-01 9.984821777833690071e-01 9.993394951401074477e-01 9.997285517675522648e-01 9.998946865610377488e-01 9.999614416358190150e-01 9.999866812774726998e-01 9.999956608682158965e-01 9.999986669692879637e-01 9.999996139114777360e-01 9.999998945939851946e-01 9.999999728789439324e-01 9.999999934241960986e-01 9.999999984977682166e-01 9.999999996766884003e-01 9.999999999344523216e-01 9.999999999874829015e-01 9.999999999977486898e-01 9.999999999996187494e-01 9.999999999999391598e-01 9.999999999999908962e-01 9.999999999999986677e-01 9.999999999999997780e-01 1.000000000000000000e+00 1.000000000000000000e+00 1.000000000000000000e+00 1.000000000000000000e+00 1.000000000000000000e+00 1.000000000000000000e+00 1.000000000000000000e+00 1.000000000000000000e+00 1.000000000000000000e+00 1.000000000000000000e+00 1.000000000000000000e+00
1.469704035415897373e-25 9.829055713224088019e-25 6.359047617563196642e-24 3.979929115888089820e-23 2.409719141827067689e-22 1.411466113398893313e-21 7.998210066806035005e-21 4.384692663148810322e-20 2.325495515614074362e-19 1.193241060110214468e-18 5.923575246733235278e-18 2.845049095327381287e-17 1.322066433090464464e-16 5.944049704304983048e-16 2.585745062281847973e-15 1.088358839375717815e-14 4.432525510884114720e-14 1.746760399809486178e-13 6.660844661726510988e-13 2.457824167395908473e-12 8.776277145242141745e-12 3.032642592528054118e-11 1.014139862527965433e-10 3.282128704080361624e-10 1.028042499401007984e-09 3.116607442075058486e-09 9.145090211192849667e-09 2.597464305288276631e-08 7.141500387588830800e-08 1.900781152194951251e-07 4.897835222892726571e-07 1.221897046168008754e-06 2.951583556666710114e-06 6.903989970733229968e-06 1.563895411106774208e-05 3.430989026079315124e-05 7.290893847529247363e-05 1.500867975709150324e-04 2.993368794342040977e-04 5.784898379168863314e-04 1.083471700744910796e-03 1.966989476624459669e-03 3.462057124339852372e-03 5.908936193579301943e-03 9.782139946050682697e-03 1.571186311739541930e-02 2.449207077931132501e-02 3.706630375670673383e-02 5.448295327936489990e-02 7.781507109782240250e-02 1.080459091533414046e-01 1.459296385286162345e-01 1.918454017321946925e-01 2.456695862486649451e-01 3.066934498184784585e-01 3.736092306310212496e-01 4.445774681278595875e-01 5.173732336508901630e-01 5.895927951038437698e-01 6.588891206780597143e-01 7.231981851371402925e-01 7.809201081661649724e-01 8.310291376275118491e-01 8.731015846274250425e-01 9.072669531994911329e-01 9.341006790003036908e-01 9.544843472166313347e-01 9.694601518348154867e-01 9.801016900063092008e-01 9.874151858885477084e-01 9.922764806735921983e-01 9.954017335270599620e-01 9.973449651617702916e-01 9.985135765884086689e-01 9.991932836197758849e-01 9.995756497382419781e-01 9.997836878828884055e-01 9.998931622368785188e-01 9.999488792177860796e-01 9.999763055945147805e-01 9.999893629396439110e-01 9.999953753251347166e-01 9.999980529155257925e-01 9.999992062273577176e-01 9.999996866843633425e-01 9.999998802674352483e-01 9.999999557045680110e-01 9.999999841365933007e-01 9.999999945007777002e-01 9.999999981547651462e-01 9.999999994007231496e-01 9.999999998116306799e-01 9.999999999426962827e-01 9.999999999831294950e-01 9.999999999951934004e-01 9.999999999986748378e-01 9.999999999996465050e-01 9.999999999999087397e-01 9.999999999999771294e-01 9.999999999999944489e-01
2.357444953614902639e-21 1.111954092135837075e-20 5.106577329002003752e-20 2.283363782958886721e-19 9.940930754282814078e-19 4.213961630669569258e-18 1.739285158218985607e-17 6.989933778673541607e-17 2.735287935977654250e-16 1.042237588377173481e-15 3.866966571006044989e-15 1.397078400345201456e-14 4.915015279657458455e-14 1.683798723527969067e-13 5.617261154347039798e-13 1.824889624835081368e-12 5.773445529138048606e-12 1.778809874270332369e-11 5.337404262666452865e-11 1.559723297905270496e-10 4.439084654926786548e-10 1.230495423494172527e-09 3.322159247031225415e-09 8.736326501692535075e-09 2.237795294375131652e-08 5.583560045432962250e-08 1.357121826475826448e-07 3.213380210848778483e-07 7.412442546702410890e-07 1.665859840098776130e-06 3.647684122442266428e-06 7.782576218059370819e-06 1.618023774182882185e-05 3.278175379890478918e-05 6.472892278305211343e-05 1.245717769247944341e-04 2.336875545357949423e-04 4.273556942175523441e-04 7.619543755308815815e-04 1.324665787077557470e-03 2.245841989040407456e-03 3.713737765669647417e-03 5.990634262713996280e-03 9.428484427767086506e-03 1.448121588128744447e-02 2.170993137875172965e-02 3.177673779380383451e-02 4.542313456537600685e-02 6.343007737891960540e-02 8.655912284810821089e-02 1.154773181040528451e-01 1.506722742811364146e-01 1.923674158666756617e-01 2.404498306136420294e-01 2.944236176204603206e-01 3.533996189179367531e-01 4.161279269031839534e-01 4.810732146761803607e-01 5.465259110852779267e-01 6.107359990617650114e-01 6.720521396429076644e-01 7.290478509747431168e-01 7.806188281542784102e-01 8.260406292646367277e-01 8.649827089637324162e-01 8.974816881374805266e-01 9.238824265082230536e-01 9.447589504431233021e-01 9.608282166789283707e-01 9.728683038192569299e-01 9.816496059359138826e-01 9.878838512967708096e-01 9.921921372501245617e-01 9.950902867430957421e-01 9.969880089983308435e-01 9.981976043039300084e-01 9.989480911380907990e-01 9.994013450621090922e-01 9.996678072208846633e-01 9.998202914571745481e-01 9.999052309678040373e-01 9.999512873603637608e-01 9.999755962654259811e-01 9.999880855093695731e-01 9.999943315114590003e-01 9.999973721393866644e-01 9.999988129920179825e-01 9.999994776082223868e-01 9.999997760209298203e-01 9.999999064452770314e-01 9.999999619327497591e-01 9.999999849114826755e-01 9.999999941744899257e-01 9.999999978092243280e-01 9.999999991975393465e-01 9.999999997137154484e-01 9.999999999005264595e-01 9.999999999663380379e-01 9.999999999889060964e-01 9.999999999964392927e-01
4.181538898143097675e-20 1.709578110921217699e-19 6.827348682513759943e-19 2.663357653667443438e-18 1.014904801728307668e-17 3.777842761642455481e-17 1.373693256747794895e-16 4.879415142976758740e-16 1.693101270762648052e-15 5.739057543837357338e-15 1.900405599650352209e-14 6.147605763031465939e-14 1.942790349426177624e-13 5.998085806783984409e-13 1.809144205972613290e-12 5.331075638128184954e-12 1.534777635051624287e-11 4.316913256776408141e-11 1.186334658493469189e-10 3.185345134804188468e-10 8.356628461025384342e-10 2.142109166382959194e-09 5.365365345480557501e-09 1.313155756395947534e-08 3.140547021315474259e-08 7.339732815690312986e-08 1.676315853164536054e-07 3.741518838991905362e-07 8.161566225332534028e-07 1.740006466542936280e-06 3.625765391600372299e-06 7.384843108680941747e-06 1.470274900282572366e-05 2.861517124368105942e-05 5.444545182999145584e-05 1.012799607453369687e-04 1.842102764966523966e-04 3.276175553613954795e-04 5.697983085176741309e-04 9.692080330636104919e-04 1.612500174770990433e-03 2.624332344508134313e-03 4.178576942848682627e-03 6.510106457702817366e-03 9.925754827406325920e-03 1.481245954684010969e-02 2.164008614954695750e-02 3.095618663772198645e-02 4.337011743246398099e-02 5.952468147302980572e-02 8.005482304363722990e-02 1.055348238299150948e-01 1.364176993856065223e-01 1.729727034497090810e-01 2.152285455005168990e-01 2.629306468041466838e-01 3.155201528885893669e-01 3.721403673546481716e-01 4.316729561158010320e-01 4.928021781479866026e-01 5.541012378976164499e-01 6.141314117660798821e-01 6.715425599143927116e-01 7.251634111344406053e-01 7.740716487143661784e-01 8.176369934823926044e-01 8.555345426241991458e-01 8.877298010075014290e-01 9.144403932602523932e-01 9.360818217680672015e-01 9.532055814590142395e-01 9.664375087850072266e-01 9.764227338743155515e-01 9.837814723382731774e-01 9.890776143078674476e-01 9.928000447797507011e-01 9.953551234705244610e-01 9.970678682651648028e-01 9.981890905073752540e-01 9.989058961317485164e-01 9.993534257001435162e-01 9.996262937409872151e-01 9.997887716028731608e-01 9.998832529937401459e-01 9.999369078325834881e-01 9.999666643443417824e-01 9.999827806547459952e-01 9.999913049734516779e-01 9.999957081302899287e-01 9.999979292860855518e-01 9.999990235050735254e-01 9.999995499340632588e-01 9.999997972690988224e-01 9.999999107549547572e-01 9.999999616069569219e-01 9.999999838597515289e-01 9.999999933695477017e-01 9.999999973384277041e-01 9.999999989560413027e-01 9.999999995999016011e-01
8.458503815245608105e-21 3.494146452071080392e-20 1.410653326712800186e-19 5.565891632037952399e-19 2.146289195645404148e-18 8.088812120682911808e-18 2.979397434846254535e-17 1.072565165185033193e-16 3.773767054514714882e-16 1.297739351237623738e-15 4.361801798373660365e-15 1.432899733391060716e-14 4.600899420983970409e-14 1.443951778323072233e-13 4.429471734857901315e-13 1.328149949459142142e-12 3.892648898957404016e-12 1.115202500274942318e-11 3.123061106678209285e-11 8.549364283456488211e-11 2.287824028096493347e-10 5.984891491425696056e-10 1.530540518049703755e-09 3.826475486449399365e-09 9.352548463236646993e-09 2.234858685700433577e-08 5.221222596635703968e-08 1.192642482132010265e-07 2.663662137724503689e-07 5.816942226646984963e-07 1.242150590225464777e-06 2.593797504220500779e-06 5.296635131567445046e-06 1.057761192614620426e-05 2.065960036234398579e-05 3.946643873111504107e-05 7.374503886560500874e-05 1.347925663179369961e-04 2.410234563759357262e-04 4.216457390932512334e-04 7.217206055343539095e-04 1.208829127142137770e-03 1.981437954163451764e-03 3.178816457616610077e-03 4.991997296374036178e-03 7.674799632734903045e-03 1.155339200885761863e-02 1.703234441825256240e-02 2.459473070560751901e-02 3.479374361983872399e-02 4.823362372569105216e-02 6.553858485793315203e-02 8.730985938728237639e-02 1.140728771767431093e-01 1.462186834654640721e-01 1.839456236995169747e-01 2.272086476771706665e-01 2.756839129203261241e-01 3.287554363953200109e-01 3.855283206176697841e-01 4.448698052588446750e-01 5.054755657042132588e-01 5.659549625103726944e-01 6.249260376877763257e-01 6.811095245153948596e-01 7.334112933299580250e-01 7.809844650510873176e-01 8.232655258759027372e-01 8.599825670002152478e-01 8.911375488747776963e-01 9.169676049335722112e-01 9.378923995937625824e-01 9.544552493307223440e-01 9.672651838309047623e-01 9.769456603335652245e-01 9.840936600614864638e-01 9.892508161007428358e-01 9.928863981844420206e-01 9.953906359417827865e-01 9.970760828220532890e-01 9.981844724870427843e-01 9.988966819418917398e-01 9.993438397837048903e-01 9.996181561988610742e-01 9.997825860065800985e-01 9.998788906185052117e-01 9.999340032797858768e-01 9.999648204967509502e-01 9.999816578242595178e-01 9.999906463938890155e-01 9.999953350207437808e-01 9.999977246932238995e-01 9.999989147527692523e-01 9.999994938301079994e-01 9.999997691527856558e-01 9.999998970570145307e-01 9.999999551154453714e-01 9.999999808657944467e-01 9.999999920251304575e-01 9.999999967504474840e-01
3.686390488925698422e-24 1.922414570508775583e-23 9.762587532834651908e-23 4.827903566556696587e-22 2.325046986520943847e-21 1.090406195046338811e-20 4.980035485343765649e-20 2.214973030906057399e-19 9.594025609897978995e-19 4.047012175692395682e-18 1.662548744678491685e-17 6.651595061176273752e-17 2.591757367808704853e-16 9.835261235673246015e-16 3.635019115187685600e-15 1.308468633703272011e-14 4.587358790225203261e-14 1.566434512731680850e-13 5.209784114422051888e-13 1.687692981597742969e-12 5.325276872637408913e-12 1.636723529431112446e-11 4.900075822432740472e-11 1.429009858821127583e-10 4.059606308504747697e-10 1.123468683633282441e-09 3.028860781413782757e-09 7.955230851828218773e-09 2.035617813289805421e-08 5.074878163508860110e-08 1.232701885927685706e-07 2.917507761576723884e-07 6.728331851375142470e-07 1.512048451255175435e-06 3.311388894120945207e-06 7.067503636077613362e-06 1.470146490251908183e-05 2.980736795903421820e-05 5.890978902469754907e-05 1.134978007794492077e-04 2.131877110221942642e-04 3.904396303243269878e-04 6.972828562227497340e-04 1.214446542797519056e-03 2.063090318391460828e-03 3.418931424093073213e-03 5.527939066629467511e-03 8.721928916044919058e-03 1.343143062969301589e-02 2.019229872946122148e-02 2.964195623937304624e-02 4.250121092482977980e-02 5.953854632150454990e-02 8.151581477925375074e-02 1.091172672281925243e-01 1.428674677685025651e-01 1.830471957040871456e-01 2.296190843499159584e-01 2.821756458561545666e-01 3.399208978321811570e-01 4.016929269458796581e-01 4.660288755333534816e-01 5.312670511225195957e-01 5.956745099100205776e-01 6.575839360954431889e-01 7.155219558963058502e-01 7.683125764386624645e-01 8.151438674100619508e-01 8.555923028864114155e-01 8.896059773749257493e-01 9.174538220166406077e-01 9.396519230042431614e-01 9.568795810052270756e-01 9.698969383313182924e-01 9.794734106481332025e-01 9.863326256181395024e-01 9.911159449229032248e-01 9.943636038186539627e-01 9.965104330270637689e-01 9.978921229952781857e-01 9.987579072939598568e-01 9.992861028787157762e-01 9.995998398892185222e-01 9.997812755422469388e-01 9.998834318914329167e-01 9.999394326500501418e-01 9.999693214329448132e-01 9.999848527498809148e-01 9.999927104241421727e-01 9.999965809092609126e-01 9.999984370990405713e-01 9.999993037912592309e-01 9.999996977882567029e-01 9.999998721721499173e-01 9.999999473180369858e-01 9.999999788455267158e-01 9.999999917238359126e-01 9.999999968455286492e-01 9.999999988286685237e-01 9.999999995762840488e-01
1.917018944196657216e-27 1.280967496715975357e-26 8.300705061424873709e-26 5.216277498488111423e-25 3.178916089272689938e-24 1.878772284208607329e-23 1.076837471629561649e-22 5.985653253027407275e-22 3.226732806061075852e-21 1.686978036845131419e-20 8.553739248698344102e-20 4.206377071092962310e-19 2.006188664980141025e-18 9.280103133781311324e-18 4.163491876857097509e-17 1.811729391827453843e-16 7.646572825758937250e-16 3.130299213992851566e-15 1.242963851219047507e-14 4.787330056372659885e-14 1.788543947673300455e-13 6.481670855248279912e-13 2.278588083101658534e-12 7.770469074215535087e-12 2.570650592563457936e-11 8.250227488555551770e-11 2.568794821617793063e-10 7.759756217243991991e-10 2.274246485213935413e-09 6.467174697296075164e-09 1.784421192991631420e-08 4.777551957005155817e-08 1.241251707879689851e-07 3.129562057143409637e-07 7.657752979218247970e-07 1.818612481916367151e-06 4.192077934367651962e-06 9.379957812547621031e-06 2.037463002871349715e-05 4.296691281351181120e-05 8.797841151012646111e-05 1.749289811423168086e-04 3.377862165418100580e-04 6.335380315376102018e-04 1.154293183306943872e-03 2.043341956432512783e-03 3.514988485321412972e-03 5.876920530595074708e-03 9.552427926572251704e-03 1.509808824576661275e-02 2.321097349961157019e-02 3.471854143499900069e-02 5.054478859470019902e-02 7.164848626901486328e-02 9.893357789911527700e-02 1.331377081106180638e-01 1.747113417232875887e-01 2.237054364092956049e-01 2.796883925410560412e-01 3.417116067707138827e-01 4.083368907461900066e-01 4.777290253991242630e-01 5.478047821707687781e-01 6.164186214985244439e-01 6.815577613130039403e-01 7.415173555367470248e-01 7.950306526355965797e-01 8.413381255432329509e-01 8.801913246752086639e-01 9.117987265979594635e-01 9.367295776662496465e-01 9.557961082576278411e-01 9.699342548742750925e-01 9.800990701818723672e-01 9.871849318905263626e-01 9.919742312427406450e-01 9.951128414554162305e-01 9.971071338290811159e-01 9.983357784115827194e-01 9.990696999906343301e-01 9.994947685035977525e-01 9.997334693991123400e-01 9.998634369498482499e-01 9.999320491792975663e-01 9.999671691198256385e-01 9.999845988870357250e-01 9.999929860465675002e-01 9.999968991709045074e-01 9.999986693521689674e-01 9.999994457728584862e-01 9.999997759611300996e-01 9.999999121091354137e-01 9.999999665400874926e-01 9.999999876392634546e-01 9.999999955692029374e-01 9.999999984589444946e-01 9.999999994799608771e-01 9.999999998297375292e-01 9.999999999459181499e-01 9.999999999833344422e-01
4.233462386929634392e-35 5.170507257222362461e-34 6.059903237681720321e-33 6.815492485065442077e-32 7.355834242294997268e-31 7.618581055753720864e-30 7.572308016677013294e-29 7.222694780458608198e-28 6.611379907349369860e-27 5.807806583496428836e-26 4.896265616981931091e-25 3.961471332205509962e-24 3.076047621420693396e-23 2.292351506061714542e-22 1.639562643130881025e-21 1.125488099656185864e-20 7.415284106985406821e-20 4.689181863325123847e-19 2.846149354795584126e-18 1.658132153076540970e-17 9.272387819485588667e-17 4.977208827647580578e-16 2.564564052922046959e-15 1.268490018898501592e-14 6.023094429341957132e-14 2.745526766277400405e-13 1.201490769706793718e-12 5.048013178622660747e-12 2.036308844569358357e-11 7.886952453033165479e-11 2.933175704371962390e-10 1.047497165111892760e-09 3.592345969727807477e-09 1.183152604284550805e-08 3.742569777923256535e-08 1.137097060869086469e-07 3.318628755076117658e-07 9.304472770172013259e-07 2.506335285451334760e-06 6.487055238583512261e-06 1.613499190464985888e-05 3.857091901954055435e-05 8.863088634093553900e-05 1.958011415370608033e-04 4.159392942307051652e-04 8.498035770394068121e-04 1.670249909043314317e-03 3.158871499150965514e-03 5.750402783355693624e-03 1.007919504815724988e-02 1.701689176009444845e-02 2.768536499556745537e-02 4.342619901826567236e-02 6.571013039365541930e-02 9.597888687273378738e-02 1.354278978160004254e-01 1.847585094126929228e-01 2.439467975009215750e-01 3.120855226103874114e-01 3.873502009487718167e-01 4.671179659356314295e-01 5.482332437631385336e-01 6.273770482365278456e-01 7.014688586369264289e-01 7.680210704772318930e-01 8.253790383464395530e-01 8.728102213071664561e-01 9.104435856160131291e-01 9.390933438712758541e-01 9.600203758307070956e-01 9.746870955080484400e-01 9.845498207021877723e-01 9.909133692161529172e-01 9.948528606509097205e-01 9.971928787380979209e-01 9.985265119084900665e-01 9.992557872719038947e-01 9.996384221225437239e-01 9.998310482396753907e-01 9.999240911556355194e-01 9.999672121502699573e-01 9.999863869727503296e-01 9.999945680569100048e-01 9.999979171489803420e-01 9.999992326155480171e-01 9.999997283725069464e-01 9.999999076368297768e-01 9.999999698317207919e-01 9.999999905355704266e-01 9.999999971483308769e-01 9.999999991748443895e-01 9.999999997707136323e-01 9.999999999388210492e-01 9.999999999843258713e-01 9.999999999961441954e-01 9.999999999990893951e-01 9.999999999997934985e-01 9.999999999999550360e-01 9.999999999999906741e-01 9.999999999999981126e-01
2.702681838126233575e-43 5.964049637936290152e-42 1.251038060656569525e-40 2.494517944015704088e-39 4.728176311782457528e-38 8.519142951747834199e-37 1.459143062569068863e-35 2.375769595015683881e-34 3.677225355513590437e-33 5.410668534010863782e-32 7.568362713431715473e-31 1.006419753172640500e-29 1.272297845386037145e-28 1.529105453723862832e-27 1.747157517425442699e-26 1.897929420578714873e-25 1.960149873709213783e-24 1.924722260267050509e-23 1.796905796936532457e-22 1.595035904455629149e-21 1.346212522138104850e-20 1.080352749658852422e-19 8.243997798387067338e-19 5.981950858118173375e-18 4.127563483862920730e-17 2.708350545524151944e-16 1.690018707891455297e-15 1.002929023668679768e-14 5.660551979941076831e-14 3.038621223561575356e-13 1.551473900593149974e-12 7.535034136622778615e-12 3.481156422527833453e-11 1.529982181367802407e-10 6.397395286768503506e-10 2.545108162597253430e-09 9.634539745569575587e-09 3.470694327750114178e-08 1.189886274432701864e-07 3.882807453850847187e-07 1.206119674639863920e-06 3.566957199896363051e-06 1.004463090457841828e-05 2.693842239863302373e-05 6.881688329348491738e-05 1.674925847852148963e-04 3.884894165941079518e-04 8.589449213542563926e-04 1.810881661234507766e-03 3.641740978615699842e-03 6.988770283052679437e-03 1.280473803747026948e-02 2.241073971982402227e-02 3.749144856553376232e-02 5.999543687016059557e-02 9.191493555256637082e-02 1.349489267051128538e-01 1.900964901090234915e-01 2.572703474042673522e-01 3.350441970753492704e-01 4.206348473009923761e-01 5.101668957956020378e-01 5.991874317392212879e-01 6.833194626925704895e-01 7.588968717313743229e-01 8.234298980721652672e-01 8.758057857386908340e-01 9.162112398658344148e-01 9.458396055436393279e-01 9.664902857189460184e-01 9.801713478376903321e-01 9.887865180847620339e-01 9.939431518836290280e-01 9.968769272280910698e-01 9.984634462793990917e-01 9.992789413058236203e-01 9.996773736826187751e-01 9.998624048456890012e-01 9.999440803332979577e-01 9.999783488117972574e-01 9.999920151997963025e-01 9.999971956570734566e-01 9.999990621976742045e-01 9.999997014338287693e-01 9.999999095181197895e-01 9.999999739010664301e-01 9.999999928356382295e-01 9.999999981285261352e-01 9.999999995348388682e-01 9.999999998899977705e-01 9.999999999752515745e-01 9.999999999947032370e-01 9.999999999989216404e-01 9.999999999997911670e-01 9.999999999999615863e-01 9.999999999999933387e-01 9.999999999999988898e-01 9.999999999999997780e-01 1.000000000000000000e+00 1.000000000000000000e+00
2.834602033439904366e-46 8.048064301514316260e-45 2.161957214474836010e-43 5.494941605827025485e-42 1.321428338333867141e-40 3.006721023516514616e-39 6.473159434845976365e-38 1.318615089574713974e-36 2.541578505531987949e-35 4.635304137089501826e-34 7.999225385702304880e-33 1.306227219494540081e-31 2.018352800178241870e-30 2.951140128032516914e-29 4.083233669781696311e-28 5.346234320672560170e-27 6.624136643831258782e-26 7.767062868181689715e-25 8.618662596889856499e-24 9.050828870187736873e-23 8.995241149944189929e-22 8.461055681831103094e-21 7.532440088410436024e-20 6.346864020274300112e-19 5.061847128449076111e-18 3.821203690316710989e-17 2.730541996662867441e-16 1.847023861005675262e-15 1.182741988798071569e-14 7.170044619923736878e-14 4.115193512812213087e-13 2.236245139772746899e-12 1.150629933672432670e-11 5.606190500257710635e-11 2.586708676178335166e-10 1.130340601256603809e-09 4.678336119994102079e-09 1.834154447049577627e-08 6.812231105808330840e-08 2.397196057637060033e-07 7.993482614568015457e-07 2.526103422511827037e-06 7.566950550358818524e-06 2.148950248307527375e-05 5.787072636262357916e-05 1.478162300171740316e-04 3.582065888879512258e-04 8.238108367997955955e-04 1.798695475206365472e-03 3.729930613665281142e-03 7.349551845367487124e-03 1.376811063047160034e-02 2.453669687382046410e-02 4.163003741476248298e-02 6.730102454801666079e-02 1.037769074548815507e-01 1.528131171002427569e-01 2.151831528165393248e-01 2.902387804325287091e-01 3.756940429207446530e-01 4.677480564459177703e-01 5.615679756714258009e-01 6.520361452456246987e-01 7.345724368275078353e-01 8.058154768080934005e-01 8.639974150295581801e-01 9.089528342898519631e-01 9.418170963778333959e-01 9.645478319820536273e-01 9.794226150376204032e-01 9.886320943121040816e-01 9.940267844017971477e-01 9.970166013009097439e-01 9.985843230815369953e-01 9.993620718125513225e-01 9.997271241466663128e-01 9.998892364577979253e-01 9.999573481129961916e-01 9.999844232667665089e-01 9.999946059903017659e-01 9.999982292539104645e-01 9.999994490248389489e-01 9.999998375314147481e-01 9.999999546051772104e-01 9.999999879832468519e-01 9.999999969865651650e-01 9.999999992842107943e-01 9.999999998389663691e-01 9.999999999656901117e-01 9.999999999930775374e-01 9.999999999986775023e-01 9.999999999997607469e-01 9.999999999999590328e-01 9.999999999999933387e-01 9.999999999999990008e-01 9.999999999999997780e-01 1.000000000000000000e+00 1.000000000000000000e+00 1.000000000000000000e+00 1.000000000000000000e+00
2.510730256177712865e-61 2.441957225103100827e-59 2.197752931676789179e-57 1.830319297300779249e-55 1.410543899130405491e-53 1.005918834996965856e-51 6.638362230972290999e-50 4.054021014481634739e-48 2.291098481689984043e-46 1.198230105381503840e-44 5.799382419383744523e-43 2.597616532723165057e-41 1.076780618275892770e-39 4.130911436142051684e-38 1.466692411741536160e-36 4.819647450727679355e-35 1.465830261091412988e-33 4.126235493959271586e-32 1.075069768726878505e-30 2.592643018801333359e-29 5.787408639500048829e-28 1.195841759526844861e-26 2.287310745159706647e-25 4.049984055642471661e-24 6.638563400150071904e-23 1.007406615562234158e-21 1.415350679399824096e-20 1.841077780351956330e-19 2.217435764978350567e-18 2.473003727593369216e-17 2.553991730077209561e-16 2.442664658045160162e-15 2.163661396457655804e-14 1.775131033466104829e-13 1.349041667932815862e-12 9.497654213934649891e-12 6.195127338010848567e-11 3.744373640026294570e-10 2.097304350463397670e-09 1.088835862511068855e-08 5.240293327666665408e-08 2.338428512443586560e-07 9.677478262073008536e-07 3.715158703988555036e-06 1.323404528658055723e-05 4.375719363777501883e-05 1.343419096048415146e-04 3.831500826304090959e-04 1.015649405460106874e-03 2.503785606333187343e-03 5.744299373008752811e-03 1.227522741554790305e-02 2.445746082121633136e-02 4.548899503490447249e-02 7.909430653457701077e-02 1.287922724567729937e-01 1.968165096624767407e-01 2.829919788745988152e-01 3.840332834212548674e-01 4.936835812697887294e-01 6.038163123710968971e-01 7.061971627422493070e-01 7.942851448066501341e-01 8.644322799860231221e-01 9.161331889792043714e-01 9.514011915176340262e-01 9.736679678784248004e-01 9.866794526689959266e-01 9.937164680521184401e-01 9.972388889979706406e-01 9.988707530843914384e-01 9.995704588238787380e-01 9.998481322020803530e-01 9.999501178203213936e-01 9.999847857513238791e-01 9.999956926062161244e-01 9.999988683977807380e-01 9.999997242197313785e-01 9.999999376676232954e-01 9.999999869367991456e-01 9.999999974620289445e-01 9.999999995429640354e-01 9.999999999237263459e-01 9.999999999882049906e-01 9.999999999983100185e-01 9.999999999997757349e-01 9.999999999999724665e-01 9.999999999999968914e-01 9.999999999999996669e-01 1.000000000000000000e+00 1.000000000000000000e+00 1.000000000000000000e+00 1.000000000000000000e+00 1.000000000000000000e+00 1.000000000000000000e+00 1.000000000000000000e+00 1.000000000000000000e+00 1.000000000000000000e+00 1.000000000000000000e+00 1.000000000000000000e+00
2.810943619418722681e-72 6.509055718729208127e-70 1.373654443200653804e-67 2.642013898024418234e-65 4.631220688886098155e-63 7.398838759633673204e-61 1.077319591774019412e-58 1.429696822540682331e-56 1.729288874837016045e-54 1.906432714252727545e-52 1.915632752672737232e-50 1.754473254659997025e-48 1.464644710144933223e-46 1.114491155514207509e-44 7.730151946171464902e-43 4.887370907921245677e-41 2.816746841759044071e-39 1.479842858548819161e-37 7.087439582310361052e-36 3.094429536362519303e-34 1.231690505202650565e-32 4.469568317595719806e-31 1.478722855053605502e-29 4.460469229178108822e-28 1.226770800004494909e-26 3.076474740884724774e-25 7.035091437175738638e-24 1.467012164583970453e-22 2.789768971304189657e-21 4.838362434439925655e-20 7.653350824846388536e-19 1.104226070865522109e-17 1.453284378478469808e-16 1.744881461921365594e-15 1.911368019116157734e-14 1.910427367597280312e-13 1.742506503512745875e-12 1.450546348926961303e-11 1.102210514291349567e-10 7.646161625344236478e-10 4.843371486084999878e-09 2.801996576555818895e-08 1.480831763721921994e-07 7.151216745115176892e-07 3.156646529545994574e-06 1.274092380940733871e-05 4.704222928974401916e-05 1.589649504666232034e-04 4.919197596830723667e-04 1.394975667411167469e-03 3.628079860040057600e-03 8.662747572169587906e-03 1.901184233407503602e-02 3.840755118935927637e-02 7.154983756573404796e-02 1.231836649059024485e-01 1.965273094119341923e-01 2.915151433566403050e-01 4.036786455925612249e-01 5.244360310273439296e-01 6.429732187412247058e-01 7.490631728238993370e-01 8.356341469272747791e-01 9.000433842950539276e-01 9.437352875444242617e-01 9.707580413873011516e-01 9.859962076256840735e-01 9.938306599488047066e-01 9.975031069511106629e-01 9.990726429531440189e-01 9.996842233215694762e-01 9.999014933086651791e-01 9.999718664790029354e-01 9.999926477782856704e-01 9.999982426910049016e-01 9.999996159916720861e-01 9.999999233083518568e-01 9.999999860059860524e-01 9.999999976675524316e-01 9.999999996449746575e-01 9.999999999506600235e-01 9.999999999937403405e-01 9.999999999992751354e-01 9.999999999999233946e-01 9.999999999999926725e-01 9.999999999999993339e-01 1.000000000000000000e+00 1.000000000000000000e+00 1.000000000000000000e+00 1.000000000000000000e+00 1.000000000000000000e+00 1.000000000000000000e+00 1.000000000000000000e+00 1.000000000000000000e+00 1.000000000000000000e+00 1.000000000000000000e+00 1.000000000000000000e+00 1.000000000000000000e+00 1.000000000000000000e+00 1.000000000000000000e+00
1.207284946164320283e-91 1.311551037569529800e-88 1.263553012816942974e-85 1.079541087239343621e-82 8.179507215071112328e-80 5.496198885195691161e-77 3.275295124138897855e-74 1.730998942239893163e-71 8.113486590663018765e-69 3.372787209443062953e-66 1.243505707270214670e-63 4.066222846690319442e-61 1.179306513027170056e-58 3.033628536920182858e-56 6.921605860785648331e-54 1.400777751980325871e-51 2.514544200335350065e-49 4.003938695915847955e-47 5.655419795155475994e-45 7.086039079889091521e-43 7.876193515019665597e-41 7.766354329633328862e-39 6.793927944619965242e-37 5.272829158180177731e-35 3.630805003239479799e-33 2.218285849078591336e-31 1.202563390414757029e-29 5.784911014056196399e-28 2.469494192933118810e-26 9.355535175165487597e-25 3.145631340086290299e-23 9.387668605997075319e-22 2.486874736037970781e-20 5.848379840482564312e-19 1.221086185026141849e-17 2.263782466362149225e-16 3.726961914867968913e-15 5.449642276807491437e-14 7.078519309215493808e-13 8.168755077730870962e-12 8.377156631826616554e-11 7.635993929949585768e-10 6.188402613385665650e-09 4.460355205457623501e-08 2.860182741235594508e-07 1.632425991982867150e-06 8.296651281842143340e-06 3.757126995276091342e-05 1.517037311606639089e-04 5.466253379989993591e-04 1.759464788902920717e-03 5.065388633472094754e-03 1.306346085708125736e-02 3.023803508655160607e-02 6.297206064302721118e-02 1.183490789635803231e-01 2.015024144801185468e-01 3.123311213251959151e-01 4.434451437516770955e-01 5.811253025048414012e-01 7.094526520359802912e-01 8.156203246582436339e-01 8.935834757371001746e-01 9.444004208033883740e-01 9.738004083109290665e-01 9.888977955065192393e-01 9.957790629997953502e-01 9.985628908246184654e-01 9.995624723963558722e-01 9.998810315635675572e-01 9.999711370985977510e-01 9.999937572395618535e-01 9.999987970490393785e-01 9.999997936010477373e-01 9.999999684828123625e-01 9.999999957185483623e-01 9.999999994827661887e-01 9.999999999444473264e-01 9.999999999946969087e-01 9.999999999995501376e-01 9.999999999999660272e-01 9.999999999999977796e-01 9.999999999999998890e-01 1.000000000000000000e+00 1.000000000000000000e+00 1.000000000000000000e+00 1.000000000000000000e+00 1.000000000000000000e+00 1.000000000000000000e+00 1.000000000000000000e+00 1.000000000000000000e+00 1.000000000000000000e+00 1.000000000000000000e+00 1.000000000000000000e+00 1.000000000000000000e+00 1.000000000000000000e+00 1.000000000000000000e+00 1.000000000000000000e+00 1.000000000000000000e+00 1.000000000000000000e+00
1.969447492605971813e-126 3.496977984213817097e-122 5.239739136489677353e-118 6.625206844007690360e-114 7.069150288072143965e-110 6.365290799585883088e-106 4.836799739940649761e-102 3.101649123727630894e-98 1.678526309093986791e-94 7.666041398991962463e-91 2.954804042425807110e-87 9.611875900002378765e-84 2.638866812808948789e-80 6.114557651219020299e-77 1.195803551766183883e-73 1.973837642189576721e-70 2.749983190564926660e-67 3.233900319329717188e-64 3.210058462252469240e-61 2.689686053557788944e-58 1.902418876824765088e-55 1.135902964177676791e-52 5.725621565394698840e-50 2.436505802288841680e-47 8.753750823662584008e-45 2.655357179430573059e-42 6.801045109846547785e-40 1.470876503392723181e-37 2.686276854549948727e-35 4.143124963254891557e-33 5.396840343897522122e-31 5.937726968200826473e-29 5.518341324101150622e-27 4.332588201328226311e-25 2.873985230268356774e-23 1.610917661727784260e-21 7.630866736031494713e-20 3.055299848150868039e-18 1.034165461087017174e-16 2.959851440684372632e-15 7.164628607869195740e-14 1.467157562400141556e-12 2.542452949470610408e-11 3.729737855592565663e-10 4.633790593668389600e-09 4.878031036467346232e-08 4.353738967667726692e-07 3.296877310014869030e-06 2.120052155328109325e-05 1.158942519891234546e-04 5.393006538395869005e-04 2.139861895219930150e-03 7.255341570335514280e-03 2.107884535832774478e-02 5.266406553699642945e-02 1.136876281614151440e-01 2.133819371242337837e-01 3.511063324758540993e-01 5.119947439703700365e-01 6.709280025749049248e-01 8.036921251546598199e-01 8.974741069751903666e-01 9.534917344436319997e-01 9.817853010756842913e-01 9.938689109279243983e-01 9.982324358635319417e-01 9.995647092968911185e-01 9.999086199216378201e-01 9.999836738374394685e-01 9.999975207881242056e-01 9.999996803416271174e-01 9.999999650351529823e-01 9.999999967577539728e-01 9.999999997452722056e-01 9.999999999830523345e-01 9.999999999990455413e-01 9.999999999999544809e-01 9.999999999999982236e-01 1.000000000000000000e+00 1.000000000000000000e+00 1.000000000000000000e+00 1.000000000000000000e+00 1.000000000000000000e+00 1.000000000000000000e+00 1.000000000000000000e+00 1.000000000000000000e+00 1.000000000000000000e+00 1.000000000000000000e+00 1.000000000000000000e+00 1.000000000000000000e+00 1.000000000000000000e+00 1.000000000000000000e+00 1.000000000000000000e+00 1.000000000000000000e+00 1.000000000000000000e+00 1.000000000000000000e+00 1.000000000000000000e+00 1.000000000000000000e+00 1.000000000000000000e+00 1.000000000000000000e+00
2.134831483655048963e-162 7.084072469117627619e-157 1.881807079793656299e-151 4.001702308858271886e-146 6.812353447327559026e-141 9.284055062076852088e-136 1.012912935856703171e-130 8.847212735928562027e-126 6.186530988815819905e-121 3.463387618229163920e-116 1.552299176926827079e-111 5.570290748939338129e-107 1.600355973555202291e-102 3.681292622747499499e-98 6.780136000674306902e-94 9.998635413586361343e-90 1.180641277170958140e-85 1.116301476707132595e-81 8.451690477744325388e-78 5.124097437526199833e-74 2.487809179528492391e-70 9.672927775544525124e-67 3.012011061251602382e-63 7.511572179999304206e-60 1.500376513118843224e-56 2.400413065610339594e-53 3.076175625790310438e-50 3.157918816732360466e-47 2.597067238093011656e-44 1.711150832471170150e-41 9.033371309673030715e-39 3.821246721245554095e-36 1.295374123423635736e-33 3.519380796800505249e-31 7.664249536098836101e-29 1.338021530752176383e-26 1.872887988644029642e-24 2.102275245378768366e-22 1.892694501778899746e-20 1.367039185087169890e-18 7.923223158770483332e-17 3.686141346820325070e-15 1.377024016408475011e-13 4.132256372573943010e-12 9.965954583230274485e-11 1.932802204673999006e-09 3.016449667026632037e-08 3.791537773293024746e-07 3.842404806263911444e-06 3.143635095378250312e-05 2.079835864718720061e-04 1.115139248223844925e-03 4.859082720292973515e-03 1.727135934240736290e-02 5.033044542490153206e-02 1.210734621824988699e-01 2.427084575338885608e-01 4.107577971177892584e-01 5.973232106670989250e-01 7.637585995187800014e-01 8.830683368913792020e-01 9.517923714342104713e-01 9.835993580038446815e-01 9.954267309728495050e-01 9.989599417492336375e-01 9.998078004545886133e-01 9.999712191565724995e-01 9.999965151297613986e-01 9.999996593700744008e-01 9.999999731573725459e-01 9.999999982964304923e-01 9.999999999129998152e-01 9.999999999964273023e-01 9.999999999998820943e-01 9.999999999999968914e-01 1.000000000000000000e+00 1.000000000000000000e+00 1.000000000000000000e+00 1.000000000000000000e+00 1.000000000000000000e+00 1.000000000000000000e+00 1.000000000000000000e+00 1.000000000000000000e+00 1.000000000000000000e+00 1.000000000000000000e+00 1.000000000000000000e+00 1.000000000000000000e+00 1.000000000000000000e+00 1.000000000000000000e+00 1.000000000000000000e+00 1.000000000000000000e+00 1.000000000000000000e+00 1.000000000000000000e+00 1.000000000000000000e+00 1.000000000000000000e+00 1.000000000000000000e+00 1.000000000000000000e+00 1.000000000000000000e+00 1.000000000000000000e+00 1.000000000000000000e+00
4.517540508658108130e-188 1.377157151047136890e-181 3.221942214295384281e-175 5.785086575415907402e-169 7.971961667403956737e-163 8.431200585698465331e-157 6.843661291649332046e-151 4.263524825783158257e-145 2.038623413711978636e-139 7.481699722491063291e-134 2.107493155103385292e-128 4.556619537184008841e-123 7.562034416571716231e-118 9.633031529190566270e-113 9.419450192605257113e-108 7.070283690818043418e-103 4.073878399391647435e-98 1.801985378976087621e-93 6.118985027164026103e-89 1.595167846399243005e-84 3.192620475313317440e-80 4.905896403537494967e-76 5.788116111096403375e-72 5.243520817237206533e-68 3.647509713972395548e-64 1.948409763783324919e-60 7.992806743442841911e-57 2.518144701580472889e-53 6.093324195361990732e-50 1.132538727126104384e-46 1.617012753468449205e-43 1.773682454071403651e-40 1.494807850536578564e-37 9.680377607234244275e-35 4.817849018989308802e-32 1.843027359693580800e-29 5.420012890073093769e-27 1.225578295143729974e-24 2.131317821618138156e-22 2.851217334639231893e-20 2.935034699548104757e-18 2.325647836049092046e-16 1.419042617420532403e-14 6.670724412562666400e-13 2.417255441442598156e-11 6.756808994619778084e-10 1.458123702952045258e-08 2.431821471354087952e-07 3.138482535048580265e-06 3.139638649840145523e-05 2.439749129637278297e-04 1.476882154113562298e-03 6.990862510351953003e-03 2.601073722726794310e-02 7.662010804677536757e-02 1.805153451849387247e-01 3.450842820070006978e-01 5.462332633678081972e-01 7.359558060251197853e-01 8.740410434406649109e-01 9.515910279700313668e-01 9.851945491221415496e-01 9.964277527613498719e-01 9.993242407458432508e-01 9.999002252667994473e-01 9.999885399628314353e-01 9.999989785789171748e-01 9.999999294904899916e-01 9.999999962358291361e-01 9.999999998447757221e-01 9.999999999950601737e-01 9.999999999998787636e-01 9.999999999999977796e-01 1.000000000000000000e+00 1.000000000000000000e+00 1.000000000000000000e+00 1.000000000000000000e+00 1.000000000000000000e+00 1.000000000000000000e+00 1.000000000000000000e+00 1.000000000000000000e+00 1.000000000000000000e+00 1.000000000000000000e+00 1.000000000000000000e+00 1.000000000000000000e+00 1.000000000000000000e+00 1.000000000000000000e+00 1.000000000000000000e+00 1.000000000000000000e+00 1.000000000000000000e+00 1.000000000000000000e+00 1.000000000000000000e+00 1.000000000000000000e+00 1.000000000000000000e+00 1.000000000000000000e+00 1.000000000000000000e+00 1.000000000000000000e+00 1.000000000000000000e+00 1.000000000000000000e+00 1.000000000000000000e+00
5.837191807911885140e-202 6.309178805866910527e-195 5.103167507361467099e-188 3.088944846816064779e-181 1.399230765600129255e-174 4.743328853733403341e-168 1.203366731847225662e-161 2.284757908698286240e-155 3.246510006875948584e-149 3.452510811422523475e-143 2.747912742688746956e-137 1.636924959821367797e-131 7.298295631888328097e-126 2.435513198673150588e-120 6.083395402793002302e-115 1.137362776252603504e-109 1.591699420891830689e-104 1.667418941044261286e-99 1.307565713227232941e-94 7.675947382863894675e-90 3.373384472256308981e-85 1.109895499355659921e-80 2.734004230692506250e-76 5.042398535543351197e-72 6.963344667435073479e-68 7.200542411578129119e-64 5.575775182396092907e-60 3.233454121952415674e-56 1.404368726108926215e-52 4.568603737815100214e-49 1.113300502570544808e-45 2.032408082097932875e-42 2.779886382711777976e-39 2.849145613364604265e-36 2.188438413451960672e-33 1.259953919202236188e-30 5.438180100189521738e-28 1.760030480763361048e-25 4.272252288762856849e-23 7.780046559944151615e-21 1.063247007489256333e-18 1.090874741872046355e-16 8.406131704867022184e-15 4.867738349782434205e-13 2.119553768850292080e-11 6.945204181996691135e-10 1.714214916166247832e-08 3.190847869333954400e-07 4.486100415595860196e-06 4.773178766222521891e-05 3.853397763090238510e-04 2.368532272815539273e-03 1.113693951346941130e-02 4.032395189549477232e-02 1.134825874082659170e-01 2.515921866656921635e-01 4.479817433369648882e-01 6.583497760018214295e-01 8.281014095566225919e-01 9.312830172598181022e-01 9.785221513301309848e-01 9.948093970555489385e-01 9.990375841455265693e-01 9.998638489562704512e-01 9.999853630913000391e-01 9.999988077736762238e-01 9.999999265863932507e-01 9.999999965884180941e-01 9.999999998805152446e-01 9.999999999968494091e-01 9.999999999999374944e-01 9.999999999999991118e-01 1.000000000000000000e+00 1.000000000000000000e+00 1.000000000000000000e+00 1.000000000000000000e+00 1.000000000000000000e+00 1.000000000000000000e+00 1.000000000000000000e+00 1.000000000000000000e+00 1.000000000000000000e+00 1.000000000000000000e+00 1.000000000000000000e+00 1.000000000000000000e+00 1.000000000000000000e+00 1.000000000000000000e+00 1.000000000000000000e+00 1.000000000000000000e+00 1.000000000000000000e+00 1.000000000000000000e+00 1.000000000000000000e+00 1.000000000000000000e+00 1.000000000000000000e+00 1.000000000000000000e+00 1.000000000000000000e+00 1.000000000000000000e+00 1.000000000000000000e+00 1.000000000000000000e+00 1.000000000000000000e+00 1.000000000000000000e+00
2.037118787159354061e-193 1.205430024668127212e-186 5.386967599016478467e-180 1.818145968696182750e-173 4.634477464116582509e-167 8.922085651508390706e-161 1.297274496725219907e-154 1.424636023330972468e-148 1.181651991771262530e-142 7.402806725278946159e-137 3.502937445985338863e-131 1.252004898631542838e-125 3.380075808652930688e-120 6.892921470845597471e-115 1.061810670522171320e-109 1.235574205413210281e-104 1.086126762202197020e-99 7.212651773575299612e-95 3.618478548298135543e-90 1.371477012907302457e-85 3.927341496964861783e-81 8.497161037147124364e-77 1.389098409329107392e-72 1.715918888990440695e-68 1.601723416266720024e-64 1.129873607133155273e-60 6.023524304429381598e-57 2.427054283499906007e-53 7.391777927470689476e-50 1.701746841068829342e-46 2.961812649740758746e-43 3.897456749179180727e-40 3.878071910807752394e-37 2.918213573384741264e-34 1.660916838289577592e-31 7.151210991221110582e-29 2.329664318387869175e-26 5.743572059955994964e-24 1.071896327993535118e-21 1.514710113887550607e-19 1.621276629175940322e-17 1.314940061933535563e-15 8.084965774422784559e-14 3.770647179091781255e-12 1.334787004510895958e-10 3.589423681055412619e-09 7.340032766066136370e-08 1.142849667858349257e-06 1.357089254664897273e-05 1.231618905477583075e-04 8.566569507769935046e-04 4.583868217854883929e-03 1.896657130824851850e-02 6.112260801533089122e-02 1.549911101525522084e-01 3.138024246901267578e-01 5.179693629136062905e-01 7.174274906863671308e-01 8.655014016375303099e-01 9.490313603470652559e-01 9.848326325465002196e-01 9.964895414481920177e-01 9.993723530431060098e-01 9.999137324111024849e-01 9.999909173876102564e-01 9.999992694531332216e-01 9.999999551998097758e-01 9.999999979086573454e-01 9.999999999257752625e-01 9.999999999979991561e-01 9.999999999999591438e-01 9.999999999999993339e-01 1.000000000000000000e+00 1.000000000000000000e+00 1.000000000000000000e+00 1.000000000000000000e+00 1.000000000000000000e+00 1.000000000000000000e+00 1.000000000000000000e+00 1.000000000000000000e+00 1.000000000000000000e+00 1.000000000000000000e+00 1.000000000000000000e+00 1.000000000000000000e+00 1.000000000000000000e+00 1.000000000000000000e+00 1.000000000000000000e+00 1.000000000000000000e+00 1.000000000000000000e+00 1.000000000000000000e+00 1.000000000000000000e+00 1.000000000000000000e+00 1.000000000000000000e+00 1.000000000000000000e+00 1.000000000000000000e+00 1.000000000000000000e+00 1.000000000000000000e+00 1.000000000000000000e+00 1.000000000000000000e+00 1.000000000000000000e+00
9.967480806747853021e-176 1.635050377562652053e-169 2.066948292681650165e-163 2.013660855134359643e-157 1.511844402797196739e-151 8.747784394418755373e-146 3.900908540104526409e-140 1.340655219015458098e-134 3.551071514360396192e-129 7.249374260903972162e-124 1.140640332095196373e-118 1.383288881189611960e-113 1.293011736736625735e-108 9.315959202120581734e-104 5.173673816551698235e-99 2.214769195513172360e-94 7.308501420693735606e-90 1.859139773473471434e-85 3.645810161074166194e-81 5.511755887564480799e-77 6.424165268686517818e-73 5.772880363976079501e-69 3.999792234034915281e-65 2.136844930162009349e-61 8.802842748254532940e-58 2.796489205986512924e-54 6.851285238116909506e-51 1.294586114243604321e-47 1.886793582475107055e-44 2.121244194528261230e-41 1.839807253245458840e-38 1.231166669886604827e-35 6.357369045610284206e-33 2.533459004125359330e-30 7.792805658707435853e-28 1.850521418680439464e-25 3.393144684361979392e-23 4.805286924147648590e-21 5.257282351656775235e-19 4.444917035981823896e-17 2.905260019744797379e-15 1.468631089171035746e-13 5.744736063716989642e-12 1.739905910521767148e-10 4.083254564465939839e-09 7.432142448415435505e-08 1.050386512995563904e-06 1.154368058505949506e-05 9.883501467788862274e-05 6.608557035118307280e-04 3.462067873296113471e-03 1.427232017722705575e-02 4.657929365866377708e-02 1.213602070966719321e-01 2.554420207781391561e-01 4.416806795773309813e-01 6.420870033849512826e-01 8.091573253121639997e-01 9.170574444996840713e-01 9.710397969668167484e-01 9.919590639469032523e-01 9.982374735854446790e-01 9.996966002552878372e-01 9.999591417117605907e-01 9.999957077143772910e-01 9.999996490077116551e-01 9.999999776962080755e-01 9.999999989000818434e-01 9.999999999579478605e-01 9.999999999987546628e-01 9.999999999999714673e-01 9.999999999999995559e-01 1.000000000000000000e+00 1.000000000000000000e+00 1.000000000000000000e+00 1.000000000000000000e+00 1.000000000000000000e+00 1.000000000000000000e+00 1.000000000000000000e+00 1.000000000000000000e+00 1.000000000000000000e+00 1.000000000000000000e+00 1.000000000000000000e+00 1.000000000000000000e+00 1.000000000000000000e+00 1.000000000000000000e+00 1.000000000000000000e+00 1.000000000000000000e+00 1.000000000000000000e+00 1.000000000000000000e+00 1.000000000000000000e+00 1.000000000000000000e+00 1.000000000000000000e+00 1.000000000000000000e+00 1.000000000000000000e+00 1.000000000000000000e+00 1.000000000000000000e+00 1.000000000000000000e+00 1.000000000000000000e+00 1.000000000000000000e+00
1.139573877582136101e-125 3.024263195633303359e-121 6.668469494096375905e-117 1.221708806482159004e-112 1.859730307342454066e-108 2.352226156047622647e-104 2.472074181981268630e-100 2.158758736193424908e-96 1.566441546717669129e-92 9.444946554042219506e-89 4.732256649801927492e-85 1.970286308181886962e-81 6.816980186429090669e-78 1.960046569498658915e-74 4.683420369601817867e-71 9.300231935941947685e-68 1.534866646224458239e-64 2.105266208159586732e-61 2.400032864077609353e-58 2.274136791347653912e-55 1.791108478046419786e-52 1.172603483291723984e-49 6.381519223353198327e-47 2.887100841590400580e-44 1.085895646916334237e-41 3.395689527233312060e-39 8.828959731990997153e-37 1.908813453343251752e-34 3.431813647336015710e-32 5.131302648440595406e-30 6.381413260686329933e-28 6.601425612367005907e-26 5.681225214229967417e-24 4.068064406751676976e-22 2.424045232459279057e-20 1.202195068705934121e-18 4.963351068061778281e-17 1.706230050049050099e-15 4.885106412631598555e-14 1.165234232559716395e-12 2.316357077190719558e-11 3.839081756023707666e-10 5.307471962201180260e-09 6.124010510323712488e-08 5.901636066577547431e-07 4.754038355441866635e-06 3.204469282603237109e-05 1.809721264767073638e-04 8.576954750677385185e-04 3.418358638213456722e-03 1.148746136419775965e-02 3.266392089430585760e-02 7.895074895978530793e-02 1.632171813962175200e-01 2.909958414763742507e-01 4.523863719370262992e-01 6.221791151097813000e-01 7.709721927135659847e-01 8.795811929114258909e-01 9.456142180551720955e-01 9.790535520016019344e-01 9.931574766849484703e-01 9.981118592172597559e-01 9.995612456460276629e-01 9.999143465407218656e-01 9.999859782989155566e-01 9.999980779946879839e-01 9.999997796566305608e-01 9.999999788929505584e-01 9.999999983118825764e-01 9.999999998873453366e-01 9.999999999937304596e-01 9.999999999997091216e-01 9.999999999999886757e-01 9.999999999999995559e-01 1.000000000000000000e+00 1.000000000000000000e+00 1.000000000000000000e+00 1.000000000000000000e+00 1.000000000000000000e+00 1.000000000000000000e+00 1.000000000000000000e+00 1.000000000000000000e+00 1.000000000000000000e+00 1.000000000000000000e+00 1.000000000000000000e+00 1.000000000000000000e+00 1.000000000000000000e+00 1.000000000000000000e+00 1.000000000000000000e+00 1.000000000000000000e+00 1.000000000000000000e+00 1.000000000000000000e+00 1.000000000000000000e+00 1.000000000000000000e+00 1.000000000000000000e+00 1.000000000000000000e+00 1.000000000000000000e+00 1.000000000000000000e+00 1.000000000000000000e+00
2.371459639146830299e-94 5.045783661322655014e-91 9.330833533567008820e-88 1.499673563991059269e-84 2.094900398069825879e-81 2.543469792215592590e-78 2.684064399762083929e-75 2.461894302260292138e-72 1.962742880240056818e-69 1.360137561947750320e-66 8.192869975636000587e-64 4.289750515608968833e-61 1.952451676221182031e-58 7.724867445905019107e-56 2.656899800686878624e-53 7.944094736902948459e-51 2.064958429966642672e-48 4.666479709393358624e-46 9.168392034045601089e-44 1.566168202927143682e-41 2.326173218646762931e-39 3.004156331380918070e-37 3.373648428898766187e-35 3.294546815525745350e-33 2.797910629879980194e-31 2.066522949106699627e-29 1.327526841940587224e-27 7.417786768182468997e-26 3.605519198339169710e-24 1.524620814678381687e-22 5.609171909504866345e-21 1.795666318796924619e-19 5.002592705788644107e-18 1.213015458506344943e-16 2.560387748135441057e-15 4.705314421993291295e-14 7.530098646790664251e-13 1.049638165319722866e-11 1.274729080849182312e-10 1.349166063869357377e-09 1.244896445850096552e-08 1.001839634717694430e-07 7.035077672038834019e-07 4.313135213873090209e-06 2.310295632107370201e-05 1.082059125702723989e-04 4.435889239608379838e-04 1.593657538984441990e-03 5.025313074553551702e-03 1.393558263017417517e-02 3.406791634237218286e-02 7.365206208825467171e-02 1.413817152121433496e-01 2.422308343814179588e-01 3.729095913617125335e-01 5.202697544717089784e-01 6.648798488989734468e-01 7.883779711090466158e-01 8.801612876686399911e-01 9.395229194081941015e-01 9.729333673903723945e-01 9.892972944916464950e-01 9.962718199941155151e-01 9.988585768966654621e-01 9.996934129267356361e-01 9.999278580033552633e-01 9.999851460740230014e-01 9.999973263836294812e-01 9.999995796401226489e-01 9.999999423067045257e-01 9.999999930916381174e-01 9.999999992786081648e-01 9.999999999343334167e-01 9.999999999947910556e-01 9.999999999996400657e-01 9.999999999999783507e-01 9.999999999999988898e-01 1.000000000000000000e+00 1.000000000000000000e+00 1.000000000000000000e+00 1.000000000000000000e+00 1.000000000000000000e+00 1.000000000000000000e+00 1.000000000000000000e+00 1.000000000000000000e+00 1.000000000000000000e+00 1.000000000000000000e+00 1.000000000000000000e+00 1.000000000000000000e+00 1.000000000000000000e+00 1.000000000000000000e+00 1.000000000000000000e+00 1.000000000000000000e+00 1.000000000000000000e+00 1.000000000000000000e+00 1.000000000000000000e+00 1.000000000000000000e+00 1.000000000000000000e+00 1.000000000000000000e+00 1.000000000000000000e+00
1.515097567523209122e-84 1.485892597371935371e-81 1.283761088437893601e-78 9.770945681417118290e-76 6.551647875144472119e-73 3.870190639417980891e-70 2.014135621182298480e-67 9.234782912091158509e-65 3.730386458374511477e-62 1.327633246877134145e-59 4.163016122825409119e-57 1.150145620588143464e-54 2.799767894005549501e-52 6.005180375230106833e-50 1.134948125959404319e-47 1.890095708677932135e-45 2.773717264329571104e-43 3.586946855996574707e-41 4.087773940069205089e-39 4.105480291968157687e-37 3.633904827967384450e-35 2.834877895747359421e-33 1.949246527832169917e-31 1.181389102128600317e-29 6.311566009605873127e-28 2.972526554344380067e-26 1.234206505949261251e-24 4.518094562998819443e-23 1.458355504706522049e-21 4.150983887646736825e-20 1.041985015316268465e-18 2.306974686101553672e-17 4.505561615249960927e-16 7.763189350896494618e-15 1.180278835340235541e-13 1.583650259130474496e-12 1.875649705540090518e-11 1.961381548570152996e-10 1.811362361939773491e-09 1.477795676885339201e-08 1.065476196523620416e-07 6.791633279562015709e-07 3.829295445459107327e-06 1.910867626047702054e-05 8.445239596288293537e-05 3.308475663059790516e-04 1.150065276464885301e-03 3.551734667309654550e-03 9.760155333701831318e-03 2.391188823665159335e-02 5.235679208324365425e-02 1.027730553185486201e-01 1.815705311594432991e-01 2.901712461930918696e-01 4.221591551586555413e-01 5.636141016072963028e-01 6.972998674050735479e-01 8.087125980495964983e-01 8.905903184101244818e-01 9.436513481744398524e-01 9.739735997232967790e-01 9.892534470187471785e-01 9.960430360046976794e-01 9.987033270553631326e-01 9.996224414000500769e-01 9.999024410282613129e-01 9.999776526590937742e-01 9.999954659308538663e-01 9.999991857724351840e-01 9.999998706574632079e-01 9.999999818340492563e-01 9.999999977451778932e-01 9.999999997527440065e-01 9.999999999760542657e-01 9.999999999979524157e-01 9.999999999998454570e-01 9.999999999999897859e-01 9.999999999999993339e-01 1.000000000000000000e+00 1.000000000000000000e+00 1.000000000000000000e+00 1.000000000000000000e+00 1.000000000000000000e+00 1.000000000000000000e+00 1.000000000000000000e+00 1.000000000000000000e+00 1.000000000000000000e+00 1.000000000000000000e+00 1.000000000000000000e+00 1.000000000000000000e+00 1.000000000000000000e+00 1.000000000000000000e+00 1.000000000000000000e+00 1.000000000000000000e+00 1.000000000000000000e+00 1.000000000000000000e+00 1.000000000000000000e+00 1.000000000000000000e+00 1.000000000000000000e+00 1.000000000000000000e+00
