0.000000000000000000e+00
0.000000000000000000e+00
0.000000000000000000e+00
0.000000000000000000e+00
0.000000000000000000e+00
0.000000000000000000e+00
0.000000000000000000e+00
0.000000000000000000e+00
0.000000000000000000e+00
0.000000000000000000e+00
0.000000000000000000e+00
0.000000000000000000e+00
0.000000000000000000e+00
0.000000000000000000e+00
0.000000000000000000e+00
2.200662799999999689e-06
3.407331800000000044e-05
1.314164860000000131e-04
4.116277759999999565e-04
1.158957971999999975e-03
3.014026340000000321e-03
7.369557280000000286e-03
1.664402451999999824e-02
3.457720460000000134e-02
6.712227099999999724e-02
1.207530133999999977e-01
1.990747520000000215e-01
3.083568099999999812e-01
4.452068920000000207e-01
6.075885960000000363e-01
7.892002319999998905e-01
