0.000000000000000000e+00 0.000000000000000000e+00 0.000000000000000000e+00 0.000000000000000000e+00 0.000000000000000000e+00 0.000000000000000000e+00 0.000000000000000000e+00 0.000000000000000000e+00 0.000000000000000000e+00 0.000000000000000000e+00 0.000000000000000000e+00 0.000000000000000000e+00 0.000000000000000000e+00 0.000000000000000000e+00 0.000000000000000000e+00 0.000000000000000000e+00 0.000000000000000000e+00 0.000000000000000000e+00 0.000000000000000000e+00 0.000000000000000000e+00 0.000000000000000000e+00 0.000000000000000000e+00 9.881312916824930884e-324 2.370990146087370427e-300 6.242547606410504218e-278 2.188105900312025848e-256 1.021191884467544324e-235 6.346653429956935153e-216 5.253582896411304730e-197 5.793294262509375201e-179 8.512431739281715069e-162 1.667072302928772846e-145 4.352733070621620106e-130 1.515774152814471554e-115 7.043036494615781347e-102 4.368824896242741063e-89 3.620129066025945188e-77 4.010311468850609796e-66 5.945013364267705039e-56 1.180842457114160704e-46 3.147778236448107834e-38 1.128590228514333675e-30 5.458737840328997862e-24 3.577122645324549735e-18 3.196266165143335495e-13 3.933880304007172003e-09 6.785261748562969238e-06 1.694114356813121187e-03 6.557815257153234989e-02 4.645457403032388632e-01 9.085011838045169430e-01 9.970397452070025590e-01 9.999849508597697945e-01 9.999999888597479458e-01 9.999999999988409272e-01 1.000000000000000000e+00 1.000000000000000000e+00 1.000000000000000000e+00 1.000000000000000000e+00 1.000000000000000000e+00 1.000000000000000000e+00 1.000000000000000000e+00 1.000000000000000000e+00 1.000000000000000000e+00 1.000000000000000000e+00 1.000000000000000000e+00 1.000000000000000000e+00 1.000000000000000000e+00 1.000000000000000000e+00 1.000000000000000000e+00 1.000000000000000000e+00 1.000000000000000000e+00 1.000000000000000000e+00 1.000000000000000000e+00 1.000000000000000000e+00 1.000000000000000000e+00 1.000000000000000000e+00 1.000000000000000000e+00 1.000000000000000000e+00 1.000000000000000000e+00 1.000000000000000000e+00 1.000000000000000000e+00 1.000000000000000000e+00 1.000000000000000000e+00 1.000000000000000000e+00 1.000000000000000000e+00 1.000000000000000000e+00 1.000000000000000000e+00 1.000000000000000000e+00 1.000000000000000000e+00 1.000000000000000000e+00 1.000000000000000000e+00 1.000000000000000000e+00 1.000000000000000000e+00 1.000000000000000000e+00 1.000000000000000000e+00 1.000000000000000000e+00 1.000000000000000000e+00 1.000000000000000000e+00 1.000000000000000000e+00
0.000000000000000000e+00 0.000000000000000000e+00 0.000000000000000000e+00 0.000000000000000000e+00 0.000000000000000000e+00 0.000000000000000000e+00 0.000000000000000000e+00 0.000000000000000000e+00 0.000000000000000000e+00 0.000000000000000000e+00 0.000000000000000000e+00 0.000000000000000000e+00 0.000000000000000000e+00 0.000000000000000000e+00 0.000000000000000000e+00 0.000000000000000000e+00 0.000000000000000000e+00 0.000000000000000000e+00 0.000000000000000000e+00 0.000000000000000000e+00 0.000000000000000000e+00 0.000000000000000000e+00 0.000000000000000000e+00 4.681159969901272962e-315 2.193376591506132322e-291 1.205987514313487679e-268 7.782187384806339583e-247 5.894637501167469429e-226 5.241863610236879883e-206 5.473629038678340421e-187 6.713165281329655091e-169 9.672958471446240721e-152 1.637981757357617409e-135 3.260912990484465644e-120 7.635609523768766326e-106 2.104051230475078031e-92 6.827507925888170343e-80 2.611044610598501994e-68 1.178029548696072095e-57 6.278502659185227045e-48 3.959658284009749228e-39 2.961829104909744953e-31 2.636010043219268189e-24 2.804214095757686516e-18 3.590538250199119666e-13 5.595190955915909180e-09 1.081794296196963472e-05 2.693073868774441531e-03 9.364066691083614002e-02 5.579031703838734924e-01 9.462983016190431584e-01 9.989449935429519645e-01 9.999971687361605133e-01 9.999999990310779463e-01 9.999999999999590328e-01 1.000000000000000000e+00 1.000000000000000000e+00 1.000000000000000000e+00 1.000000000000000000e+00 1.000000000000000000e+00 1.000000000000000000e+00 1.000000000000000000e+00 1.000000000000000000e+00 1.000000000000000000e+00 1.000000000000000000e+00 1.000000000000000000e+00 1.000000000000000000e+00 1.000000000000000000e+00 1.000000000000000000e+00 1.000000000000000000e+00 1.000000000000000000e+00 1.000000000000000000e+00 1.000000000000000000e+00 1.000000000000000000e+00 1.000000000000000000e+00 1.000000000000000000e+00 1.000000000000000000e+00 1.000000000000000000e+00 1.000000000000000000e+00 1.000000000000000000e+00 1.000000000000000000e+00 1.000000000000000000e+00 1.000000000000000000e+00 1.000000000000000000e+00 1.000000000000000000e+00 1.000000000000000000e+00 1.000000000000000000e+00 1.000000000000000000e+00 1.000000000000000000e+00 1.000000000000000000e+00 1.000000000000000000e+00 1.000000000000000000e+00 1.000000000000000000e+00 1.000000000000000000e+00 1.000000000000000000e+00 1.000000000000000000e+00 1.000000000000000000e+00 1.000000000000000000e+00 1.000000000000000000e+00 1.000000000000000000e+00
0.000000000000000000e+00 0.000000000000000000e+00 0.000000000000000000e+00 0.000000000000000000e+00 0.000000000000000000e+00 0.000000000000000000e+00 0.000000000000000000e+00 0.000000000000000000e+00 0.000000000000000000e+00 0.000000000000000000e+00 0.000000000000000000e+00 0.000000000000000000e+00 0.000000000000000000e+00 0.000000000000000000e+00 0.000000000000000000e+00 0.000000000000000000e+00 0.000000000000000000e+00 0.000000000000000000e+00 0.000000000000000000e+00 0.000000000000000000e+00 0.000000000000000000e+00 0.000000000000000000e+00 0.000000000000000000e+00 0.000000000000000000e+00 1.559449041907476942e-318 1.853839238648572618e-293 2.034431810507411486e-269 2.061355093664373329e-246 1.928767729290566819e-224 1.666920821336976093e-203 1.330952127523366044e-183 9.820733104871658428e-165 6.698876813038468358e-147 4.225765740523529947e-130 2.466356412348671380e-114 1.332591180782369939e-99 6.670017014885081262e-86 3.095395390742166387e-73 1.333312383766085071e-61 5.337965958684029540e-51 1.989938505126096615e-41 6.924597315228125565e-33 2.257029939959466641e-25 6.925425561385904117e-19 2.015847095588466746e-13 5.636688842218053901e-09 1.548335898143123466e-05 4.369350702598808270e-03 1.405205730432491640e-01 6.794437577502636660e-01 9.777987580830905801e-01 9.998105777560182261e-01 9.999998288457569995e-01 9.999999999845956555e-01 9.999999999999998890e-01 1.000000000000000000e+00 1.000000000000000000e+00 1.000000000000000000e+00 1.000000000000000000e+00 1.000000000000000000e+00 1.000000000000000000e+00 1.000000000000000000e+00 1.000000000000000000e+00 1.000000000000000000e+00 1.000000000000000000e+00 1.000000000000000000e+00 1.000000000000000000e+00 1.000000000000000000e+00 1.000000000000000000e+00 1.000000000000000000e+00 1.000000000000000000e+00 1.000000000000000000e+00 1.000000000000000000e+00 1.000000000000000000e+00 1.000000000000000000e+00 1.000000000000000000e+00 1.000000000000000000e+00 1.000000000000000000e+00 1.000000000000000000e+00 1.000000000000000000e+00 1.000000000000000000e+00 1.000000000000000000e+00 1.000000000000000000e+00 1.000000000000000000e+00 1.000000000000000000e+00 1.000000000000000000e+00 1.000000000000000000e+00 1.000000000000000000e+00 1.000000000000000000e+00 1.000000000000000000e+00 1.000000000000000000e+00 1.000000000000000000e+00 1.000000000000000000e+00 1.000000000000000000e+00 1.000000000000000000e+00 1.000000000000000000e+00 1.000000000000000000e+00 1.000000000000000000e+00 1.000000000000000000e+00 1.000000000000000000e+00
0.000000000000000000e+00 0.000000000000000000e+00 0.000000000000000000e+00 0.000000000000000000e+00 0.000000000000000000e+00 0.000000000000000000e+00 0.000000000000000000e+00 0.000000000000000000e+00 0.000000000000000000e+00 0.000000000000000000e+00 0.000000000000000000e+00 0.000000000000000000e+00 0.000000000000000000e+00 0.000000000000000000e+00 0.000000000000000000e+00 0.000000000000000000e+00 0.000000000000000000e+00 0.000000000000000000e+00 0.000000000000000000e+00 0.000000000000000000e+00 0.000000000000000000e+00 0.000000000000000000e+00 0.000000000000000000e+00 0.000000000000000000e+00 0.000000000000000000e+00 0.000000000000000000e+00 0.000000000000000000e+00 5.434875313078239830e-309 4.981839069207433623e-281 2.110913554635414525e-254 4.135625529345620289e-229 3.747395475612915758e-205 1.571033446175462495e-182 3.048505562953105300e-161 2.739351631523842185e-141 1.140583147490768214e-122 2.202130867962668914e-105 1.973304287123814130e-89 8.216465947729537037e-75 1.592103724152996337e-61 1.438545107716300368e-49 6.077602171644091045e-39 1.205274390009301507e-29 1.128462198306748805e-21 5.033420831323554279e-15 1.086077112065436474e-09 1.166633854238795026e-05 6.637186742676275293e-03 2.350571270831279258e-01 8.489020584082604959e-01 9.973299201895416966e-01 9.999971845372275236e-01 9.999999998451293282e-01 9.999999999999995559e-01 1.000000000000000000e+00 1.000000000000000000e+00 1.000000000000000000e+00 1.000000000000000000e+00 1.000000000000000000e+00 1.000000000000000000e+00 1.000000000000000000e+00 1.000000000000000000e+00 1.000000000000000000e+00 1.000000000000000000e+00 1.000000000000000000e+00 1.000000000000000000e+00 1.000000000000000000e+00 1.000000000000000000e+00 1.000000000000000000e+00 1.000000000000000000e+00 1.000000000000000000e+00 1.000000000000000000e+00 1.000000000000000000e+00 1.000000000000000000e+00 1.000000000000000000e+00 1.000000000000000000e+00 1.000000000000000000e+00 1.000000000000000000e+00 1.000000000000000000e+00 1.000000000000000000e+00 1.000000000000000000e+00 1.000000000000000000e+00 1.000000000000000000e+00 1.000000000000000000e+00 1.000000000000000000e+00 1.000000000000000000e+00 1.000000000000000000e+00 1.000000000000000000e+00 1.000000000000000000e+00 1.000000000000000000e+00 1.000000000000000000e+00 1.000000000000000000e+00 1.000000000000000000e+00 1.000000000000000000e+00 1.000000000000000000e+00 1.000000000000000000e+00 1.000000000000000000e+00 1.000000000000000000e+00 1.000000000000000000e+00 1.000000000000000000e+00
0.000000000000000000e+00 0.000000000000000000e+00 0.000000000000000000e+00 0.000000000000000000e+00 0.000000000000000000e+00 0.000000000000000000e+00 0.000000000000000000e+00 0.000000000000000000e+00 0.000000000000000000e+00 0.000000000000000000e+00 0.000000000000000000e+00 0.000000000000000000e+00 0.000000000000000000e+00 0.000000000000000000e+00 0.000000000000000000e+00 0.000000000000000000e+00 0.000000000000000000e+00 0.000000000000000000e+00 0.000000000000000000e+00 0.000000000000000000e+00 0.000000000000000000e+00 0.000000000000000000e+00 0.000000000000000000e+00 0.000000000000000000e+00 0.000000000000000000e+00 0.000000000000000000e+00 0.000000000000000000e+00 0.000000000000000000e+00 5.286613858371267370e-313 5.491499696858787113e-283 1.710406263661023803e-254 1.597846679794815907e-227 4.478728216902056287e-202 3.768287629326892991e-178 9.521968983857270359e-156 7.230612888466310994e-135 1.651296535979519777e-115 1.135266572643352992e-97 2.352508791479863048e-81 1.471725584909940335e-66 2.785630061084304843e-53 1.599988315239886373e-41 2.800687406624572809e-31 1.503699287235447895e-22 2.501942811434369683e-15 1.313375442345813723e-09 2.252484653070723007e-05 1.367504067020503672e-02 3.695514473766069452e-01 9.382687444958011103e-01 9.996797345328161111e-01 9.999999379283543988e-01 9.999999999995987654e-01 1.000000000000000000e+00 1.000000000000000000e+00 1.000000000000000000e+00 1.000000000000000000e+00 1.000000000000000000e+00 1.000000000000000000e+00 1.000000000000000000e+00 1.000000000000000000e+00 1.000000000000000000e+00 1.000000000000000000e+00 1.000000000000000000e+00 1.000000000000000000e+00 1.000000000000000000e+00 1.000000000000000000e+00 1.000000000000000000e+00 1.000000000000000000e+00 1.000000000000000000e+00 1.000000000000000000e+00 1.000000000000000000e+00 1.000000000000000000e+00 1.000000000000000000e+00 1.000000000000000000e+00 1.000000000000000000e+00 1.000000000000000000e+00 1.000000000000000000e+00 1.000000000000000000e+00 1.000000000000000000e+00 1.000000000000000000e+00 1.000000000000000000e+00 1.000000000000000000e+00 1.000000000000000000e+00 1.000000000000000000e+00 1.000000000000000000e+00 1.000000000000000000e+00 1.000000000000000000e+00 1.000000000000000000e+00 1.000000000000000000e+00 1.000000000000000000e+00 1.000000000000000000e+00 1.000000000000000000e+00 1.000000000000000000e+00 1.000000000000000000e+00 1.000000000000000000e+00 1.000000000000000000e+00 1.000000000000000000e+00 1.000000000000000000e+00 1.000000000000000000e+00
0.000000000000000000e+00 0.000000000000000000e+00 0.000000000000000000e+00 0.000000000000000000e+00 0.000000000000000000e+00 0.000000000000000000e+00 0.000000000000000000e+00 0.000000000000000000e+00 0.000000000000000000e+00 0.000000000000000000e+00 0.000000000000000000e+00 0.000000000000000000e+00 0.000000000000000000e+00 0.000000000000000000e+00 0.000000000000000000e+00 0.000000000000000000e+00 0.000000000000000000e+00 0.000000000000000000e+00 0.000000000000000000e+00 0.000000000000000000e+00 0.000000000000000000e+00 0.000000000000000000e+00 0.000000000000000000e+00 0.000000000000000000e+00 0.000000000000000000e+00 0.000000000000000000e+00 0.000000000000000000e+00 0.000000000000000000e+00 0.000000000000000000e+00 7.178646454791607368e-294 8.120723768429598637e-264 2.140826404230133097e-235 1.315731464276810902e-208 1.886029978895407997e-183 6.309029212117920602e-160 4.928319780198945903e-138 8.997397219772512430e-118 3.842991561113029061e-99 3.845371881340486818e-82 9.030013068792734001e-67 4.988296107811098182e-53 6.503859582821676891e-41 2.011132425790177906e-30 1.485833821218539111e-21 2.654743099667574307e-14 1.172367103499854671e-08 1.338119495753746133e-04 4.408529688090411652e-02 5.927098428665570351e-01 9.851538279244159702e-01 9.999805417045715128e-01 9.999999992912009805e-01 9.999999999999993339e-01 1.000000000000000000e+00 1.000000000000000000e+00 1.000000000000000000e+00 1.000000000000000000e+00 1.000000000000000000e+00 1.000000000000000000e+00 1.000000000000000000e+00 1.000000000000000000e+00 1.000000000000000000e+00 1.000000000000000000e+00 1.000000000000000000e+00 1.000000000000000000e+00 1.000000000000000000e+00 1.000000000000000000e+00 1.000000000000000000e+00 1.000000000000000000e+00 1.000000000000000000e+00 1.000000000000000000e+00 1.000000000000000000e+00 1.000000000000000000e+00 1.000000000000000000e+00 1.000000000000000000e+00 1.000000000000000000e+00 1.000000000000000000e+00 1.000000000000000000e+00 1.000000000000000000e+00 1.000000000000000000e+00 1.000000000000000000e+00 1.000000000000000000e+00 1.000000000000000000e+00 1.000000000000000000e+00 1.000000000000000000e+00 1.000000000000000000e+00 1.000000000000000000e+00 1.000000000000000000e+00 1.000000000000000000e+00 1.000000000000000000e+00 1.000000000000000000e+00 1.000000000000000000e+00 1.000000000000000000e+00 1.000000000000000000e+00 1.000000000000000000e+00 1.000000000000000000e+00 1.000000000000000000e+00 1.000000000000000000e+00 1.000000000000000000e+00 1.000000000000000000e+00
0.000000000000000000e+00 0.000000000000000000e+00 0.000000000000000000e+00 0.000000000000000000e+00 0.000000000000000000e+00 0.000000000000000000e+00 0.000000000000000000e+00 0.000000000000000000e+00 0.000000000000000000e+00 0.000000000000000000e+00 0.000000000000000000e+00 0.000000000000000000e+00 0.000000000000000000e+00 0.000000000000000000e+00 0.000000000000000000e+00 0.000000000000000000e+00 0.000000000000000000e+00 0.000000000000000000e+00 0.000000000000000000e+00 0.000000000000000000e+00 0.000000000000000000e+00 0.000000000000000000e+00 0.000000000000000000e+00 0.000000000000000000e+00 0.000000000000000000e+00 0.000000000000000000e+00 0.000000000000000000e+00 0.000000000000000000e+00 0.000000000000000000e+00 0.000000000000000000e+00 0.000000000000000000e+00 0.000000000000000000e+00 0.000000000000000000e+00 0.000000000000000000e+00 0.000000000000000000e+00 0.000000000000000000e+00 0.000000000000000000e+00 0.000000000000000000e+00 0.000000000000000000e+00 0.000000000000000000e+00 0.000000000000000000e+00 3.786544013027340490e-301 1.340349840269706066e-216 4.657708498147572550e-146 1.615372031103541857e-89 5.778790082068668807e-47 2.315376103950688809e-18 1.441776857948203882e-03 9.965573984496821636e-01 1.000000000000000000e+00 1.000000000000000000e+00 1.000000000000000000e+00 1.000000000000000000e+00 1.000000000000000000e+00 1.000000000000000000e+00 1.000000000000000000e+00 1.000000000000000000e+00 1.000000000000000000e+00 1.000000000000000000e+00 1.000000000000000000e+00 1.000000000000000000e+00 1.000000000000000000e+00 1.000000000000000000e+00 1.000000000000000000e+00 1.000000000000000000e+00 1.000000000000000000e+00 1.000000000000000000e+00 1.000000000000000000e+00 1.000000000000000000e+00 1.000000000000000000e+00 1.000000000000000000e+00 1.000000000000000000e+00 1.000000000000000000e+00 1.000000000000000000e+00 1.000000000000000000e+00 1.000000000000000000e+00 1.000000000000000000e+00 1.000000000000000000e+00 1.000000000000000000e+00 1.000000000000000000e+00 1.000000000000000000e+00 1.000000000000000000e+00 1.000000000000000000e+00 1.000000000000000000e+00 1.000000000000000000e+00 1.000000000000000000e+00 1.000000000000000000e+00 1.000000000000000000e+00 1.000000000000000000e+00 1.000000000000000000e+00 1.000000000000000000e+00 1.000000000000000000e+00 1.000000000000000000e+00 1.000000000000000000e+00 1.000000000000000000e+00 1.000000000000000000e+00 1.000000000000000000e+00 1.000000000000000000e+00 1.000000000000000000e+00 1.000000000000000000e+00
0.000000000000000000e+00 0.000000000000000000e+00 0.000000000000000000e+00 0.000000000000000000e+00 0.000000000000000000e+00 0.000000000000000000e+00 0.000000000000000000e+00 0.000000000000000000e+00 0.000000000000000000e+00 0.000000000000000000e+00 0.000000000000000000e+00 0.000000000000000000e+00 0.000000000000000000e+00 0.000000000000000000e+00 0.000000000000000000e+00 0.000000000000000000e+00 0.000000000000000000e+00 2.286341274211918230e-313 5.377896046514311652e-293 2.587327276129226768e-273 2.546215392438380290e-254 5.126076615958863858e-236 2.111385006948158064e-218 1.779483553079697345e-201 3.069185272555003045e-185 1.083480012777669676e-169 7.830014981645285296e-155 1.158602011488650945e-140 3.511034960903135772e-127 2.179617507875630431e-114 2.772708309420904435e-102 7.230451269043569352e-91 3.866808237797251474e-80 4.243193143848236622e-70 9.560091811398296333e-61 4.425894671980961606e-52 4.214407878095491616e-44 8.264426025947106785e-37 3.343011919577792320e-30 2.795486812754918573e-24 4.846962837128261968e-19 1.749937370793542985e-14 1.323922227893599741e-10 2.119822042289513620e-07 7.304234840152867901e-05 5.584049747821315940e-03 1.007734670813280331e-01 4.932507021024556959e-01 8.931248681555143953e-01 9.938524065674501085e-01 9.999163229255281227e-01 9.999997470120727261e-01 9.999999998353018560e-01 9.999999999999773515e-01 1.000000000000000000e+00 1.000000000000000000e+00 1.000000000000000000e+00 1.000000000000000000e+00 1.000000000000000000e+00 1.000000000000000000e+00 1.000000000000000000e+00 1.000000000000000000e+00 1.000000000000000000e+00 1.000000000000000000e+00 1.000000000000000000e+00 1.000000000000000000e+00 1.000000000000000000e+00 1.000000000000000000e+00 1.000000000000000000e+00 1.000000000000000000e+00 1.000000000000000000e+00 1.000000000000000000e+00 1.000000000000000000e+00 1.000000000000000000e+00 1.000000000000000000e+00 1.000000000000000000e+00 1.000000000000000000e+00 1.000000000000000000e+00 1.000000000000000000e+00 1.000000000000000000e+00 1.000000000000000000e+00 1.000000000000000000e+00 1.000000000000000000e+00 1.000000000000000000e+00 1.000000000000000000e+00 1.000000000000000000e+00 1.000000000000000000e+00 1.000000000000000000e+00 1.000000000000000000e+00 1.000000000000000000e+00 1.000000000000000000e+00 1.000000000000000000e+00 1.000000000000000000e+00 1.000000000000000000e+00 1.000000000000000000e+00 1.000000000000000000e+00 1.000000000000000000e+00 1.000000000000000000e+00 1.000000000000000000e+00 1.000000000000000000e+00
0.000000000000000000e+00 0.000000000000000000e+00 1.482196937523739633e-322 2.158932916333194130e-308 1.508001379069051488e-294 5.040567883640939597e-281 8.062761401543226812e-268 6.172016557689268135e-255 2.261114483714939471e-242 3.964464302345259032e-230 3.326813091774141876e-218 1.336198355678655456e-206 2.568799621580106461e-195 2.363883063550108587e-184 1.041309138180098307e-173 2.195911063741086775e-163 2.216954958654264499e-153 1.071603816516842948e-143 2.480150076758723488e-134 2.748668294679705171e-125 1.458832532246947708e-116 3.708255534081843067e-108 4.515047427252520390e-100 2.633519542431961862e-92 7.359566022045679317e-85 9.855464541981892039e-78 6.325406299122716624e-71 1.946142294739203326e-64 2.871028253840752539e-58 2.031399100990812819e-52 6.895823682302717663e-47 1.123499927769626214e-41 8.789208710489963960e-37 3.303309925853081686e-32 5.968359815790078163e-28 5.188189298352087306e-24 2.172041304819491936e-20 4.384968442997073825e-17 4.275922919398861383e-14 2.018417277773275998e-11 4.625998308714719805e-09 5.169279620682591851e-07 2.833503158679700611e-05 7.689225156610265824e-04 1.048214091842934910e-02 7.355593915985793319e-02 2.772634793203329062e-01 6.055842164130146310e-01 8.700540425982160597e-01 9.764536236350972453e-01 9.977744288491738889e-01 9.998935103763686438e-01 9.999974656065317991e-01 9.999999703233886095e-01 9.999999998302306903e-01 9.999999999995278221e-01 9.999999999999993339e-01 1.000000000000000000e+00 1.000000000000000000e+00 1.000000000000000000e+00 1.000000000000000000e+00 1.000000000000000000e+00 1.000000000000000000e+00 1.000000000000000000e+00 1.000000000000000000e+00 1.000000000000000000e+00 1.000000000000000000e+00 1.000000000000000000e+00 1.000000000000000000e+00 1.000000000000000000e+00 1.000000000000000000e+00 1.000000000000000000e+00 1.000000000000000000e+00 1.000000000000000000e+00 1.000000000000000000e+00 1.000000000000000000e+00 1.000000000000000000e+00 1.000000000000000000e+00 1.000000000000000000e+00 1.000000000000000000e+00 1.000000000000000000e+00 1.000000000000000000e+00 1.000000000000000000e+00 1.000000000000000000e+00 1.000000000000000000e+00 1.000000000000000000e+00 1.000000000000000000e+00 1.000000000000000000e+00 1.000000000000000000e+00 1.000000000000000000e+00 1.000000000000000000e+00 1.000000000000000000e+00 1.000000000000000000e+00 1.000000000000000000e+00 1.000000000000000000e+00 1.000000000000000000e+00 1.000000000000000000e+00 1.000000000000000000e+00 1.000000000000000000e+00 1.000000000000000000e+00
0.000000000000000000e+00 0.000000000000000000e+00 0.000000000000000000e+00 0.000000000000000000e+00 0.000000000000000000e+00 2.796684373674680369e-311 1.535130250238693748e-296 3.679147503445652205e-282 3.850019550366268376e-268 1.759167006207145034e-254 3.509905526697968024e-241 3.058053889774989907e-228 1.163522502032294247e-215 1.933323861093507461e-203 1.402996745677233322e-191 4.446876392984882675e-180 6.156391453662651972e-169 3.723053095728503266e-158 9.835719005960869277e-148 1.135226000083451290e-137 5.724891220504237873e-128 1.261550686033828605e-118 1.214909137451038989e-109 5.113752026857818708e-101 9.409240150757655422e-93 7.569358809409485098e-85 2.662771229216911029e-77 4.097050412615692601e-70 2.757898325026837538e-63 8.124168646074206248e-57 1.047656753661621018e-50 5.916580708222172835e-45 1.463996312778127337e-39 1.588089244524222057e-34 7.557513589416606046e-30 1.579166181764111560e-25 1.450421746383092991e-21 5.863861750668955439e-18 1.045412195965024274e-14 8.238833657973278774e-12 2.879905358104267725e-09 4.486462614959148941e-07 3.137058941064566981e-05 9.954315660407081923e-04 1.459440001165087514e-02 1.019955721293395873e-01 3.595739784385515447e-01 7.092061152154596204e-01 9.280926258370266746e-01 9.911634412595602406e-01 9.994865680613870262e-01 9.999862795219773837e-01 9.999998340689137954e-01 9.999999991008736711e-01 9.999999999978311793e-01 9.999999999999976685e-01 1.000000000000000000e+00 1.000000000000000000e+00 1.000000000000000000e+00 1.000000000000000000e+00 1.000000000000000000e+00 1.000000000000000000e+00 1.000000000000000000e+00 1.000000000000000000e+00 1.000000000000000000e+00 1.000000000000000000e+00 1.000000000000000000e+00 1.000000000000000000e+00 1.000000000000000000e+00 1.000000000000000000e+00 1.000000000000000000e+00 1.000000000000000000e+00 1.000000000000000000e+00 1.000000000000000000e+00 1.000000000000000000e+00 1.000000000000000000e+00 1.000000000000000000e+00 1.000000000000000000e+00 1.000000000000000000e+00 1.000000000000000000e+00 1.000000000000000000e+00 1.000000000000000000e+00 1.000000000000000000e+00 1.000000000000000000e+00 1.000000000000000000e+00 1.000000000000000000e+00 1.000000000000000000e+00 1.000000000000000000e+00 1.000000000000000000e+00 1.000000000000000000e+00 1.000000000000000000e+00 1.000000000000000000e+00 1.000000000000000000e+00 1.000000000000000000e+00 1.000000000000000000e+00 1.000000000000000000e+00 1.000000000000000000e+00 1.000000000000000000e+00 1.000000000000000000e+00 1.000000000000000000e+00
6.780753477056558652e-266 1.316006547038879999e-254 1.447126139967396591e-243 9.016388560520297006e-233 3.183076412664264670e-222 6.367380202928052424e-212 7.217480897912149365e-202 4.635903677989366678e-192 1.687410723395976357e-182 3.480644508007297782e-173 4.068806367439543931e-164 2.695629637913677024e-155 1.012180845270019643e-146 2.154176091899831978e-138 2.598674281778009592e-130 1.777028978451290003e-122 6.888679842139561075e-115 1.513930043276602420e-107 1.886411576283060586e-100 1.332796759423601791e-93 5.339839456259574986e-87 1.213315698017857932e-80 1.563689898747191044e-74 1.143180143227029245e-68 4.741646855796472271e-63 1.116004698612053545e-57 1.490757609711614664e-52 1.130436705125407501e-47 4.867346453659923955e-43 1.190340969645592193e-38 1.653985491342255720e-34 1.306316103730042493e-30 5.867189287687436390e-27 1.499440348307632284e-23 2.181991995769599667e-20 1.809599050632602569e-17 8.562375648160365428e-15 2.314720075902248969e-12 3.581693329818192538e-10 3.179947462014491987e-08 1.625303913115256867e-06 4.804613790653241261e-05 8.270583214398704707e-04 8.375450868180067329e-03 5.070367337251591167e-02 1.883461031663604679e-01 4.483045497612988539e-01 7.337240647888026990e-01 9.159256230279654298e-01 9.835063574080076254e-01 9.980509940683479631e-01 9.998638718280965509e-01 9.999944466084915717e-01 9.999998686995192898e-01 9.999999982103155993e-01 9.999999999859888744e-01 9.999999999999371614e-01 9.999999999999997780e-01 1.000000000000000000e+00 1.000000000000000000e+00 1.000000000000000000e+00 1.000000000000000000e+00 1.000000000000000000e+00 1.000000000000000000e+00 1.000000000000000000e+00 1.000000000000000000e+00 1.000000000000000000e+00 1.000000000000000000e+00 1.000000000000000000e+00 1.000000000000000000e+00 1.000000000000000000e+00 1.000000000000000000e+00 1.000000000000000000e+00 1.000000000000000000e+00 1.000000000000000000e+00 1.000000000000000000e+00 1.000000000000000000e+00 1.000000000000000000e+00 1.000000000000000000e+00 1.000000000000000000e+00 1.000000000000000000e+00 1.000000000000000000e+00 1.000000000000000000e+00 1.000000000000000000e+00 1.000000000000000000e+00 1.000000000000000000e+00 1.000000000000000000e+00 1.000000000000000000e+00 1.000000000000000000e+00 1.000000000000000000e+00 1.000000000000000000e+00 1.000000000000000000e+00 1.000000000000000000e+00 1.000000000000000000e+00 1.000000000000000000e+00 1.000000000000000000e+00 1.000000000000000000e+00 1.000000000000000000e+00 1.000000000000000000e+00 1.000000000000000000e+00
3.535351839476192639e-113 2.273095519618799055e-108 1.144707744246011200e-103 4.515161731860511546e-99 1.394968214834118076e-94 3.375817301906318553e-90 6.399253580751880238e-86 9.502295276379526561e-82 1.105326540835175704e-77 1.007234795443662786e-73 7.190602614872768783e-70 4.021722213531618705e-66 1.762342660389319816e-62 6.050916078049380620e-59 1.627898370073351215e-55 3.431893967717291560e-52 5.669807204988321505e-49 7.341093414669989102e-46 7.449798216699060133e-43 5.925928067903195112e-40 3.695193643467029597e-37 1.806477269924047150e-34 6.924575719167034287e-32 2.081499709172139627e-29 4.907344182832888023e-27 9.075628500107526169e-25 1.316891927933602681e-22 1.499553955112847814e-20 1.340362908403817401e-18 9.407156997236781128e-17 5.185836117923307674e-15 2.246356112368986698e-13 7.649719901378745883e-12 2.049124236049541493e-10 4.320636334186439322e-09 7.177144365176042685e-08 9.402329451270527037e-07 9.726797957627809690e-06 7.959411566796016537e-05 5.163049309537557979e-04 2.662420817431472748e-03 1.095559000578682010e-02 3.615890616302993438e-02 9.640345697298934036e-02 2.096810523012941907e-01 3.772404132719613945e-01 5.722303480381963903e-01 7.507485489889327290e-01 8.793290057304731233e-01 9.521861960967707983e-01 9.846609351131748733e-01 9.960464918530991252e-01 9.991858986681019239e-01 9.998666148834907119e-01 9.999826642346210104e-01 9.999982168841428098e-01 9.999998551089834820e-01 9.999999907120189491e-01 9.999999995308233025e-01 9.999999999813405926e-01 9.999999999994162447e-01 9.999999999999855671e-01 9.999999999999997780e-01 1.000000000000000000e+00 1.000000000000000000e+00 1.000000000000000000e+00 1.000000000000000000e+00 1.000000000000000000e+00 1.000000000000000000e+00 1.000000000000000000e+00 1.000000000000000000e+00 1.000000000000000000e+00 1.000000000000000000e+00 1.000000000000000000e+00 1.000000000000000000e+00 1.000000000000000000e+00 1.000000000000000000e+00 1.000000000000000000e+00 1.000000000000000000e+00 1.000000000000000000e+00 1.000000000000000000e+00 1.000000000000000000e+00 1.000000000000000000e+00 1.000000000000000000e+00 1.000000000000000000e+00 1.000000000000000000e+00 1.000000000000000000e+00 1.000000000000000000e+00 1.000000000000000000e+00 1.000000000000000000e+00 1.000000000000000000e+00 1.000000000000000000e+00 1.000000000000000000e+00 1.000000000000000000e+00 1.000000000000000000e+00 1.000000000000000000e+00 1.000000000000000000e+00 1.000000000000000000e+00 1.000000000000000000e+00 1.000000000000000000e+00
1.615026684392343393e-89 1.055426488856068513e-85 5.673875027547521505e-82 2.509256625180533309e-78 9.129241294913646537e-75 2.732499645976795553e-71 6.728739920672408950e-68 1.363229205541467796e-64 2.272374329622155185e-61 3.116608137859198259e-58 3.517163841276856400e-55 3.266098013437427905e-52 2.495811275244423989e-49 1.569501117181633839e-46 8.122734694434616487e-44 3.459865758939218924e-41 1.212999528308582760e-38 3.500558018634702092e-36 8.316167631778195444e-34 1.626507856320821270e-31 2.619255674827701999e-29 3.473241806692099111e-27 3.792972268953971109e-25 3.411696381644805469e-23 2.527977319835737793e-21 1.543344559332505510e-19 7.764701689925726317e-18 3.220004081464189853e-16 1.100956776528445215e-14 3.104535585969074271e-13 7.222501523731642167e-12 1.386826372054369710e-10 2.198932606986569262e-09 2.880782516533393203e-08 3.120494868302719453e-07 2.797200615383319137e-06 2.077161510535066862e-05 1.279488407500665873e-04 6.548555481481702772e-04 2.790769084590881844e-03 9.930547409404450951e-03 2.961239879436666084e-02 7.435822845079476107e-02 1.582589315755456028e-01 2.880131567849355534e-01 4.535260736343295074e-01 6.276679811541167053e-01 7.787932535836057379e-01 8.869688917719381616e-01 9.508351468683119423e-01 9.819343405172669126e-01 9.944238058492428367e-01 9.985603012524374433e-01 9.996900663120434904e-01 9.999445031227587322e-01 9.999917501128401387e-01 9.999989833765106084e-01 9.999998962735405783e-01 9.999999912457153695e-01 9.999999993893189387e-01 9.999999999648122584e-01 9.999999999983261167e-01 9.999999999999342748e-01 9.999999999999978906e-01 1.000000000000000000e+00 1.000000000000000000e+00 1.000000000000000000e+00 1.000000000000000000e+00 1.000000000000000000e+00 1.000000000000000000e+00 1.000000000000000000e+00 1.000000000000000000e+00 1.000000000000000000e+00 1.000000000000000000e+00 1.000000000000000000e+00 1.000000000000000000e+00 1.000000000000000000e+00 1.000000000000000000e+00 1.000000000000000000e+00 1.000000000000000000e+00 1.000000000000000000e+00 1.000000000000000000e+00 1.000000000000000000e+00 1.000000000000000000e+00 1.000000000000000000e+00 1.000000000000000000e+00 1.000000000000000000e+00 1.000000000000000000e+00 1.000000000000000000e+00 1.000000000000000000e+00 1.000000000000000000e+00 1.000000000000000000e+00 1.000000000000000000e+00 1.000000000000000000e+00 1.000000000000000000e+00 1.000000000000000000e+00 1.000000000000000000e+00 1.000000000000000000e+00 1.000000000000000000e+00 1.000000000000000000e+00
5.086636957159575783e-58 1.575862738656817769e-55 4.288311969540899707e-53 1.025050348452255899e-50 2.152316357346041055e-48 3.969914540294240329e-46 6.432552039185756420e-44 9.156436757115442552e-42 1.145053461382929190e-39 1.258048353458195609e-37 1.214391662598718036e-35 1.029980833638112159e-33 7.675896911906983866e-32 5.026680636000080592e-30 2.892745575256078591e-28 1.462995212410286276e-26 6.502926651696483212e-25 2.540625299071875916e-23 8.725173937051466843e-22 2.634201692756550225e-20 6.992131006703223661e-19 1.631942662424517943e-17 3.349577979275729899e-16 6.046819174076143757e-15 9.602521960864567382e-14 1.341665033090157014e-12 1.649655756862104035e-11 1.785401678903121073e-10 1.701337174684482263e-09 1.427886783522654606e-08 1.055858526340250150e-07 6.881980217692135450e-07 3.955831712568216108e-06 2.006511990873401945e-05 8.987532790826594539e-05 3.558075601386388449e-04 1.246323604321651450e-03 3.867762982716804916e-03 1.065156293742953834e-02 2.608449480095218279e-02 5.694991843911771656e-02 1.112186607612102723e-01 1.951038648891553762e-01 3.090979942099304489e-01 4.452874681992196049e-01 5.883315681742419256e-01 7.204191830312554057e-01 8.276499355019157900e-01 9.041814064707363041e-01 9.522013402456114273e-01 9.786900126589228588e-01 9.915355229237119428e-01 9.970118519278227120e-01 9.990642816526635883e-01 9.997404898183896993e-01 9.999363372383516246e-01 9.999861994895091755e-01 9.999973586901149680e-01 9.999995539778716580e-01 9.999999335868272610e-01 9.999999912843346994e-01 9.999999989923371579e-01 9.999999998974007376e-01 9.999999999908028014e-01 9.999999999992743582e-01 9.999999999999495959e-01 9.999999999999968914e-01 9.999999999999997780e-01 1.000000000000000000e+00 1.000000000000000000e+00 1.000000000000000000e+00 1.000000000000000000e+00 1.000000000000000000e+00 1.000000000000000000e+00 1.000000000000000000e+00 1.000000000000000000e+00 1.000000000000000000e+00 1.000000000000000000e+00 1.000000000000000000e+00 1.000000000000000000e+00 1.000000000000000000e+00 1.000000000000000000e+00 1.000000000000000000e+00 1.000000000000000000e+00 1.000000000000000000e+00 1.000000000000000000e+00 1.000000000000000000e+00 1.000000000000000000e+00 1.000000000000000000e+00 1.000000000000000000e+00 1.000000000000000000e+00 1.000000000000000000e+00 1.000000000000000000e+00 1.000000000000000000e+00 1.000000000000000000e+00 1.000000000000000000e+00 1.000000000000000000e+00 1.000000000000000000e+00 1.000000000000000000e+00 1.000000000000000000e+00
2.721322726363216465e-58 9.074297249183799430e-56 2.650564141429043004e-53 6.782140216033548424e-51 1.520232018445889840e-48 2.985245358141964157e-46 5.135592349336782970e-44 7.740263440351418332e-42 1.022094592764148227e-39 1.182533087200544241e-37 1.198782715949132427e-35 1.064859347870159576e-33 8.288768109336033569e-32 5.654015411287435421e-30 3.380015499973485037e-28 1.770936477095721818e-26 8.132807479099101778e-25 3.273896603590221576e-23 1.155350273518504048e-21 3.574604183316344640e-20 9.697366160990277620e-19 2.306972905666671948e-17 4.813395656773011104e-16 8.809387144256978101e-15 1.414483895115376482e-13 1.992927459707776132e-12 2.464454678922629827e-11 2.675436433423465363e-10 2.550575268820865532e-09 2.135977583461679265e-08 1.571954602444129717e-07 1.017109355247847051e-06 5.789166611003697820e-06 2.900463682728448444e-05 1.280151974466986801e-04 4.982081792094799223e-04 1.711673085750156035e-03 5.198959724408643707e-03 1.398549485727635343e-02 3.339545103779083257e-02 7.098912352937214454e-02 1.348292383563975683e-01 2.298822023375416135e-01 3.539714351916570800e-01 4.960083450118677462e-01 6.385586511128922282e-01 7.639983340112964649e-01 8.607816531290823914e-01 9.262547162480277985e-01 9.650892518820589627e-01 9.852851210364013124e-01 9.944936571742434284e-01 9.981749123407521740e-01 9.994651545661518144e-01 9.998616228365009295e-01 9.999684295407842427e-01 9.999936545754806172e-01 9.999988773083761107e-01 9.999998252588291336e-01 9.999999760874280774e-01 9.999999971242428121e-01 9.999999996961901338e-01 9.999999999718143240e-01 9.999999999977042808e-01 9.999999999998359090e-01 9.999999999999897859e-01 9.999999999999994449e-01 1.000000000000000000e+00 1.000000000000000000e+00 1.000000000000000000e+00 1.000000000000000000e+00 1.000000000000000000e+00 1.000000000000000000e+00 1.000000000000000000e+00 1.000000000000000000e+00 1.000000000000000000e+00 1.000000000000000000e+00 1.000000000000000000e+00 1.000000000000000000e+00 1.000000000000000000e+00 1.000000000000000000e+00 1.000000000000000000e+00 1.000000000000000000e+00 1.000000000000000000e+00 1.000000000000000000e+00 1.000000000000000000e+00 1.000000000000000000e+00 1.000000000000000000e+00 1.000000000000000000e+00 1.000000000000000000e+00 1.000000000000000000e+00 1.000000000000000000e+00 1.000000000000000000e+00 1.000000000000000000e+00 1.000000000000000000e+00 1.000000000000000000e+00 1.000000000000000000e+00 1.000000000000000000e+00 1.000000000000000000e+00 1.000000000000000000e+00
1.138030975157536614e-37 4.739466074604459983e-36 1.811861462001252495e-34 6.358455661263950036e-33 2.048429527270561307e-31 6.058227866456057423e-30 1.644897282229797819e-28 4.100293935112005002e-27 9.384038522405251473e-26 1.971877612302151110e-24 3.804553482442462392e-23 6.740322956819995935e-22 1.096560029153227869e-20 1.638257378017882282e-19 2.247787875422017510e-18 2.832564679953888829e-17 3.278583215884968354e-16 3.485844768246939839e-15 3.404727643374658796e-14 3.055274161887283678e-13 2.519166874874752286e-12 1.908768382729851388e-11 1.329216127123537957e-10 8.508390554226870793e-10 5.007027726824884431e-09 2.709405007692603707e-08 1.348405977150923226e-07 6.173400729254750712e-07 2.600786718946120175e-06 1.008553481943780468e-05 3.601356450795741015e-05 1.184653461492702291e-04 3.591626252796934751e-04 1.004200454405398306e-03 2.591080742580260683e-03 6.174932786301700130e-03 1.360520439765715989e-02 2.774716532368891320e-02 5.245680090619651847e-02 9.209154601005328789e-02 1.504548530484171587e-01 2.293515264780110197e-01 3.272629039098859938e-01 4.388114190884054855e-01 5.554791881452295632e-01 6.674989287103250124e-01 7.662392890000470080e-01 8.461400723764187504e-01 9.054958589374693112e-01 9.459748898975908205e-01 9.713174970689484322e-01 9.858830023506808260e-01 9.935681399657754209e-01 9.972905837094949710e-01 9.989457949708486773e-01 9.996214511295105076e-01 9.998746391323614091e-01 9.999617361895769552e-01 9.999892407407455774e-01 9.999972141483768340e-01 9.999993360202767967e-01 9.999998543754997637e-01 9.999999706183183568e-01 9.999999945477410224e-01 9.999999990696595287e-01 9.999999998540540780e-01 9.999999999789547234e-01 9.999999999972108977e-01 9.999999999996602718e-01 9.999999999999620304e-01 9.999999999999961142e-01 9.999999999999995559e-01 1.000000000000000000e+00 1.000000000000000000e+00 1.000000000000000000e+00 1.000000000000000000e+00 1.000000000000000000e+00 1.000000000000000000e+00 1.000000000000000000e+00 1.000000000000000000e+00 1.000000000000000000e+00 1.000000000000000000e+00 1.000000000000000000e+00 1.000000000000000000e+00 1.000000000000000000e+00 1.000000000000000000e+00 1.000000000000000000e+00 1.000000000000000000e+00 1.000000000000000000e+00 1.000000000000000000e+00 1.000000000000000000e+00 1.000000000000000000e+00 1.000000000000000000e+00 1.000000000000000000e+00 1.000000000000000000e+00 1.000000000000000000e+00 1.000000000000000000e+00 1.000000000000000000e+00 1.000000000000000000e+00 1.000000000000000000e+00
8.813120532656347079e-28 1.349651497675861535e-26 1.940702327589048096e-25 2.620308713700122854e-24 3.322109219448729941e-23 3.955084499110460748e-22 4.421722335234640430e-21 4.642324009237553109e-20 4.577235589808943267e-19 4.238495310596561350e-18 3.686200216937127342e-17 3.011095741378999206e-16 2.310308497995757801e-15 1.665092470526895772e-14 1.127340212968627899e-13 7.170468420615531728e-13 4.284954279914274240e-12 2.405936704338525011e-11 1.269398804434451789e-10 6.294020861517755915e-10 2.933047532666252383e-09 1.284755201033240048e-08 5.290383742692871883e-08 2.048241090335820836e-07 7.457119941438336114e-07 2.553494952372212635e-06 8.225463674171061272e-06 2.493140023742448355e-05 7.112248944678231254e-05 1.910163161006827269e-04 4.831539491449177181e-04 1.151391738360195991e-03 2.586313176901487189e-03 5.478853755974639334e-03 1.095261265945956033e-02 2.067666548315829148e-02 3.689345624947183017e-02 6.228206720631242199e-02 9.959589477640071187e-02 1.510781833634835258e-01 2.177593776896770139e-01 2.988380473483382982e-01 3.913862008491351130e-01 4.905577105322970199e-01 5.903194876929958035e-01 6.845300338279955987e-01 7.680504989844977315e-01 8.375600070080713166e-01 8.918666906454415511e-01 9.316975686719033423e-01 9.591223846715429824e-01 9.768489447793224922e-01 9.876052153252126153e-01 9.937323160155511204e-01 9.970087683904934606e-01 9.986535478796342291e-01 9.994286623920964896e-01 9.997715704993288544e-01 9.999139811986443860e-01 9.999695025080844735e-01 9.999898227176499121e-01 9.999968041929556684e-01 9.999990559206335394e-01 9.999997376832981955e-01 9.999999314585279464e-01 9.999999831608413770e-01 9.999999961107675084e-01 9.999999991556398626e-01 9.999999998277095958e-01 9.999999999669615391e-01 9.999999999940466511e-01 9.999999999989920285e-01 9.999999999998396838e-01 9.999999999999760192e-01 9.999999999999966693e-01 9.999999999999995559e-01 1.000000000000000000e+00 1.000000000000000000e+00 1.000000000000000000e+00 1.000000000000000000e+00 1.000000000000000000e+00 1.000000000000000000e+00 1.000000000000000000e+00 1.000000000000000000e+00 1.000000000000000000e+00 1.000000000000000000e+00 1.000000000000000000e+00 1.000000000000000000e+00 1.000000000000000000e+00 1.000000000000000000e+00 1.000000000000000000e+00 1.000000000000000000e+00 1.000000000000000000e+00 1.000000000000000000e+00 1.000000000000000000e+00 1.000000000000000000e+00 1.000000000000000000e+00 1.000000000000000000e+00 1.000000000000000000e+00 1.000000000000000000e+00
9.207042624529626273e-29 1.620553371154972688e-27 2.667231781337209299e-26 4.105100468832708207e-25 5.908328516799053772e-24 7.952366411698149224e-23 1.000997761550358197e-21 1.178392480717509743e-20 1.297428100043662961e-19 1.336074837253833160e-18 1.286919987661430208e-17 1.159488203512549920e-16 9.772320633213218698e-16 7.704957384946093338e-15 5.683433289484700454e-14 3.922370846766905872e-13 2.532888772133110161e-12 1.530553835593228216e-11 8.655361692329735286e-11 4.581093937723837102e-10 2.269595800032118188e-09 1.052632044218457572e-08 4.571019021104277657e-08 1.858765734131393178e-07 7.079239559149989791e-07 2.525711223273018166e-06 8.443296255931728389e-06 2.645336861661533930e-05 7.769902251661379316e-05 2.140223963357408836e-04 5.530666073207066982e-04 1.341411062820799813e-03 3.055172125370167035e-03 6.538223846094560858e-03 1.315651299533097604e-02 2.491383488797450571e-02 4.444142109978334310e-02 7.476404365058381130e-02 1.187854063438644747e-01 1.785355760619551646e-01 2.543573747523009132e-01 3.443130496991007039e-01 4.440928855548040288e-01 5.475682238386989642e-01 6.478936045242147390e-01 7.388356325705928151e-01 8.159079115083186506e-01 8.769755785336776910e-01 9.222136164083938326e-01 9.535446815800783238e-01 9.738320222625473921e-01 9.861135718888363044e-01 9.930647552465392547e-01 9.967430051493090248e-01 9.985627057583228439e-01 9.994043607656285522e-01 9.997683117696642974e-01 9.999154499847198174e-01 9.999710635637955036e-01 9.999907156199953073e-01 9.999972080289709631e-01 9.999992133011825768e-01 9.999997923420484991e-01 9.999999486612312083e-01 9.999999881143406544e-01 9.999999974235920241e-01 9.999999994771714418e-01 9.999999999006876639e-01 9.999999999823436792e-01 9.999999999970623499e-01 9.999999999995425881e-01 9.999999999999333866e-01 9.999999999999908962e-01 9.999999999999988898e-01 9.999999999999998890e-01 1.000000000000000000e+00 1.000000000000000000e+00 1.000000000000000000e+00 1.000000000000000000e+00 1.000000000000000000e+00 1.000000000000000000e+00 1.000000000000000000e+00 1.000000000000000000e+00 1.000000000000000000e+00 1.000000000000000000e+00 1.000000000000000000e+00 1.000000000000000000e+00 1.000000000000000000e+00 1.000000000000000000e+00 1.000000000000000000e+00 1.000000000000000000e+00 1.000000000000000000e+00 1.000000000000000000e+00 1.000000000000000000e+00 1.000000000000000000e+00 1.000000000000000000e+00 1.000000000000000000e+00 1.000000000000000000e+00 1.000000000000000000e+00 1.000000000000000000e+00
1.028622884183462130e-23 1.084821398978696909e-22 1.082341317286337789e-21 1.021611214308475907e-20 9.122939470315015147e-20 7.707701189028358219e-19 6.161267627099008184e-18 4.659997499763337412e-17 3.334941142712179724e-16 2.258371256744734140e-15 1.447192928528118414e-14 8.776115546849533776e-14 5.036695777315369533e-13 2.735780706146367845e-12 1.406487755225884359e-11 6.844460018408779586e-11 3.152994898022207430e-10 1.375066346265567769e-09 5.677791164217376933e-09 2.219901497242377429e-08 8.219290260765713707e-08 2.882267937615163893e-07 9.573989922233074051e-07 3.012841585294203927e-06 8.983767720595028016e-06 2.538768424600836007e-05 6.800867107896797932e-05 1.727384327602061683e-04 4.161201382750107656e-04 9.510261179240546339e-04 2.062858095087666786e-03 4.248472274072555115e-03 8.311790951299732888e-03 1.545612410309384240e-02 2.733612000768209649e-02 4.601904970760925528e-02 7.380645834656154869e-02 1.128928648937842505e-01 1.648898647291658359e-01 2.303091585547382414e-01 3.081501909937858219e-01 3.957466607056471242e-01 4.889732885466350765e-01 5.828091276975697621e-01 6.721341036947805492e-01 7.525519507723865686e-01 8.210230463974181880e-01 8.761593073511543261e-01 9.181489720761186746e-01 9.483917995508238663e-01 9.689922662464103276e-01 9.822633431951847127e-01 9.903488908404007862e-01 9.950078249661109542e-01 9.975466759594193711e-01 9.988551375955145861e-01 9.994928979314174899e-01 9.997868837016363752e-01 9.999150479620790843e-01 9.999678899178944258e-01 9.999884943962131789e-01 9.999960926640066861e-01 9.999987426111685007e-01 9.999996166462510327e-01 9.999998892858326105e-01 9.999999697155741440e-01 9.999999921549861392e-01 9.999999980756797413e-01 9.999999995530839403e-01 9.999999999017348262e-01 9.999999999795468053e-01 9.999999999959702235e-01 9.999999999992484900e-01 9.999999999998674394e-01 9.999999999999777955e-01 9.999999999999964473e-01 9.999999999999995559e-01 1.000000000000000000e+00 1.000000000000000000e+00 1.000000000000000000e+00 1.000000000000000000e+00 1.000000000000000000e+00 1.000000000000000000e+00 1.000000000000000000e+00 1.000000000000000000e+00 1.000000000000000000e+00 1.000000000000000000e+00 1.000000000000000000e+00 1.000000000000000000e+00 1.000000000000000000e+00 1.000000000000000000e+00 1.000000000000000000e+00 1.000000000000000000e+00 1.000000000000000000e+00 1.000000000000000000e+00 1.000000000000000000e+00 1.000000000000000000e+00 1.000000000000000000e+00 1.000000000000000000e+00 1.000000000000000000e+00
6.766721093444162742e-19 4.445272356692126852e-18 2.791418820937447119e-17 1.675599008928227130e-16 9.614937006017033544e-16 5.274335785701352171e-15 2.765978795911973784e-14 1.386773525572926600e-13 6.647448664309523373e-13 3.046601842127664576e-12 1.335081229896299486e-11 5.594389105163546374e-11 2.241683101215415572e-10 8.590095646075110091e-10 3.148125266318663069e-09 1.103486003601654824e-08 3.699780747136366365e-08 1.186632626319106986e-07 3.641063306719499375e-07 1.068947870605780020e-06 3.002967516966930241e-06 8.073566472554118378e-06 2.077600037962686072e-05 5.118094534017897509e-05 1.207204158024629729e-04 2.726872048391379747e-04 5.900064425981744890e-04 1.223110020825754441e-03 2.430045388172972099e-03 4.628534680681598880e-03 8.454984233994275802e-03 1.481852912765928287e-02 2.493045523464640367e-02 4.028371062646946693e-02 6.255775163907978387e-02 9.343436337016310100e-02 1.343314574800140992e-01 1.860906573434708278e-01 2.486821094226789042e-01 3.210048600515598149e-01 4.008534641527362608e-01 4.850883982597304911e-01 5.699966092017507702e-01 6.517752108445256098e-01 7.270348613913839575e-01 7.932134062144822195e-01 8.488172332465480086e-01 8.934572705115688684e-01 9.277006589471192832e-01 9.527999320450136755e-01 9.703782646448877447e-01 9.821414844178049108e-01 9.896630216188935236e-01 9.942583729045193497e-01 9.969410127381392872e-01 9.984373771995638247e-01 9.992349008459062709e-01 9.996410454698813064e-01 9.998386735181636897e-01 9.999305590108479302e-01 9.999713792511194521e-01 9.999887066806414371e-01 9.999957345296554001e-01 9.999984581094852887e-01 9.999994666350153771e-01 9.999998234659250862e-01 9.999999440990262611e-01 9.999999830661752132e-01 9.999999950932089154e-01 9.999999986400833762e-01 9.999999996395312341e-01 9.999999999086235380e-01 9.999999999778492743e-01 9.999999999948654406e-01 9.999999999988620214e-01 9.999999999997588596e-01 9.999999999999511502e-01 9.999999999999904521e-01 9.999999999999982236e-01 9.999999999999996669e-01 1.000000000000000000e+00 1.000000000000000000e+00 1.000000000000000000e+00 1.000000000000000000e+00 1.000000000000000000e+00 1.000000000000000000e+00 1.000000000000000000e+00 1.000000000000000000e+00 1.000000000000000000e+00 1.000000000000000000e+00 1.000000000000000000e+00 1.000000000000000000e+00 1.000000000000000000e+00 1.000000000000000000e+00 1.000000000000000000e+00 1.000000000000000000e+00 1.000000000000000000e+00 1.000000000000000000e+00 1.000000000000000000e+00 1.000000000000000000e+00
1.206581815640344039e-10 3.328408745491716564e-10 8.959180392812392941e-10 2.353223645310946571e-09 6.031616997184299712e-09 1.508666099599786445e-08 3.682607691592732435e-08 8.772752481891588405e-08 2.039626544935325349e-07 4.628255003258822721e-07 1.025072478792686727e-06 2.216066752422024360e-06 4.676532887048773433e-06 9.633891371687381140e-06 1.937500283126025405e-05 3.804275345631840641e-05 7.293273948293736686e-05 1.365294952558191366e-04 2.495857313889365868e-04 4.455963100107237780e-04 7.770248900030768445e-04 1.323569843197674144e-03 2.202566727274213060e-03 3.581281167679991814e-03 5.690331187942161695e-03 8.836811557049219223e-03 1.341494857545889700e-02 1.991142970118427863e-02 2.890212397834726957e-02 4.103696111072334396e-02 5.701047131389594402e-02 7.751701561772383897e-02 1.031920076476788573e-01 1.345431873033532122e-01 1.718787928777485985e-01 2.152416876661550904e-01 2.643595091207219250e-01 3.186202469379877944e-01 3.770801470187101767e-01 4.385067108810915548e-01 5.014544530853554116e-01 5.643659294006989624e-01 6.256863859218330104e-01 6.839780782988247321e-01 7.380203664102168437e-01 7.868840909907063308e-01 8.299729680119795061e-01 8.670299072907070581e-01 8.981112426604032084e-01 9.235359250512371609e-01 9.438191559784261386e-01 9.596005169273357227e-01 9.715755707960058718e-01 9.804376614334949780e-01 9.868338398752661833e-01 9.913361002612567363e-01 9.944268673533434022e-01 9.964961869138769801e-01 9.978473707342788712e-01 9.987078231835335718e-01 9.992422212208873500e-01 9.995659105238854369e-01 9.997571234845585852e-01 9.998672854715505709e-01 9.999291827595098159e-01 9.999631012779539585e-01 9.999812283427557125e-01 9.999906764197912246e-01 9.999954791108764951e-01 9.999978600655763383e-01 9.999990112444883117e-01 9.999995540693011886e-01 9.999998037021253783e-01 9.999999156636434350e-01 9.999999646371175999e-01 9.999999855290229167e-01 9.999999942210314741e-01 9.999999977478827295e-01 9.999999991435407631e-01 9.999999996821771209e-01 9.999999998849160576e-01 9.999999999593383038e-01 9.999999999859821020e-01 9.999999999952846608e-01 9.999999999984524601e-01 9.999999999995043964e-01 9.999999999998452349e-01 9.999999999999528155e-01 9.999999999999860112e-01 9.999999999999960032e-01 9.999999999999988898e-01 9.999999999999996669e-01 9.999999999999998890e-01 1.000000000000000000e+00 1.000000000000000000e+00 1.000000000000000000e+00 1.000000000000000000e+00 1.000000000000000000e+00 1.000000000000000000e+00 1.000000000000000000e+00
5.237812121827539919e-14 2.077904224751635413e-13 7.972432294734552430e-13 2.958406879693290243e-12 1.061792407541339561e-11 3.685953079408294748e-11 1.237665572306770456e-10 4.019907890596664853e-10 1.263005864236327058e-09 3.838748376823671969e-09 1.128727141950312146e-08 3.210886917551767520e-08 8.837334022667801657e-08 2.353440733875665091e-07 6.064552550943734845e-07 1.512300275753710405e-06 3.649674481658867588e-06 8.524781376766773494e-06 1.927369935479918299e-05 4.218356220442098992e-05 8.938524333073807188e-05 1.833943183600061358e-04 3.643863780844241920e-04 7.012288029232980821e-04 1.307227448004645099e-03 2.361114837454514684e-03 4.132832545932382112e-03 7.012038155413815449e-03 1.153506053798755183e-02 1.840357410674275246e-02 2.848622683433601338e-02 4.279376578511008555e-02 6.241982897466748226e-02 8.844416281701246441e-02 1.218024899073937989e-01 1.631364629427408119e-01 2.126459376990213757e-01 2.699714295617166027e-01 3.341345659868609763e-01 4.035573012163137796e-01 4.761672629824748038e-01 5.495796006398961930e-01 6.213293285441160441e-01 6.891168601210753142e-01 7.510264218156994520e-01 8.056831932318067047e-01 8.523285626507810520e-01 8.908100096990780870e-01 9.214982877633890457e-01 9.451559530154360900e-01 9.627858365499279980e-01 9.754858786863329634e-01 9.843296803012829832e-01 9.902828859126046046e-01 9.941567178738206501e-01 9.965934546528266713e-01 9.980751343803255793e-01 9.989460535905643201e-01 9.994409099299739196e-01 9.997127153201289529e-01 9.998570313482031402e-01 9.999311024080501653e-01 9.999678526283897195e-01 9.999854784202438784e-01 9.999936501600209526e-01 9.999973124903771549e-01 9.999988991270706284e-01 9.999995635954936901e-01 9.999998325928179943e-01 9.999999378612640655e-01 9.999999776834394005e-01 9.999999922456777046e-01 9.999999973933103581e-01 9.999999991522990905e-01 9.999999997333237634e-01 9.999999999188485811e-01 9.999999999761129965e-01 9.999999999931991068e-01 9.999999999981272758e-01 9.999999999995011768e-01 9.999999999998714362e-01 9.999999999999680256e-01 9.999999999999922284e-01 9.999999999999982236e-01 9.999999999999995559e-01 9.999999999999998890e-01 1.000000000000000000e+00 1.000000000000000000e+00 1.000000000000000000e+00 1.000000000000000000e+00 1.000000000000000000e+00 1.000000000000000000e+00 1.000000000000000000e+00 1.000000000000000000e+00 1.000000000000000000e+00 1.000000000000000000e+00 1.000000000000000000e+00 1.000000000000000000e+00 1.000000000000000000e+00 1.000000000000000000e+00
4.821929520114410992e-11 1.394804446456921104e-10 3.931921880473497936e-10 1.080207799447609880e-09 2.892232461981393954e-09 7.547376515698464209e-09 1.919597633484593889e-08 4.758732111040701340e-08 1.149888727639512280e-07 2.708456071359584421e-07 6.218827325991593081e-07 1.391992049361737736e-06 3.037589499264804588e-06 6.462638445784923604e-06 1.340619462824475786e-05 2.711719572383241317e-05 5.348830879183532971e-05 1.028920549542851852e-04 1.930415852704059213e-04 3.532698981367678875e-04 6.306576578507436769e-04 1.098400988424339149e-03 1.866646843407247054e-03 3.095684505267383077e-03 5.010833342715272087e-03 7.917614084740976291e-03 1.221490195781962246e-02 1.840288446794317162e-02 2.708201434460927315e-02 3.893904108761539473e-02 5.471689513615472789e-02 7.516686211018869246e-02 1.009841041536694711e-01 1.327308822248190190e-01 1.707552545237438490e-01 2.151158176730797733e-01 2.655244202469361214e-01 3.213180843989095203e-01 3.814683756928602953e-01 4.446314435980657231e-01 5.092357295376165327e-01 5.735981073272280462e-01 6.360542940037116066e-01 6.950868355370397600e-01 7.494344051134527174e-01 7.981694529325122911e-01 8.407366723547979870e-01 8.769511124420525938e-01 9.069607578851173191e-01 9.311828994456249342e-01 9.502259614498407281e-01 9.648085149727844145e-01 9.756853593105399014e-01 9.835875001265802497e-01 9.891793964654869153e-01 9.930337001736315727e-01 9.956213481982668645e-01 9.973134905504780212e-01 9.983912975094324516e-01 9.990599761284713054e-01 9.994640550766213938e-01 9.997018964012446274e-01 9.998382544168278319e-01 9.999144002707094359e-01 9.999558177862337693e-01 9.999777606840581923e-01 9.999890840627478905e-01 9.999947756074865080e-01 9.999975620898821083e-01 9.999988908740198301e-01 9.999995080720076590e-01 9.999997873048223074e-01 9.999999103544326973e-01 9.999999631704703518e-01 9.999999852516932020e-01 9.999999942436064160e-01 9.999999978101924425e-01 9.999999991881152184e-01 9.999999997066387758e-01 9.999999998966957460e-01 9.999999999645488025e-01 9.999999999881443724e-01 9.999999999961364239e-01 9.999999999987729815e-01 9.999999999996203037e-01 9.999999999998855360e-01 9.999999999999663602e-01 9.999999999999904521e-01 9.999999999999973355e-01 9.999999999999993339e-01 9.999999999999997780e-01 1.000000000000000000e+00 1.000000000000000000e+00 1.000000000000000000e+00 1.000000000000000000e+00 1.000000000000000000e+00 1.000000000000000000e+00 1.000000000000000000e+00 1.000000000000000000e+00 1.000000000000000000e+00
1.647274172070004467e-07 3.274384438948952743e-07 6.400789876382765187e-07 1.230520241946581934e-06 2.326521839892985124e-06 4.326147900282632530e-06 7.911976340528392655e-06 1.423221322168439868e-05 2.518136166502552890e-05 4.382499191428908112e-05 7.502708856807317555e-05 1.263534222569413822e-04 2.093384772597040272e-04 3.412135511080369599e-04 5.471952997132435844e-04 8.634215866452229181e-04 1.340588594266353770e-03 2.048283494517525588e-03 3.079915839418136039e-03 4.558026901866196051e-03 6.639603631633818163e-03 9.520854191327090058e-03 1.344073518374220080e-02 1.868238489717786999e-02 2.557154647239569950e-02 3.447109580307934629e-02 4.577095239484071237e-02 5.987296590351552650e-02 7.717083485099027196e-02 9.802569894266476014e-02 1.227386958196699518e-01 1.515224049054275934e-01 1.844736169498182032e-01 2.215501680221526049e-01 2.625545775841113816e-01 3.071268830704120267e-01 3.547483684046979779e-01 4.047568974189914570e-01 4.563733945190678321e-01 5.087378126687287505e-01 5.609518580378861641e-01 6.121249558468778718e-01 6.614195595776851677e-01 7.080919834786965072e-01 7.515254643921263078e-01 7.912530543384284076e-01 8.269690781170297988e-01 8.585290993087943967e-01 8.859394609488264738e-01 9.093383661938536644e-01 9.289710468752196970e-01 9.451617964301094466e-01 9.582855356239814437e-01 9.687411969528736400e-01 9.769286476889128545e-01 9.832302234747274383e-01 9.879973084562991836e-01 9.915418484899384266e-01 9.941322681858066890e-01 9.959929993494239797e-01 9.973067119726461982e-01 9.982183456327800020e-01 9.988401353879420297e-01 9.992569759720721922e-01 9.995316386472782311e-01 9.997095208522992493e-01 9.998227526920069330e-01 9.998935974653100356e-01 9.999371637224108156e-01 9.999634964508243851e-01 9.999791403365710929e-01 9.999882750844863999e-01 9.999935177438963319e-01 9.999964751424652576e-01 9.999981148681431620e-01 9.999990084526948486e-01 9.999994870863251339e-01 9.999997390708446066e-01 9.999998694618377204e-01 9.999999357787645593e-01 9.999999689303461503e-01 9.999999852190735172e-01 9.999999930854202024e-01 9.999999968193147293e-01 9.999999985613381437e-01 9.999999993601581538e-01 9.999999997201949320e-01 9.999999998796902378e-01 9.999999999491369085e-01 9.999999999788575789e-01 9.999999999913592452e-01 9.999999999965278885e-01 9.999999999986283195e-01 9.999999999994672040e-01 9.999999999997966071e-01 9.999999999999236167e-01 9.999999999999718003e-01 9.999999999999897859e-01 9.999999999999963363e-01 9.999999999999986677e-01
1.739539928493948661e-10 4.617840940456627272e-10 1.197909312489818276e-09 3.036687345756161622e-09 7.522788719187701109e-09 1.821262527809697243e-08 4.309176113942116610e-08 9.964556235352226707e-08 2.252053666125983826e-07 4.974766352595188789e-07 1.074130744336810101e-06 2.266996009072641426e-06 4.677067095148274218e-06 9.432946167280258854e-06 1.859925058125247357e-05 3.585446265145214839e-05 6.757999424166292849e-05 1.245518182570539453e-04 2.244767768996386802e-04 3.956557801516310873e-04 6.820667825630957574e-04 1.150116096912900954e-03 1.897177440335030699e-03 3.061795907897655895e-03 4.835061790104676002e-03 7.472163264554503720e-03 1.130255014343695304e-02 1.673657066626226333e-02 2.426601207023954682e-02 3.445584602406617791e-02 4.792481449851137415e-02 6.531340815924413512e-02 8.723931107673905949e-02 1.142423990354788088e-01 1.467236166817506293e-01 1.848841211345368662e-01 2.286724988220831256e-01 2.777482044575387832e-01 3.314683530127524591e-01 3.889025847447209472e-01 4.488771887884817624e-01 5.100455615011850741e-01 5.709781221780931837e-01 6.302617670865018340e-01 6.865974195649825473e-01 7.388845395576866260e-01 7.862835278061683919e-01 8.282503780253189785e-01 8.645420206361662530e-01 8.951947969699893815e-01 9.204817172502084421e-01 9.408561246378499554e-01 9.568899424599455195e-01 9.692139457456419027e-01 9.784658164556776505e-01 9.852495718547918946e-01 9.901077525748920305e-01 9.935058826350993133e-01 9.958273851373717900e-01 9.973764197618825156e-01 9.983859419896972121e-01 9.990285311824333991e-01 9.994280283444317847e-01 9.996706093027168949e-01 9.998144767111628584e-01 9.998978123585595679e-01 9.999449602050888286e-01 9.999710130729535518e-01 9.999850739306508363e-01 9.999924858495932156e-01 9.999963018819795213e-01 9.999982207979369875e-01 9.999991632566576083e-01 9.999996153531818255e-01 9.999998271709623632e-01 9.999999241004768891e-01 9.999999674228268187e-01 9.999999863345143680e-01 9.999999943977775363e-01 9.999999977555680264e-01 9.999999991212783490e-01 9.999999996638108124e-01 9.999999998743120955e-01 9.999999999540833961e-01 9.999999999836091114e-01 9.999999999942827955e-01 9.999999999980514476e-01 9.999999999993511857e-01 9.999999999997888356e-01 9.999999999999329425e-01 9.999999999999791278e-01 9.999999999999936717e-01 9.999999999999981126e-01 9.999999999999994449e-01 9.999999999999997780e-01 1.000000000000000000e+00 1.000000000000000000e+00 1.000000000000000000e+00 1.000000000000000000e+00 1.000000000000000000e+00
6.355314336878336117e-09 1.474984314417779019e-08 3.353456992189166816e-08 7.469039285146231581e-08 1.629730856552373218e-07 3.483850488371650610e-07 7.296420756442818707e-07 1.497208392984142159e-06 3.010184016880249803e-06 5.930070357633322431e-06 1.144726082075613724e-05 2.165402411794833029e-05 4.014143809815899470e-05 7.292697995378254867e-05 1.298524546545784335e-04 2.266243105694565763e-04 3.876924386499740107e-04 6.501676546315672675e-04 1.068946907489926610e-03 1.723131324965363354e-03 2.723668959499941141e-03 4.221920985686129606e-03 6.418539010603953494e-03 9.571673172825269013e-03 1.400315126482867996e-02 2.010094914266243732e-02 2.831610326184709828e-02 3.915229518681655196e-02 5.314674901043889982e-02 7.084186929780758590e-02 9.274818759887026864e-02 1.193005755169564003e-01 1.508111337799251661e-01 1.874234276212279060e-01 2.290735339691159778e-01 2.754634544594568579e-01 3.260516843490965933e-01 3.800641102538764859e-01 4.365261067388189753e-01 4.943140351760490492e-01 5.522217425751744235e-01 6.090355592681071517e-01 6.636100772876523113e-01 7.149368785498385614e-01 7.621993943176754716e-01 8.048090292719256578e-01 8.424202241352172216e-01 8.749248208719233588e-01 9.024284981668126981e-01 9.252138148435951059e-01 9.436953350518125783e-01 9.583723800025387707e-01 9.697842774308902403e-01 9.784717888496147209e-01 9.849469592498538706e-01 9.896722146761800509e-01 9.930483328587311753e-01 9.954100519727833163e-01 9.970275996415577380e-01 9.981122859515436652e-01 9.988244326140420792e-01 9.992822085160586454e-01 9.995703160367905848e-01 9.997478471319301008e-01 9.998549527918594304e-01 9.999182185251520583e-01 9.999548068720977012e-01 9.999755242663292965e-01 9.999870096511869200e-01 9.999932437550684838e-01 9.999965567483679596e-01 9.999982805413143438e-01 9.999991586891563422e-01 9.999995966831476402e-01 9.999998105712457619e-01 9.999999128353016520e-01 9.999999607068321694e-01 9.999999826474821329e-01 9.999999924930217388e-01 9.999999968186319421e-01 9.999999986793177698e-01 9.999999994629574784e-01 9.999999997860877787e-01 9.999999999165414266e-01 9.999999999681061791e-01 9.999999999880619939e-01 9.999999999956232788e-01 9.999999999984283683e-01 9.999999999994473310e-01 9.999999999998095968e-01 9.999999999999358291e-01 9.999999999999787947e-01 9.999999999999931166e-01 9.999999999999977796e-01 9.999999999999993339e-01 9.999999999999997780e-01 1.000000000000000000e+00 1.000000000000000000e+00 1.000000000000000000e+00 1.000000000000000000e+00
7.269161356593586719e-07 1.355359744608751838e-06 2.488819476443788645e-06 4.501030635363821018e-06 8.017191163776221313e-06 1.406490909463161803e-05 2.430354405621662365e-05 4.136516535856151410e-05 6.935022590684815130e-05 1.145316509285712218e-04 1.863311353459459329e-04 2.986390752746400485e-04 4.715519523165179194e-04 7.335945882935420922e-04 1.124475384804523529e-03 1.698386277912690336e-03 2.527802193948670059e-03 3.707655546593466040e-03 5.359660978171713365e-03 7.636449480551835318e-03 1.072504965494614111e-02 1.484914295057710582e-02 2.026943968857872549e-02 2.728149672921280702e-02 3.621034857781569444e-02 4.740146971300886886e-02 6.120783572260522082e-02 7.797319934960206256e-02 9.801212270558183615e-02 1.215877689117656063e-01 1.488889002157620933e-01 1.800078907705276177e-01 2.149217759003139161e-01 2.534783713851287423e-01 2.953892729607963119e-01 3.402310848746735172e-01 3.874555587486202546e-01 4.364085157433931217e-01 4.863565682969819837e-01 5.365198588612398733e-01 5.861083966032839543e-01 6.343591850626185691e-01 6.805712477722051235e-01 7.241358868167996343e-01 7.645600195933749399e-01 8.014811617917159126e-01 8.346734633504908629e-01 8.640450514249371494e-01 8.896276885118612476e-01 9.115603335137203445e-01 9.300685480226444923e-01 9.454418037905900629e-01 9.580106378291234348e-01 9.681253129651512523e-01 9.761372345519214733e-01 9.823839143252346418e-01 9.871778212048598622e-01 9.907990647857818356e-01 9.934915521447866826e-01 9.954620564740559452e-01 9.968815352227746729e-01 9.978880222307193737e-01 9.985904719175004995e-01 9.990730304950781182e-01 9.993993271468915029e-01 9.996164987068085761e-01 9.997587712301228002e-01 9.998505129465624641e-01 9.999087420932881720e-01 9.999451203365004037e-01 9.999674905816162696e-01 9.999810308564990313e-01 9.999890978541419173e-01 9.999938285397024229e-01 9.999965591764494732e-01 9.999981106038823286e-01 9.999989782181450959e-01 9.999994558019279500e-01 9.999997145637038454e-01 9.999998525634635760e-01 9.999999250044213639e-01 9.999999624342358340e-01 9.999999814703715018e-01 9.999999909998148473e-01 9.999999956953369296e-01 9.999999979726765797e-01 9.999999990598513744e-01 9.999999995707073985e-01 9.999999998069863949e-01 9.999999999145534613e-01 9.999999999627550151e-01 9.999999999840153420e-01 9.999999999932454031e-01 9.999999999971898035e-01 9.999999999988489208e-01 9.999999999995357047e-01 9.999999999998157030e-01 9.999999999999279465e-01 9.999999999999722444e-01 9.999999999999895639e-01
1.275927049077586754e-09 3.204886824904929966e-09 7.869891774432646900e-09 1.889322196047684095e-08 4.434425004952664196e-08 1.017598208773425140e-07 2.283167479770496205e-07 5.008842457838429815e-07 1.074464455359149766e-06 2.253824000934348650e-06 4.623179914414435257e-06 9.274180766536294649e-06 1.819479180375566845e-05 3.491242856521701307e-05 6.552411744081574414e-05 1.202927437182148268e-04 2.160360855817609871e-04 3.795736472205557608e-04 6.525083003688132580e-04 1.097582161034906054e-03 1.806731607201933270e-03 2.910748549043314613e-03 4.590117108706921398e-03 7.086140366248366157e-03 1.071093648407339845e-02 1.585434363074037997e-02 2.298534636917553761e-02 3.264547026476986163e-02 4.543183820131605627e-02 6.196835813095372125e-02 8.286485430305287614e-02 1.086657787664397357e-01 1.397922232479972826e-01 1.764829422864282182e-01 2.187415708621786303e-01 2.662977603609999466e-01 3.185892698583472349e-01 3.747700534825828544e-01 4.337462680427067174e-01 4.942383433177791052e-01 5.548634568389103627e-01 6.142296411936172262e-01 6.710309310203391719e-01 7.241327926356623257e-01 7.726386047477736829e-01 8.159308683658145211e-01 8.536845477929249082e-01 8.858537834781923248e-01 9.126365023805032006e-01 9.344236831872896332e-01 9.517409702515862158e-01 9.651900047882269185e-01 9.753955164674541489e-01 9.829622923230076914e-01 9.884440439153538982e-01 9.923242984545803669e-01 9.950079952432571151e-01 9.968215848884878216e-01 9.980190888011544192e-01 9.987916753964509731e-01 9.992786986422396156e-01 9.995786732448508349e-01 9.997592041397374008e-01 9.998653616716610681e-01 9.999263549949823915e-01 9.999605959574203728e-01 9.999793779552250683e-01 9.999894442521692906e-01 9.999947156985302676e-01 9.999974129529916045e-01 9.999987614379083345e-01 9.999994201600785892e-01 9.999997345658077075e-01 9.999998811916679387e-01 9.999999480049202027e-01 9.999999777521506594e-01 9.999999906929859517e-01 9.999999961935837067e-01 9.999999984780737483e-01 9.999999994051178565e-01 9.999999997726904954e-01 9.999999999150929186e-01 9.999999999689972441e-01 9.999999999889344071e-01 9.999999999961393105e-01 9.999999999986833865e-01 9.999999999995611288e-01 9.999999999998570033e-01 9.999999999999544809e-01 9.999999999999857891e-01 9.999999999999956701e-01 9.999999999999986677e-01 9.999999999999995559e-01 9.999999999999998890e-01 1.000000000000000000e+00 1.000000000000000000e+00 1.000000000000000000e+00 1.000000000000000000e+00 1.000000000000000000e+00 1.000000000000000000e+00
5.649998492734371892e-09 1.315594736488139057e-08 3.000820161998253741e-08 6.705226667017108737e-08 1.467759827193251325e-07 3.147587434928755420e-07 6.612962175373533217e-07 1.361209169547399384e-06 2.745241427306664916e-06 5.424760016966963433e-06 1.050373107810853223e-05 1.992920346667618068e-05 3.705453377027916447e-05 6.751827599057232815e-05 1.205744623762533617e-04 2.110429459175958145e-04 3.620742982148094443e-04 6.089312992477895811e-04 1.003963356187039359e-03 1.622873786090888067e-03 2.572235794035259825e-03 3.997989450071442324e-03 6.094348913673290971e-03 9.112184944133154205e-03 1.336556474555488337e-02 1.923479760172164266e-02 2.716414010816957034e-02 3.765235765711481830e-02 5.123470642525124186e-02 6.845564270114914973e-02 8.983267138057834944e-02 1.158131188115903432e-01 1.467270777094942524e-01 1.827410762739839212e-01 2.238178934133039921e-01 2.696881273414302171e-01 3.198384645497347467e-01 3.735200699726424212e-01 4.297782749752295239e-01 4.875020846889981940e-01 5.454893785575418708e-01 6.025214883098320984e-01 6.574394959339073807e-01 7.092143456711998972e-01 7.570037544518277706e-01 8.001907709002673563e-01 8.384013374177539113e-01 8.715009169784737608e-01 8.995727129677257849e-01 9.228818736730195482e-01 9.418311130597436520e-01 9.569133455245459885e-01 9.686663302707180234e-01 9.776331698509940216e-01 9.843310797961566383e-01 9.892294079246212180e-01 9.927366448098406959e-01 9.951952623167747980e-01 9.968826911730477303e-01 9.980165750829712579e-01 9.987625432915367973e-01 9.992430291800247222e-01 9.995460339963729846e-01 9.997331138352198998e-01 9.998462009143337381e-01 9.999131288630289660e-01 9.999519091082966771e-01 9.999739090778632100e-01 9.999861282583859534e-01 9.999927728842843422e-01 9.999963104736557806e-01 9.999981544388424348e-01 9.999990954752020489e-01 9.999995656598638094e-01 9.999997956656996312e-01 9.999999058240878202e-01 9.999999574781626155e-01 9.999999811918928172e-01 9.999999918505723118e-01 9.999999965410292235e-01 9.999999985618839293e-01 9.999999994143227156e-01 9.999999997663687745e-01 9.999999999087143543e-01 9.999999999650646121e-01 9.999999999869048084e-01 9.999999999951922902e-01 9.999999999982712717e-01 9.999999999993911537e-01 9.999999999997899458e-01 9.999999999999290567e-01 9.999999999999764633e-01 9.999999999999924505e-01 9.999999999999975575e-01 9.999999999999992228e-01 9.999999999999997780e-01 1.000000000000000000e+00 1.000000000000000000e+00 1.000000000000000000e+00 1.000000000000000000e+00
1.941956548964424135e-08 4.303908894297240605e-08 9.353345896020675468e-08 1.993256293947076904e-07 4.165471548839264272e-07 8.536573892632495686e-07 1.715678485750124892e-06 3.381711631188203209e-06 6.537357226527461741e-06 1.239511849762475688e-05 2.305160386371275008e-05 4.205079944498757764e-05 7.524753255696313480e-05 1.320928124858588605e-04 2.274893071329659681e-04 3.843844084889335810e-04 6.372707222070066570e-04 1.036737122537470220e-03 1.655143825414972679e-03 2.593369115198855112e-03 3.988384859332018070e-03 6.021163654503379828e-03 8.924117856108094646e-03 1.298695399758580289e-02 1.855954924600660555e-02 2.605029010806387754e-02 3.591833540740831804e-02 4.865854557546483994e-02 6.477840144894364549e-02 8.476711423814507762e-02 1.090582386720657382e-01 1.379883119064707897e-01 1.717551640329254559e-01 2.103803649999205494e-01 2.536805812599647880e-01 3.012522646030807438e-01 3.524730362369982162e-01 4.065214384494185706e-01 4.624146095547454482e-01 5.190612017919410404e-01 5.753248612388139893e-01 6.300921587589919382e-01 6.823382487952532882e-01 7.311838460149410190e-01 7.759382932616980533e-01 8.161253419345515514e-01 8.514904644173653114e-01 8.819907113046250302e-01 9.077699847532579858e-01 9.291238804377789373e-01 9.464588338965045367e-01 9.602502021966256018e-01 9.710032391824253706e-01 9.792198746876185078e-01 9.853730033352878781e-01 9.898888277923174606e-01 9.931368364694660444e-01 9.954263139386252401e-01 9.970079065247109407e-01 9.980786659586791121e-01 9.987891073061812008e-01 9.992510664503022610e-01 9.995454529657157305e-01 9.997293061900758282e-01 9.998418349590256771e-01 9.999093335721369602e-01 9.999490129707280239e-01 9.999718728665519807e-01 9.999847797780166969e-01 9.999919216048662740e-01 9.999957944950871314e-01 9.999978527536158568e-01 9.999989247751489563e-01 9.999994719749409899e-01 9.999997457079357055e-01 9.999998799062820298e-01 9.999999443834493018e-01 9.999999747435692754e-01 9.999999887536212828e-01 9.999999950896145684e-01 9.999999978978166837e-01 9.999999991175942959e-01 9.999999996368384991e-01 9.999999998534597756e-01 9.999999999420262631e-01 9.999999999775137649e-01 9.999999999914492843e-01 9.999999999968122166e-01 9.999999999988349320e-01 9.999999999995825561e-01 9.999999999998533395e-01 9.999999999999494849e-01 9.999999999999829026e-01 9.999999999999943379e-01 9.999999999999982236e-01 9.999999999999994449e-01 9.999999999999997780e-01 1.000000000000000000e+00 1.000000000000000000e+00 1.000000000000000000e+00
3.767562557328974818e-08 8.135898945751966561e-08 1.723665444355379733e-07 3.582735910223660584e-07 7.306406954616411781e-07 1.461954604931155188e-06 2.870248989697875741e-06 5.529382646782698990e-06 1.045254330954972498e-05 1.938981559759435114e-05 3.529809190100033903e-05 6.306314010803056730e-05 1.105781609264342580e-04 1.903079501654640962e-04 3.214879187053596918e-04 5.331152018035792937e-04 8.678747947832751415e-04 1.387095089088181358e-03 2.176732202047087193e-03 3.354231675323089603e-03 5.075906696391922247e-03 7.544212324288354643e-03 1.101400875597608083e-02 1.579663426337080817e-02 2.226040704331365069e-02 3.082611219562976512e-02 4.195617212353544567e-02 5.613659667419593907e-02 7.385148096607276058e-02 9.555073321606390169e-02 1.216127838611853196e-01 1.523051077747179238e-01 1.877463012714451485e-01 2.278740028583426391e-01 2.724229676237216458e-01 3.209170041025151132e-01 3.726772633711395999e-01 4.268476509421523790e-01 4.824361356071371065e-01 5.383687502478895492e-01 5.935514318481605045e-01 6.469338046873567283e-01 6.975687493424703733e-01 7.446621655693368425e-01 7.876086324598050581e-01 8.260104759085289405e-01 8.596797759392877936e-01 8.886247711619128520e-01 9.130236714517847574e-01 9.331898864459471366e-01 9.495330414286341503e-01 9.625199195577361921e-01 9.726387655100758867e-01 9.803693894993286140e-01 9.861604147008926624e-01 9.904139857449600903e-01 9.934774248334558022e-01 9.956407515901625205e-01 9.971386842786229554e-01 9.981556815054815068e-01 9.988327062198706363e-01 9.992746291627059296e-01 9.995574724238606157e-01 9.997349740644989602e-01 9.998441975780649749e-01 9.999100978394642736e-01 9.999490844375087395e-01 9.999716996534246949e-01 9.999845626844323654e-01 9.999917363819330607e-01 9.999956592161205471e-01 9.999977625778924128e-01 9.999988683996166028e-01 9.999994384501516009e-01 9.999997265869186025e-01 9.999998693911458236e-01 9.999999387881131074e-01 9.999999718552767813e-01 9.999999873046336862e-01 9.999999943821494819e-01 9.999999975612792191e-01 9.999999989614875018e-01 9.999999995661790209e-01 9.999999998222333097e-01 9.999999999285464902e-01 9.999999999718276467e-01 9.999999999891047153e-01 9.999999999958668617e-01 9.999999999984621191e-01 9.999999999994387823e-01 9.999999999997990496e-01 9.999999999999293898e-01 9.999999999999756861e-01 9.999999999999917843e-01 9.999999999999973355e-01 9.999999999999991118e-01 9.999999999999997780e-01 9.999999999999998890e-01 1.000000000000000000e+00 1.000000000000000000e+00
