3.979999999999999928e-71 1.480000000000000090e-68 4.890000000000000006e-66 1.449999999999999874e-63 3.850000000000000066e-61 9.130000000000000606e-59 1.940000000000000000e-56 3.680000000000000183e-54 6.250000000000000048e-52 9.490000000000000933e-50 1.289999999999999882e-47 1.569999999999999855e-45 1.709999999999999943e-43 1.659999999999999925e-41 1.449999999999999938e-39 1.129999999999999994e-37 7.849999999999999988e-36 4.889999999999999815e-34 2.729999999999999886e-32 1.360000000000000043e-30 6.090000000000000227e-29 2.430000000000000079e-27 8.709999999999999446e-26 2.790000000000000182e-24 7.990000000000000226e-23 2.049999999999999970e-21 4.709999999999999879e-20 9.679999999999999722e-19 1.780000000000000081e-17 2.939999999999999948e-16 4.340000000000000314e-15 5.730000000000000575e-14 6.790000000000000350e-13 7.200000000000000017e-12 6.849999999999999610e-11 5.840000000000000513e-10 4.459999999999999901e-09 3.050000000000000180e-08 1.879999999999999894e-07 1.030000000000000091e-06 5.120000000000000107e-06 2.276420000000000136e-05 9.094110000000000247e-05 3.267209999999999776e-04 1.056508000000000056e-03 3.078164999999999894e-03 8.090586999999999779e-03 1.921353599999999981e-02 4.130520599999999709e-02 8.057664200000000387e-02 1.430604420000000099e-01 2.320425789999999988e-01 3.454612989999999995e-01 4.748553750000000240e-01 6.069826419999999612e-01 7.277415050000000107e-01 8.265271039999999569e-01 8.988565769999999899e-01 9.462570249999999739e-01 9.740601070000000083e-01 9.886564549999999896e-01 9.955150149999999476e-01 9.983994170000000112e-01 9.994851129999999806e-01 9.998508640000000058e-01 9.999611409999999978e-01 9.999908979999999614e-01 9.999980849999999810e-01 9.999996380000000240e-01 9.999999389999999488e-01 9.999999910000000325e-01 9.999999990000000283e-01 1.000000000000000000e+00 1.000000000000000000e+00 1.000000000000000000e+00 1.000000000000000000e+00 1.000000000000000000e+00 1.000000000000000000e+00 1.000000000000000000e+00 1.000000000000000000e+00 1.000000000000000000e+00 1.000000000000000000e+00 1.000000000000000000e+00 1.000000000000000000e+00 1.000000000000000000e+00 1.000000000000000000e+00 1.000000000000000000e+00 1.000000000000000000e+00 1.000000000000000000e+00 1.000000000000000000e+00 1.000000000000000000e+00 1.000000000000000000e+00 1.000000000000000000e+00 1.000000000000000000e+00 1.000000000000000000e+00 1.000000000000000000e+00 1.000000000000000000e+00 1.000000000000000000e+00 1.000000000000000000e+00 1.000000000000000000e+00
1.079999999999999899e-68 3.129999999999999922e-66 8.140000000000000652e-64 1.909999999999999885e-61 4.019999999999999820e-59 7.609999999999999577e-57 1.300000000000000011e-54 1.989999999999999882e-52 2.740000000000000080e-50 3.389999999999999707e-48 3.780000000000000316e-46 3.789999999999999786e-44 3.419999999999999966e-42 2.769999999999999829e-40 2.020000000000000069e-38 1.329999999999999965e-36 7.849999999999999721e-35 4.169999999999999884e-33 1.989999999999999886e-31 8.569999999999999873e-30 3.309999999999999883e-28 1.150000000000000044e-26 3.609999999999999881e-25 1.020000000000000051e-23 2.580000000000000130e-22 5.889999999999999630e-21 1.209999999999999965e-19 2.240000000000000022e-18 3.719999999999999927e-17 5.579999999999999952e-16 7.530000000000000479e-15 9.150000000000000139e-14 9.999999999999999799e-13 9.860000000000000395e-12 8.749999999999999511e-11 6.999999999999999609e-10 5.049999999999999725e-09 3.280000000000000254e-08 1.919999999999999987e-07 1.019999999999999975e-06 4.850000000000000151e-06 2.087999999999999999e-05 8.123199999999999746e-05 2.856560000000000175e-04 9.086819999999999576e-04 2.617213000000000178e-03 6.833057000000000020e-03 1.619346400000000116e-02 3.489412900000000289e-02 6.851231300000000524e-02 1.228935230000000045e-01 2.020493620000000101e-01 3.057253389999999849e-01 4.279153139999999911e-01 5.575006890000000492e-01 6.811636490000000377e-01 7.873543069999999755e-01 8.694074750000000407e-01 9.264587869999999503e-01 9.621528179999999653e-01 9.822475969999999723e-01 9.924270880000000128e-01 9.970671239999999713e-01 9.989702409999999810e-01 9.996725939999999699e-01 9.999058259999999976e-01 9.999755129999999825e-01 9.999942480000000300e-01 9.999987799999999760e-01 9.999997670000000394e-01 9.999999600000000211e-01 9.999999939999999476e-01 9.999999990000000283e-01 1.000000000000000000e+00 1.000000000000000000e+00 1.000000000000000000e+00 1.000000000000000000e+00 1.000000000000000000e+00 1.000000000000000000e+00 1.000000000000000000e+00 1.000000000000000000e+00 1.000000000000000000e+00 1.000000000000000000e+00 1.000000000000000000e+00 1.000000000000000000e+00 1.000000000000000000e+00 1.000000000000000000e+00 1.000000000000000000e+00 1.000000000000000000e+00 1.000000000000000000e+00 1.000000000000000000e+00 1.000000000000000000e+00 1.000000000000000000e+00 1.000000000000000000e+00 1.000000000000000000e+00 1.000000000000000000e+00 1.000000000000000000e+00 1.000000000000000000e+00 1.000000000000000000e+00 1.000000000000000000e+00
3.550000000000000138e-65 7.270000000000000080e-63 1.350000000000000002e-60 2.260000000000000093e-58 3.440000000000000173e-56 4.749999999999999712e-54 5.930000000000000223e-52 6.709999999999999784e-50 6.890000000000000225e-48 6.399999999999999836e-46 5.389999999999999511e-44 4.119999999999999881e-42 2.849999999999999921e-40 1.779999999999999890e-38 1.009999999999999977e-36 5.219999999999999498e-35 2.429999999999999938e-33 1.030000000000000051e-31 3.950000000000000329e-30 1.370000000000000058e-28 4.319999999999999822e-27 1.229999999999999961e-25 3.190000000000000151e-24 7.479999999999999686e-23 1.590000000000000009e-21 3.070000000000000203e-20 5.359999999999999790e-19 8.499999999999999453e-18 1.220000000000000103e-16 1.590000000000000001e-15 1.890000000000000025e-14 2.019999999999999976e-13 1.969999999999999886e-12 1.739999999999999937e-11 1.400000000000000077e-10 1.019999999999999993e-09 6.710000000000000197e-09 4.029999999999999691e-08 2.189999999999999890e-07 1.089999999999999940e-06 4.889999999999999768e-06 2.001330000000000031e-05 7.451999999999999803e-05 2.525839999999999791e-04 7.798539999999999639e-04 2.195078999999999954e-03 5.638222000000000025e-03 1.323143599999999920e-02 2.841031000000000112e-02 5.591452000000000228e-02 1.010903959999999990e-01 1.683514120000000058e-01 2.591274270000000213e-01 3.701805280000000087e-01 4.933329180000000092e-01 6.171293020000000462e-01 7.299337000000000186e-01 8.231081319999999923e-01 8.928702160000000498e-01 9.402172850000000137e-01 9.693456679999999936e-01 9.855894680000000241e-01 9.938006329999999888e-01 9.975630389999999847e-01 9.991257099999999447e-01 9.997140220000000355e-01 9.999147840000000009e-01 9.999768839999999548e-01 9.999942950000000330e-01 9.999987200000000076e-01 9.999997390000000541e-01 9.999999520000000253e-01 9.999999920000000042e-01 9.999999990000000283e-01 1.000000000000000000e+00 1.000000000000000000e+00 1.000000000000000000e+00 1.000000000000000000e+00 1.000000000000000000e+00 1.000000000000000000e+00 1.000000000000000000e+00 1.000000000000000000e+00 1.000000000000000000e+00 1.000000000000000000e+00 1.000000000000000000e+00 1.000000000000000000e+00 1.000000000000000000e+00 1.000000000000000000e+00 1.000000000000000000e+00 1.000000000000000000e+00 1.000000000000000000e+00 1.000000000000000000e+00 1.000000000000000000e+00 1.000000000000000000e+00 1.000000000000000000e+00 1.000000000000000000e+00 1.000000000000000000e+00 1.000000000000000000e+00 1.000000000000000000e+00 1.000000000000000000e+00
3.039999999999999954e-59 3.520000000000000090e-57 3.740000000000000208e-55 3.630000000000000094e-53 3.240000000000000262e-51 2.650000000000000145e-49 1.989999999999999985e-47 1.370000000000000045e-45 8.630000000000000200e-44 4.989999999999999839e-42 2.650000000000000098e-40 1.290000000000000113e-38 5.739999999999999708e-37 2.350000000000000012e-35 8.819999999999999153e-34 3.039999999999999951e-32 9.579999999999999537e-31 2.769999999999999951e-29 7.370000000000000334e-28 1.790000000000000098e-26 4.010000000000000126e-25 8.219999999999999501e-24 1.550000000000000064e-22 2.670000000000000090e-21 4.219999999999999862e-20 6.130000000000000315e-19 8.170000000000000438e-18 9.990000000000000615e-17 1.120000000000000055e-15 1.149999999999999991e-14 1.090000000000000026e-13 9.469999999999999028e-13 7.540000000000000587e-12 5.520000000000000067e-11 3.710000000000000113e-10 2.290000000000000157e-09 1.300000000000000060e-08 6.750000000000000224e-08 3.230000000000000203e-07 1.419999999999999957e-06 5.750000000000000004e-06 2.141480000000000036e-05 7.334189999999999655e-05 2.312589999999999893e-04 6.717280000000000169e-04 1.798555000000000076e-03 4.442523999999999779e-03 1.013255700000000037e-02 2.136396000000000128e-02 4.169762700000000100e-02 7.546219699999999475e-02 1.268868949999999995e-01 1.987239100000000036e-01 2.907670860000000079e-01 3.989359550000000088e-01 5.155311759999999799e-01 6.308040579999999453e-01 7.353341820000000029e-01 8.222749470000000338e-01 8.885992499999999517e-01 9.350067890000000048e-01 9.647899049999999477e-01 9.823212989999999811e-01 9.917864220000000008e-01 9.964734560000000352e-01 9.986022340000000330e-01 9.994890250000000309e-01 9.998278449999999928e-01 9.999465779999999748e-01 9.999847389999999558e-01 9.999959889999999740e-01 9.999990300000000110e-01 9.999997840000000027e-01 9.999999560000000232e-01 9.999999920000000042e-01 9.999999990000000283e-01 1.000000000000000000e+00 1.000000000000000000e+00 1.000000000000000000e+00 1.000000000000000000e+00 1.000000000000000000e+00 1.000000000000000000e+00 1.000000000000000000e+00 1.000000000000000000e+00 1.000000000000000000e+00 1.000000000000000000e+00 1.000000000000000000e+00 1.000000000000000000e+00 1.000000000000000000e+00 1.000000000000000000e+00 1.000000000000000000e+00 1.000000000000000000e+00 1.000000000000000000e+00 1.000000000000000000e+00 1.000000000000000000e+00 1.000000000000000000e+00 1.000000000000000000e+00 1.000000000000000000e+00 1.000000000000000000e+00 1.000000000000000000e+00
4.889999999999999972e-49 2.170000000000000054e-47 8.969999999999999831e-46 3.480000000000000150e-44 1.260000000000000038e-42 4.269999999999999926e-41 1.350000000000000027e-39 4.010000000000000051e-38 1.110000000000000005e-36 2.880000000000000258e-35 6.989999999999999899e-34 1.589999999999999973e-32 3.370000000000000141e-31 6.679999999999999996e-30 1.240000000000000103e-28 2.150000000000000011e-27 3.489999999999999876e-26 5.309999999999999659e-25 7.539999999999999957e-24 1.000000000000000049e-22 1.249999999999999931e-21 1.449999999999999988e-20 1.579999999999999971e-19 1.609999999999999907e-18 1.530000000000000025e-17 1.370000000000000075e-16 1.139999999999999986e-15 8.900000000000000258e-15 6.500000000000000071e-14 4.450000000000000224e-13 2.850000000000000175e-12 1.699999999999999946e-11 9.559999999999999816e-11 5.020000000000000242e-10 2.469999999999999949e-09 1.139999999999999951e-08 4.900000000000000202e-08 1.979999999999999995e-07 7.500000000000000190e-07 2.659999999999999943e-06 8.840000000000000066e-06 2.755629999999999907e-05 8.054200000000000237e-05 2.208380000000000022e-04 5.682509999999999775e-04 1.372818999999999949e-03 3.115405999999999818e-03 6.645151000000000183e-03 1.333181500000000033e-02 2.517842199999999891e-02 4.480737900000000135e-02 7.522462000000000593e-02 1.193067180000000060e-01 1.790549280000000021e-01 2.547919310000000270e-01 3.445786610000000083e-01 4.441277299999999983e-01 5.473523710000000042e-01 6.474562059999999786e-01 7.382464509999999702e-01 8.152567269999999588e-01 8.763479770000000002e-01 9.216721549999999930e-01 9.531207400000000218e-01 9.735283510000000140e-01 9.859135390000000054e-01 9.929431589999999641e-01 9.966746239999999535e-01 9.985270659999999632e-01 9.993871210000000449e-01 9.997605640000000182e-01 9.999122120000000224e-01 9.999698049999999894e-01 9.999902600000000197e-01 9.999970540000000518e-01 9.999991649999999677e-01 9.999997779999999503e-01 9.999999450000000012e-01 9.999999870000000346e-01 9.999999969999999738e-01 9.999999990000000283e-01 1.000000000000000000e+00 1.000000000000000000e+00 1.000000000000000000e+00 1.000000000000000000e+00 1.000000000000000000e+00 1.000000000000000000e+00 1.000000000000000000e+00 1.000000000000000000e+00 1.000000000000000000e+00 1.000000000000000000e+00 1.000000000000000000e+00 1.000000000000000000e+00 1.000000000000000000e+00 1.000000000000000000e+00 1.000000000000000000e+00 1.000000000000000000e+00 1.000000000000000000e+00 1.000000000000000000e+00 1.000000000000000000e+00
2.469999999999999891e-41 5.439999999999999746e-40 1.139999999999999936e-38 2.250000000000000201e-37 4.230000000000000262e-36 7.529999999999999633e-35 1.270000000000000030e-33 2.040000000000000032e-32 3.090000000000000152e-31 4.449999999999999670e-30 6.080000000000000507e-29 7.880000000000000432e-28 9.680000000000000717e-27 1.130000000000000015e-25 1.249999999999999951e-24 1.310000000000000038e-23 1.299999999999999993e-22 1.219999999999999914e-21 1.090000000000000074e-20 9.269999999999999592e-20 7.449999999999999840e-19 5.679999999999999821e-18 4.109999999999999855e-17 2.819999999999999971e-16 1.839999999999999922e-15 1.140000000000000065e-14 6.660000000000000147e-14 3.699999999999999885e-13 1.949999999999999971e-12 9.780000000000000736e-12 4.650000000000000098e-11 2.090000000000000021e-10 8.960000000000000078e-10 3.639999999999999838e-09 1.399999999999999963e-08 5.130000000000000276e-08 1.780000000000000057e-07 5.889999999999999935e-07 1.839999999999999959e-06 5.489999999999999953e-06 1.551680000000000024e-05 4.168259999999999966e-05 1.064140000000000013e-04 2.582500000000000160e-04 5.959370000000000509e-04 1.308022999999999955e-03 2.731760000000000178e-03 5.430787999999999761e-03 1.028217000000000020e-02 1.855023999999999909e-02 3.191077400000000286e-02 5.238109600000000199e-02 8.211877099999999319e-02 1.230798129999999962e-01 1.765752580000000127e-01 2.428189629999999988e-01 3.205965570000000042e-01 4.071823410000000032e-01 4.985770210000000091e-01 5.900467769999999668e-01 6.768461129999999715e-01 7.549436849999999755e-01 8.215692399999999784e-01 8.754614830000000403e-01 9.167941720000000183e-01 9.468509830000000349e-01 9.675749940000000215e-01 9.811233360000000125e-01 9.895214110000000174e-01 9.944571739999999993e-01 9.972076610000000230e-01 9.986609269999999761e-01 9.993889769999999562e-01 9.997348010000000063e-01 9.998905519999999880e-01 9.999570620000000076e-01 9.999839910000000165e-01 9.999943279999999879e-01 9.999980910000000334e-01 9.999993900000000435e-01 9.999998150000000141e-01 9.999999469999999446e-01 9.999999849999999801e-01 9.999999960000000021e-01 9.999999990000000283e-01 1.000000000000000000e+00 1.000000000000000000e+00 1.000000000000000000e+00 1.000000000000000000e+00 1.000000000000000000e+00 1.000000000000000000e+00 1.000000000000000000e+00 1.000000000000000000e+00 1.000000000000000000e+00 1.000000000000000000e+00 1.000000000000000000e+00 1.000000000000000000e+00 1.000000000000000000e+00 1.000000000000000000e+00 1.000000000000000000e+00
7.780000000000000203e-34 8.820000000000000179e-33 9.589999999999999599e-32 1.000000000000000083e-30 1.009999999999999944e-29 9.700000000000000248e-29 8.980000000000000188e-28 7.990000000000000049e-27 6.820000000000000205e-26 5.599999999999999756e-25 4.419999999999999975e-24 3.339999999999999800e-23 2.430000000000000041e-22 1.700000000000000012e-21 1.139999999999999928e-20 7.359999999999999982e-20 4.560000000000000195e-19 2.720000000000000164e-18 1.549999999999999918e-17 8.530000000000000063e-17 4.500000000000000152e-16 2.279999999999999972e-15 1.109999999999999972e-14 5.210000000000000014e-14 2.350000000000000084e-13 1.009999999999999937e-12 4.210000000000000034e-12 1.679999999999999950e-11 6.449999999999999699e-11 2.380000000000000053e-10 8.429999999999999841e-10 2.869999999999999809e-09 9.409999999999999558e-09 2.960000000000000035e-08 8.959999999999999499e-08 2.610000000000000210e-07 7.290000000000000295e-07 1.959999999999999869e-06 5.069999999999999739e-06 1.262219999999999919e-05 3.020809999999999967e-05 6.955200000000000087e-05 1.540860000000000016e-04 3.285149999999999811e-04 6.741730000000000248e-04 1.332003000000000006e-03 2.534316999999999907e-03 4.644699999999999870e-03 8.202186000000000199e-03 1.396140899999999928e-02 2.291554300000000002e-02 3.628526199999999868e-02 5.545694000000000318e-02 8.185896300000000680e-02 1.167773010000000000e-01 1.611289019999999905e-01 2.152297979999999999e-01 2.786078790000000027e-01 3.499117680000000119e-01 4.269536520000000168e-01 5.068965939999999781e-01 5.865625780000000011e-01 6.628065109999999871e-01 7.328837849999999543e-01 7.947407570000000199e-01 8.471779710000000296e-01 8.898683509999999464e-01 9.232463170000000385e-01 9.483090849999999961e-01 9.663823879999999811e-01 9.788989540000000433e-01 9.872237190000000551e-01 9.925411010000000367e-01 9.958029400000000253e-01 9.977245540000000412e-01 9.988117509999999699e-01 9.994024809999999537e-01 9.997107349999999615e-01 9.998652129999999749e-01 9.999395589999999778e-01 9.999739229999999868e-01 9.999891760000000351e-01 9.999956779999999990e-01 9.999983409999999573e-01 9.999993870000000173e-01 9.999997819999999482e-01 9.999999259999999834e-01 9.999999760000000126e-01 9.999999920000000042e-01 9.999999979999999455e-01 9.999999990000000283e-01 1.000000000000000000e+00 1.000000000000000000e+00 1.000000000000000000e+00 1.000000000000000000e+00 1.000000000000000000e+00 1.000000000000000000e+00 1.000000000000000000e+00 1.000000000000000000e+00 1.000000000000000000e+00
9.459999999999999667e-30 7.469999999999999782e-29 5.710000000000000083e-28 4.220000000000000105e-27 3.020000000000000059e-26 2.090000000000000052e-25 1.389999999999999921e-24 9.020000000000000175e-24 5.639999999999999606e-23 3.409999999999999999e-22 1.999999999999999815e-21 1.130000000000000048e-20 6.189999999999999659e-20 3.280000000000000073e-19 1.679999999999999920e-18 8.309999999999999693e-18 3.980000000000000084e-17 1.849999999999999986e-16 8.280000000000000438e-16 3.590000000000000354e-15 1.510000000000000003e-14 6.119999999999999418e-14 2.399999999999999871e-13 9.130000000000000477e-13 3.359999999999999819e-12 1.190000000000000059e-11 4.109999999999999895e-11 1.369999999999999922e-10 4.399999999999999798e-10 1.370000000000000025e-09 4.140000000000000179e-09 1.210000000000000082e-08 3.410000000000000095e-08 9.340000000000000255e-08 2.469999999999999751e-07 6.330000000000000169e-07 1.570000000000000003e-06 3.769999999999999904e-06 8.749999999999999233e-06 1.969220000000000096e-05 4.290690000000000080e-05 9.053950000000000279e-05 1.850450000000000012e-04 3.663590000000000206e-04 7.027280000000000115e-04 1.306146999999999907e-03 2.352878999999999995e-03 4.108653999999999779e-03 6.956508999999999610e-03 1.142316399999999954e-02 1.819744200000000117e-02 2.813225000000000101e-02 4.222098400000000307e-02 6.154068699999999670e-02 8.715867600000000437e-02 1.200064329999999957e-01 1.607334450000000026e-01 2.095621900000000093e-01 2.661710990000000221e-01 3.296325820000000073e-01 3.984267919999999741e-01 4.705391700000000066e-01 5.436335519999999644e-01 6.152766640000000287e-01 6.831784389999999707e-01 7.454090509999999892e-01 8.005587629999999510e-01 8.478193000000000534e-01 8.869817850000000226e-01 9.183621509999999599e-01 9.426764589999999666e-01 9.608936710000000048e-01 9.740919719999999726e-01 9.833383169999999618e-01 9.896021210000000012e-01 9.937053169999999769e-01 9.963044110000000009e-01 9.978963910000000492e-01 9.988392990000000138e-01 9.993793269999999840e-01 9.996784010000000498e-01 9.998385619999999863e-01 9.999214990000000469e-01 9.999630290000000032e-01 9.999831380000000491e-01 9.999925530000000062e-01 9.999968150000000389e-01 9.999986819999999721e-01 9.999994719999999448e-01 9.999997950000000246e-01 9.999999229999999573e-01 9.999999720000000147e-01 9.999999899999999498e-01 9.999999969999999738e-01 9.999999990000000283e-01 1.000000000000000000e+00 1.000000000000000000e+00 1.000000000000000000e+00 1.000000000000000000e+00 1.000000000000000000e+00
2.029999999999999889e-29 1.519999999999999902e-28 1.110000000000000014e-27 7.809999999999999698e-27 5.329999999999999832e-26 3.520000000000000136e-25 2.249999999999999874e-24 1.399999999999999856e-23 8.380000000000000224e-23 4.869999999999999774e-22 2.740000000000000006e-21 1.490000000000000112e-20 7.880000000000000392e-20 4.029999999999999934e-19 1.989999999999999811e-18 9.559999999999999975e-18 4.439999999999999794e-17 1.999999999999999958e-16 8.690000000000000198e-16 3.670000000000000076e-15 1.499999999999999919e-14 5.929999999999999723e-14 2.269999999999999920e-13 8.430000000000000430e-13 3.029999999999999812e-12 1.059999999999999926e-11 3.559999999999999856e-11 1.170000000000000096e-10 3.690000000000000182e-10 1.130000000000000027e-09 3.359999999999999978e-09 9.689999999999999419e-09 2.700000000000000023e-08 7.309999999999999944e-08 1.919999999999999987e-07 4.859999999999999844e-07 1.199999999999999946e-06 2.860000000000000146e-06 6.600000000000000337e-06 1.479249999999999940e-05 3.213790000000000277e-05 6.769619999999999739e-05 1.382710000000000048e-04 2.738870000000000020e-04 5.261880000000000246e-04 9.806310000000000374e-04 1.773113999999999897e-03 3.111098999999999982e-03 5.298172999999999772e-03 8.759370000000000697e-03 1.406259600000000012e-02 2.192951699999999907e-02 3.322800800000000332e-02 4.893840099999999943e-02 7.008812600000000059e-02 9.765410800000000335e-02 1.324392139999999995e-01 1.749368050000000008e-01 2.252042119999999870e-01 2.827693849999999842e-01 3.465934350000000053e-01 4.151044050000000096e-01 4.863055680000000214e-01 5.579471710000000195e-01 6.277374159999999925e-01 6.935600690000000013e-01 7.536646049999999875e-01 8.068007849999999648e-01 8.522812180000000071e-01 8.899698200000000226e-01 9.202073720000000234e-01 9.436947390000000047e-01 9.613580910000000257e-01 9.742187429999999981e-01 9.832844950000000361e-01 9.894717170000000284e-01 9.935599769999999831e-01 9.961753410000000475e-01 9.977951969999999671e-01 9.987665390000000087e-01 9.993304589999999488e-01 9.996474260000000056e-01 9.998199150000000035e-01 9.999107929999999644e-01 9.999571489999999896e-01 9.999800420000000134e-01 9.999909879999999696e-01 9.999960549999999948e-01 9.999983260000000485e-01 9.999993120000000291e-01 9.999997259999999777e-01 9.999998940000000003e-01 9.999999600000000211e-01 9.999999859999999519e-01 9.999999950000000304e-01 9.999999979999999455e-01 9.999999990000000283e-01 1.000000000000000000e+00 1.000000000000000000e+00 1.000000000000000000e+00
1.140000000000000073e-27 7.429999999999999913e-27 4.689999999999999922e-26 2.870000000000000139e-25 1.709999999999999934e-24 9.859999999999999266e-24 5.529999999999999697e-23 3.010000000000000073e-22 1.590000000000000009e-21 8.160000000000000359e-21 4.070000000000000299e-20 1.969999999999999918e-19 9.240000000000000522e-19 4.209999999999999939e-18 1.870000000000000064e-17 8.030000000000000567e-17 3.350000000000000201e-16 1.360000000000000011e-15 5.360000000000000322e-15 2.050000000000000100e-14 7.609999999999999885e-14 2.739999999999999937e-13 9.610000000000000451e-13 3.270000000000000001e-12 1.079999999999999922e-11 3.460000000000000201e-11 1.080000000000000019e-10 3.270000000000000082e-10 9.599999999999999936e-10 2.740000000000000051e-09 7.600000000000000225e-09 2.050000000000000159e-08 5.359999999999999689e-08 1.360000000000000002e-07 3.370000000000000133e-07 8.090000000000000047e-07 1.889999999999999904e-06 4.279999999999999679e-06 9.419999999999999595e-06 2.015679999999999986e-05 4.193499999999999745e-05 8.480350000000000214e-05 1.667150000000000055e-04 3.186439999999999802e-04 5.921890000000000183e-04 1.070280000000000059e-03 1.881396999999999931e-03 3.217217999999999987e-03 5.352744000000000425e-03 8.666752999999999263e-03 1.365898100000000059e-02 2.095905600000000021e-02 3.132126500000000091e-02 4.559933499999999779e-02 6.469693799999999551e-02 8.949287300000000056e-02 1.207446209999999964e-01 1.589795619999999909e-01 2.043882370000000004e-01 2.567373749999999899e-01 3.153205029999999742e-01 3.789601710000000123e-01 4.460683730000000180e-01 5.147618699999999548e-01 5.830189980000000105e-01 6.488564060000000522e-01 7.105002609999999663e-01 7.665274949999999476e-01 8.159586669999999708e-01 8.582932149999999982e-01 8.934882400000000446e-01 9.218909560000000392e-01 9.441409939999999557e-01 9.610607410000000517e-01 9.735503589999999763e-01 9.824998160000000258e-01 9.887247729999999457e-01 9.929278569999999693e-01 9.956826690000000202e-01 9.974353700000000433e-01 9.985178399999999899e-01 9.991667960000000237e-01 9.995444620000000224e-01 9.997578110000000517e-01 9.998748050000000331e-01 9.999370829999999488e-01 9.999692639999999688e-01 9.999854049999999939e-01 9.999932639999999928e-01 9.999969789999999525e-01 9.999986830000000548e-01 9.999994420000000162e-01 9.999997710000000373e-01 9.999999080000000484e-01 9.999999640000000189e-01 9.999999870000000346e-01 9.999999950000000304e-01 9.999999979999999455e-01 9.999999990000000283e-01 1.000000000000000000e+00
6.719999999999999663e-28 4.470000000000000115e-27 2.879999999999999881e-26 1.809999999999999926e-25 1.100000000000000008e-24 6.480000000000000020e-24 3.709999999999999708e-23 2.059999999999999898e-22 1.109999999999999911e-21 5.809999999999999833e-21 2.949999999999999831e-20 1.449999999999999988e-19 6.949999999999999611e-19 3.230000000000000146e-18 1.450000000000000142e-17 6.360000000000000054e-17 2.699999999999999993e-16 1.110000000000000090e-15 4.440000000000000361e-15 1.719999999999999865e-14 6.500000000000000071e-14 2.379999999999999956e-13 8.430000000000000430e-13 2.900000000000000164e-12 9.709999999999999621e-12 3.150000000000000108e-11 9.940000000000000055e-11 3.039999999999999842e-10 9.029999999999999837e-10 2.609999999999999879e-09 7.290000000000000262e-09 1.979999999999999863e-08 5.239999999999999938e-08 1.340000000000000088e-07 3.339999999999999997e-07 8.080000000000000354e-07 1.900000000000000020e-06 4.330000000000000048e-06 9.579999999999999757e-06 2.062019999999999953e-05 4.310830000000000196e-05 8.756159999999999866e-05 1.728210000000000043e-04 3.314780000000000135e-04 6.179409999999999981e-04 1.119774999999999937e-03 1.972751000000000018e-03 3.379445999999999926e-03 5.630304000000000038e-03 9.124778999999999529e-03 1.438860299999999981e-02 2.208179299999999887e-02 3.299110100000000184e-02 4.800085800000000041e-02 6.803800499999999862e-02 9.399078399999999389e-02 1.266058049999999879e-01 1.663741290000000095e-01 2.134222990000000097e-01 2.674273110000000009e-01 3.275739349999999828e-01 3.925680959999999775e-01 4.607114210000000099e-01 5.300313629999999776e-01 5.984507150000000220e-01 6.639724870000000001e-01 7.248529860000000324e-01 7.797383629999999899e-01 8.277471770000000006e-01 8.684918820000000483e-01 9.020430170000000025e-01 9.288488350000000393e-01 9.496284139999999763e-01 9.652573779999999992e-01 9.766627490000000522e-01 9.847383400000000453e-01 9.902861929999999813e-01 9.939841440000000139e-01 9.963757130000000517e-01 9.978764020000000512e-01 9.987900589999999523e-01 9.993297709999999778e-01 9.996391030000000288e-01 9.998111219999999966e-01 9.999039349999999660e-01 9.999525230000000375e-01 9.999772019999999539e-01 9.999893650000000189e-01 9.999951799999999835e-01 9.999978779999999512e-01 9.999990930000000056e-01 9.999996230000000041e-01 9.999998479999999690e-01 9.999999410000000033e-01 9.999999769999999844e-01 9.999999920000000042e-01 9.999999969999999738e-01 9.999999990000000283e-01 1.000000000000000000e+00 1.000000000000000000e+00
1.790000000000000026e-27 1.129999999999999957e-26 6.939999999999999865e-26 4.140000000000000217e-25 2.399999999999999817e-24 1.349999999999999925e-23 7.389999999999999868e-23 3.929999999999999996e-22 2.029999999999999833e-21 1.020000000000000007e-20 4.959999999999999752e-20 2.350000000000000014e-19 1.080000000000000031e-18 4.829999999999999722e-18 2.099999999999999919e-17 8.860000000000000002e-17 3.639999999999999983e-16 1.450000000000000093e-15 5.610000000000000045e-15 2.109999999999999971e-14 7.729999999999999626e-14 2.749999999999999894e-13 9.479999999999999995e-13 3.180000000000000182e-12 1.039999999999999931e-11 3.289999999999999754e-11 1.010000000000000002e-10 3.039999999999999842e-10 8.829999999999999493e-10 2.500000000000000052e-09 6.869999999999999644e-09 1.839999999999999933e-08 4.769999999999999699e-08 1.199999999999999893e-07 2.960000000000000035e-07 7.059999999999999956e-07 1.639999999999999968e-06 3.700000000000000150e-06 8.110000000000000279e-06 1.731430000000000124e-05 3.593419999999999893e-05 7.253679999999999980e-05 1.424289999999999877e-04 2.720660000000000070e-04 5.056319999999999999e-04 9.143950000000000298e-04 1.609282000000000074e-03 2.756746000000000023e-03 4.597285999999999907e-03 7.464982000000000215e-03 1.180510899999999939e-02 1.818559200000000042e-02 2.729701600000000034e-02 3.993566700000000108e-02 5.696497400000000155e-02 7.925317199999999673e-02 1.075889250000000019e-01 1.425815380000000077e-01 1.845574209999999993e-01 2.334682650000000081e-01 2.888277890000000014e-01 3.496919179999999905e-01 4.146917720000000140e-01 4.821205419999999853e-01 5.500659319999999797e-01 6.165712920000000485e-01 6.798030430000000512e-01 7.382007310000000544e-01 7.905894759999999577e-01 8.362417279999999620e-01 8.748845010000000366e-01 9.066573540000000264e-01 9.320335170000000335e-01 9.517204270000000355e-01 9.665562239999999639e-01 9.774161289999999669e-01 9.851380069999999822e-01 9.904713729999999883e-01 9.940495489999999768e-01 9.963814149999999925e-01 9.978575539999999799e-01 9.987652320000000028e-01 9.993073820000000218e-01 9.996219290000000202e-01 9.997991999999999990e-01 9.998962430000000179e-01 9.999478469999999453e-01 9.999745009999999601e-01 9.999878749999999705e-01 9.999943930000000369e-01 9.999974780000000507e-01 9.999988969999999977e-01 9.999995310000000526e-01 9.999998060000000466e-01 9.999999219999999855e-01 9.999999699999999603e-01 9.999999880000000063e-01 9.999999960000000021e-01 9.999999979999999455e-01 9.999999990000000283e-01
4.619999999999999670e-33 4.299999999999999899e-32 3.880000000000000026e-31 3.370000000000000141e-30 2.829999999999999956e-29 2.299999999999999855e-28 1.799999999999999926e-27 1.359999999999999880e-26 9.940000000000000555e-26 7.010000000000000356e-25 4.779999999999999690e-24 3.140000000000000073e-23 2.000000000000000097e-22 1.229999999999999982e-21 7.269999999999999702e-21 4.160000000000000277e-20 2.299999999999999799e-19 1.230000000000000003e-18 6.340000000000000161e-18 3.159999999999999825e-17 1.520000000000000047e-16 7.069999999999999512e-16 3.180000000000000003e-15 1.380000000000000020e-14 5.780000000000000362e-14 2.340000000000000127e-13 9.150000000000000392e-13 3.460000000000000201e-12 1.260000000000000043e-11 4.450000000000000143e-11 1.519999999999999921e-10 4.990000000000000346e-10 1.590000000000000093e-09 4.879999999999999692e-09 1.450000000000000080e-08 4.170000000000000282e-08 1.160000000000000064e-07 3.099999999999999966e-07 8.040000000000000526e-07 2.009999999999999814e-06 4.879999999999999864e-06 1.142329999999999954e-05 2.586950000000000024e-05 5.665280000000000077e-05 1.199899999999999947e-04 2.458229999999999942e-04 4.872039999999999791e-04 9.342979999999999645e-04 1.733907000000000026e-03 3.114734999999999986e-03 5.417156000000000228e-03 9.124076999999999535e-03 1.488677000000000056e-02 2.353687100000000088e-02 3.607407099999999922e-02 5.361948300000000250e-02 7.732832500000000331e-02 1.082626690000000058e-01 1.472349039999999998e-01 1.946431160000000049e-01 2.503277979999999903e-01 3.134819389999999872e-01 3.826414419999999983e-01 4.557698059999999995e-01 5.304325279999999587e-01 6.040372609999999920e-01 6.741007310000000086e-01 7.384971169999999807e-01 7.956469940000000518e-01 8.446195789999999537e-01 8.851400659999999476e-01 9.175128599999999857e-01 9.424857909999999617e-01 9.610870639999999909e-01 9.744653220000000227e-01 9.837558450000000176e-01 9.899855060000000151e-01 9.940189149999999474e-01 9.965404420000000263e-01 9.980625250000000337e-01 9.989496740000000097e-01 9.994489460000000047e-01 9.997202539999999749e-01 9.998626090000000133e-01 9.999347299999999938e-01 9.999700099999999647e-01 9.999866739999999643e-01 9.999942750000000435e-01 9.999976219999999749e-01 9.999990450000000308e-01 9.999996289999999455e-01 9.999998610000000454e-01 9.999999499999999708e-01 9.999999819999999540e-01 9.999999939999999476e-01 9.999999979999999455e-01 9.999999990000000283e-01 1.000000000000000000e+00 1.000000000000000000e+00 1.000000000000000000e+00
1.599999999999999906e-35 1.800000000000000041e-34 1.949999999999999870e-33 2.040000000000000032e-32 2.049999999999999821e-31 1.979999999999999955e-30 1.839999999999999873e-29 1.650000000000000081e-28 1.430000000000000041e-27 1.179999999999999959e-26 9.459999999999999618e-26 7.289999999999999563e-25 5.400000000000000139e-24 3.849999999999999752e-23 2.649999999999999858e-22 1.750000000000000167e-21 1.109999999999999986e-20 6.830000000000000442e-20 4.029999999999999934e-19 2.290000000000000141e-18 1.249999999999999974e-17 6.600000000000000010e-17 3.350000000000000201e-16 1.640000000000000025e-15 7.689999999999999923e-15 3.480000000000000065e-14 1.520000000000000087e-13 6.380000000000000078e-13 2.579999999999999912e-12 1.009999999999999937e-11 3.770000000000000294e-11 1.359999999999999956e-10 4.740000000000000175e-10 1.590000000000000093e-09 5.130000000000000276e-09 1.600000000000000100e-08 4.789999999999999879e-08 1.379999999999999916e-07 3.850000000000000196e-07 1.030000000000000091e-06 2.669999999999999847e-06 6.639999999999999954e-06 1.593179999999999881e-05 3.686610000000000267e-05 8.224800000000000264e-05 1.769390000000000079e-04 3.671050000000000029e-04 7.346899999999999742e-04 1.418575999999999952e-03 2.643219999999999945e-03 4.753966000000000094e-03 8.255538999999999239e-03 1.384655800000000013e-02 2.243905900000000078e-02 3.514916399999999663e-02 5.324504499999999779e-02 7.804273999999999933e-02 1.107499940000000044e-01 1.522719710000000060e-01 2.030076170000000013e-01 2.626767389999999924e-01 3.302208360000000176e-01 4.038121399999999861e-01 4.809854170000000262e-01 5.588802680000000134e-01 6.345551799999999965e-01 7.053165850000000514e-01 7.690023430000000326e-01 8.241706319999999586e-01 8.701685310000000229e-01 9.070822459999999809e-01 9.355949690000000540e-01 9.567927699999999591e-01 9.719613190000000458e-01 9.824084800000000284e-01 9.893340170000000100e-01 9.937528700000000104e-01 9.964665990000000084e-01 9.980706710000000204e-01 9.989832739999999767e-01 9.994830099999999495e-01 9.997464010000000068e-01 9.998800169999999543e-01 9.999452570000000318e-01 9.999759179999999636e-01 9.999897859999999916e-01 9.999958249999999493e-01 9.999983550000000054e-01 9.999993750000000237e-01 9.999997710000000373e-01 9.999999189999999594e-01 9.999999729999999865e-01 9.999999910000000325e-01 9.999999969999999738e-01 9.999999990000000283e-01 1.000000000000000000e+00 1.000000000000000000e+00 1.000000000000000000e+00 1.000000000000000000e+00 1.000000000000000000e+00
9.519999999999999262e-38 1.270000000000000082e-36 1.630000000000000081e-35 2.010000000000000092e-34 2.370000000000000057e-33 2.689999999999999966e-32 2.930000000000000034e-31 3.059999999999999835e-30 3.069999999999999976e-29 2.959999999999999798e-28 2.739999999999999847e-27 2.430000000000000007e-26 2.070000000000000108e-25 1.689999999999999990e-24 1.330000000000000128e-23 9.989999999999999853e-23 7.229999999999999615e-22 5.020000000000000239e-21 3.340000000000000139e-20 2.140000000000000024e-19 1.319999999999999910e-18 7.760000000000000309e-18 4.390000000000000214e-17 2.389999999999999886e-16 1.249999999999999999e-15 6.250000000000000190e-15 3.009999999999999922e-14 1.389999999999999883e-13 6.169999999999999963e-13 2.629999999999999901e-12 1.079999999999999922e-11 4.229999999999999868e-11 1.599999999999999903e-10 5.789999999999999651e-10 2.020000000000000055e-09 6.740000000000000300e-09 2.169999999999999910e-08 6.689999999999999687e-08 1.979999999999999995e-07 5.649999999999999903e-07 1.549999999999999983e-06 4.069999999999999996e-06 1.030769999999999958e-05 2.506529999999999869e-05 5.859859999999999830e-05 1.317269999999999943e-04 2.847780000000000168e-04 5.921999999999999747e-04 1.184820999999999964e-03 2.281212999999999817e-03 4.227914999999999625e-03 7.545173999999999978e-03 1.297023800000000025e-02 2.148507800000000120e-02 3.431116900000000247e-02 5.285324200000000167e-02 7.857902599999999627e-02 1.128341380000000005e-01 1.566093869999999888e-01 2.102975350000000077e-01 2.734913860000000030e-01 3.448781770000000080e-01 4.222722259999999728e-01 5.027996810000000538e-01 5.832128340000000133e-01 6.602777840000000342e-01 7.311593680000000317e-01 7.937279900000000499e-01 8.467341590000000418e-01 8.898307420000000079e-01 9.234591109999999992e-01 9.486425619999999670e-01 9.667422509999999969e-01 9.792268130000000292e-01 9.874914110000000411e-01 9.927420989999999890e-01 9.959436240000000273e-01 9.978170790000000512e-01 9.988692240000000000e-01 9.994363160000000468e-01 9.997296589999999927e-01 9.998752880000000287e-01 9.999446720000000344e-01 9.999763980000000441e-01 9.999903199999999881e-01 9.999961840000000102e-01 9.999985540000000395e-01 9.999994730000000276e-01 9.999998159999999858e-01 9.999999379999999771e-01 9.999999800000000105e-01 9.999999939999999476e-01 9.999999979999999455e-01 9.999999990000000283e-01 1.000000000000000000e+00 1.000000000000000000e+00 1.000000000000000000e+00 1.000000000000000000e+00 1.000000000000000000e+00 1.000000000000000000e+00
4.529999999999999775e-48 1.279999999999999967e-46 3.440000000000000281e-45 8.769999999999999554e-44 2.120000000000000124e-42 4.849999999999999983e-41 1.049999999999999967e-39 2.169999999999999985e-38 4.240000000000000131e-37 7.849999999999999988e-36 1.379999999999999939e-34 2.299999999999999855e-33 3.630000000000000005e-32 5.430000000000000242e-31 7.719999999999999803e-30 1.040000000000000087e-28 1.329999999999999965e-27 1.610000000000000033e-26 1.850000000000000043e-25 2.020000000000000158e-24 2.090000000000000033e-23 2.049999999999999970e-22 1.910000000000000137e-21 1.680000000000000100e-20 1.410000000000000105e-19 1.120000000000000011e-18 8.439999999999999772e-18 6.030000000000000116e-17 4.089999999999999900e-16 2.630000000000000137e-15 1.609999999999999892e-14 9.310000000000000215e-14 5.110000000000000440e-13 2.670000000000000134e-12 1.320000000000000030e-11 6.200000000000000562e-11 2.759999999999999775e-10 1.170000000000000096e-09 4.699999999999999900e-09 1.790000000000000147e-08 6.490000000000000543e-08 2.229999999999999984e-07 7.279999999999999544e-07 2.259999999999999961e-06 6.649999999999999858e-06 1.860300000000000129e-05 4.947309999999999902e-05 1.250559999999999899e-04 3.005390000000000036e-04 6.868760000000000013e-04 1.493402000000000011e-03 3.089993999999999987e-03 6.087030000000000218e-03 1.142177299999999965e-02 2.042624800000000101e-02 3.483834200000000131e-02 5.671192099999999847e-02 8.819207699999999372e-02 1.311534729999999926e-01 1.867495969999999894e-01 2.549733240000000012e-01 3.343606639999999741e-01 4.219582290000000180e-01 5.136135870000000381e-01 6.045522850000000226e-01 6.901110790000000161e-01 7.664428949999999574e-01 8.310189470000000078e-01 8.828228219999999515e-01 9.222302190000000177e-01 9.506563559999999802e-01 9.701002100000000183e-01 9.827118360000000052e-01 9.904686560000000028e-01 9.949926310000000163e-01 9.974945889999999871e-01 9.988066770000000316e-01 9.994591590000000414e-01 9.997668370000000193e-01 9.999044139999999636e-01 9.999627479999999569e-01 9.999862019999999907e-01 9.999951430000000308e-01 9.999983759999999666e-01 9.999994840000000496e-01 9.999998439999999711e-01 9.999999550000000514e-01 9.999999880000000063e-01 9.999999969999999738e-01 9.999999990000000283e-01 1.000000000000000000e+00 1.000000000000000000e+00 1.000000000000000000e+00 1.000000000000000000e+00 1.000000000000000000e+00 1.000000000000000000e+00 1.000000000000000000e+00 1.000000000000000000e+00 1.000000000000000000e+00 1.000000000000000000e+00
2.650000000000000169e-52 1.079999999999999890e-50 4.100000000000000138e-49 1.479999999999999913e-47 4.999999999999999921e-46 1.589999999999999914e-44 4.789999999999999863e-43 1.360000000000000089e-41 3.619999999999999891e-40 9.099999999999999601e-39 2.149999999999999840e-37 4.809999999999999686e-36 1.009999999999999950e-34 2.000000000000000112e-33 3.730000000000000079e-32 6.559999999999999601e-31 1.089999999999999951e-29 1.700000000000000030e-28 2.489999999999999838e-27 3.459999999999999961e-26 4.510000000000000088e-25 5.550000000000000082e-24 6.439999999999999692e-23 7.030000000000000123e-22 7.239999999999999308e-21 7.029999999999999860e-20 6.429999999999999682e-19 5.539999999999999795e-18 4.499999999999999783e-17 3.449999999999999854e-16 2.489999999999999835e-15 1.689999999999999930e-14 1.090000000000000026e-13 6.560000000000000320e-13 3.739999999999999816e-12 2.010000000000000038e-11 1.019999999999999967e-10 4.869999999999999726e-10 2.199999999999999848e-09 9.339999999999999593e-09 3.749999999999999830e-08 1.420000000000000010e-07 5.060000000000000046e-07 1.709999999999999933e-06 5.419999999999999776e-06 1.628739999999999927e-05 4.618310000000000172e-05 1.236900000000000033e-04 3.129939999999999784e-04 7.485690000000000356e-04 1.692747999999999996e-03 3.620865000000000021e-03 7.330241000000000361e-03 1.405314199999999937e-02 2.553208300000000056e-02 4.399653600000000275e-02 7.197739100000000168e-02 1.119236160000000035e-01 1.656491810000000064e-01 2.337225079999999955e-01 3.149800850000000207e-01 4.063581179999999904e-01 5.031660390000000094e-01 5.997869559999999822e-01 6.906364710000000295e-01 7.711122510000000263e-01 8.382704159999999627e-01 8.910691309999999588e-01 9.301746990000000492e-01 9.574609779999999626e-01 9.753975830000000125e-01 9.865053320000000125e-01 9.929857260000000130e-01 9.965474960000000326e-01 9.983917420000000265e-01 9.992913639999999598e-01 9.997047820000000140e-01 9.998837619999999538e-01 9.999567590000000283e-01 9.999848070000000311e-01 9.999949590000000166e-01 9.999984210000000262e-01 9.999995329999999960e-01 9.999998700000000129e-01 9.999999659999999624e-01 9.999999910000000325e-01 9.999999979999999455e-01 1.000000000000000000e+00 1.000000000000000000e+00 1.000000000000000000e+00 1.000000000000000000e+00 1.000000000000000000e+00 1.000000000000000000e+00 1.000000000000000000e+00 1.000000000000000000e+00 1.000000000000000000e+00 1.000000000000000000e+00 1.000000000000000000e+00 1.000000000000000000e+00 1.000000000000000000e+00
5.660000000000000293e-62 4.880000000000000055e-60 3.919999999999999818e-58 2.920000000000000089e-56 2.029999999999999929e-54 1.310000000000000069e-52 7.849999999999999615e-51 4.380000000000000021e-49 2.269999999999999930e-47 1.099999999999999967e-45 4.909999999999999594e-44 2.050000000000000069e-42 7.950000000000000498e-41 2.869999999999999985e-39 9.609999999999999002e-38 3.000000000000000157e-36 8.699999999999999520e-35 2.350000000000000097e-33 5.889999999999999598e-32 1.369999999999999974e-30 2.980000000000000248e-29 6.020000000000000390e-28 1.129999999999999957e-26 1.969999999999999932e-25 3.210000000000000095e-24 4.850000000000000153e-23 6.810000000000000305e-22 8.909999999999999678e-21 1.079999999999999983e-19 1.230000000000000003e-18 1.290000000000000069e-17 1.269999999999999929e-16 1.149999999999999951e-15 9.799999999999999894e-15 7.740000000000000341e-14 5.689999999999999989e-13 3.889999999999999782e-12 2.480000000000000096e-11 1.470000000000000094e-10 8.099999999999999946e-10 4.159999999999999697e-09 1.989999999999999952e-08 8.889999999999999534e-08 3.689999999999999822e-07 1.430000000000000073e-06 5.159999999999999724e-06 1.734480000000000036e-05 5.440849999999999924e-05 1.592239999999999921e-04 4.348830000000000035e-04 1.109083999999999981e-03 2.642563000000000117e-03 5.886249999999999989e-03 1.226702600000000032e-02 2.394003499999999840e-02 4.379949600000000026e-02 7.522109400000000223e-02 1.214555590000000046e-01 1.847230619999999934e-01 2.652374140000000047e-01 3.605266810000000155e-01 4.654067550000000053e-01 5.727613000000000287e-01 6.749555280000000268e-01 7.654268039999999607e-01 8.399125720000000239e-01 8.969439489999999626e-01 9.375538570000000460e-01 9.644461159999999644e-01 9.810075950000000100e-01 9.904928010000000338e-01 9.955448749999999958e-01 9.980473319999999537e-01 9.992000869999999590e-01 9.996939200000000136e-01 9.998906600000000422e-01 9.999635519999999778e-01 9.999886669999999977e-01 9.999967140000000088e-01 9.999991120000000233e-01 9.999997760000000069e-01 9.999999469999999446e-01 9.999999889999999780e-01 9.999999979999999455e-01 1.000000000000000000e+00 1.000000000000000000e+00 1.000000000000000000e+00 1.000000000000000000e+00 1.000000000000000000e+00 1.000000000000000000e+00 1.000000000000000000e+00 1.000000000000000000e+00 1.000000000000000000e+00 1.000000000000000000e+00 1.000000000000000000e+00 1.000000000000000000e+00 1.000000000000000000e+00 1.000000000000000000e+00 1.000000000000000000e+00 1.000000000000000000e+00
1.640000000000000009e-74 3.900000000000000192e-72 8.490000000000000097e-70 1.690000000000000057e-67 3.070000000000000192e-65 5.079999999999999804e-63 7.700000000000000132e-61 1.060000000000000063e-58 1.340000000000000112e-56 1.550000000000000019e-54 1.630000000000000079e-52 1.569999999999999923e-50 1.380000000000000098e-48 1.100000000000000045e-46 8.080000000000000357e-45 5.399999999999999821e-43 3.300000000000000236e-41 1.840000000000000000e-39 9.370000000000000390e-38 4.359999999999999730e-36 1.849999999999999941e-34 7.190000000000000012e-33 2.549999999999999862e-31 8.259999999999999567e-30 2.439999999999999979e-28 6.599999999999999967e-27 1.629999999999999977e-25 3.679999999999999866e-24 7.580000000000000138e-23 1.430000000000000039e-21 2.450000000000000084e-20 3.860000000000000068e-19 5.539999999999999795e-18 7.279999999999999473e-17 8.729999999999999862e-16 9.570000000000000495e-15 9.599999999999999484e-14 8.799999999999999863e-13 7.379999999999999654e-12 5.649999999999999876e-11 3.959999999999999767e-10 2.539999999999999914e-09 1.489999999999999942e-08 8.009999999999999595e-08 3.940000000000000076e-07 1.769999999999999994e-06 7.300000000000000411e-06 2.757700000000000041e-05 9.548390000000000241e-05 3.032280000000000045e-04 8.837629999999999748e-04 2.365644999999999987e-03 5.820950000000000082e-03 1.318047800000000068e-02 2.749925300000000128e-02 5.294738699999999854e-02 9.426181399999999933e-02 1.555313399999999902e-01 2.385327329999999968e-01 3.412456669999999748e-01 4.573542609999999842e-01 5.772499060000000348e-01 6.903446319999999581e-01 7.877944519999999784e-01 8.644986369999999587e-01 9.196499379999999446e-01 9.558734239999999716e-01 9.776065090000000124e-01 9.895174970000000236e-01 9.954805389999999976e-01 9.982075049999999949e-01 9.993466570000000271e-01 9.997813380000000194e-01 9.999328499999999842e-01 9.999810890000000452e-01 9.999951190000000434e-01 9.999988459999999968e-01 9.999997499999999651e-01 9.999999499999999708e-01 9.999999910000000325e-01 9.999999990000000283e-01 1.000000000000000000e+00 1.000000000000000000e+00 1.000000000000000000e+00 1.000000000000000000e+00 1.000000000000000000e+00 1.000000000000000000e+00 1.000000000000000000e+00 1.000000000000000000e+00 1.000000000000000000e+00 1.000000000000000000e+00 1.000000000000000000e+00 1.000000000000000000e+00 1.000000000000000000e+00 1.000000000000000000e+00 1.000000000000000000e+00 1.000000000000000000e+00 1.000000000000000000e+00 1.000000000000000000e+00 1.000000000000000000e+00
1.149999999999999896e-90 1.000000000000000018e-87 7.779999999999999876e-85 5.400000000000000260e-82 3.350000000000000086e-79 1.850000000000000057e-76 9.130000000000000605e-74 4.020000000000000198e-71 1.580000000000000035e-68 5.539999999999999713e-66 1.730000000000000114e-63 4.840000000000000122e-61 1.209999999999999978e-58 2.689999999999999860e-56 5.329999999999999857e-54 9.450000000000000517e-52 1.500000000000000000e-49 2.110000000000000031e-47 2.659999999999999917e-45 2.989999999999999923e-43 3.010000000000000207e-41 2.689999999999999981e-39 2.160000000000000043e-37 1.540000000000000090e-35 9.820000000000000577e-34 5.589999999999999923e-32 2.839999999999999956e-30 1.290000000000000051e-28 5.229999999999999685e-27 1.889999999999999929e-25 6.120000000000000304e-24 1.770000000000000117e-22 4.549999999999999833e-21 1.049999999999999950e-19 2.160000000000000062e-18 3.959999999999999883e-17 6.510000000000000273e-16 9.549999999999999381e-15 1.249999999999999975e-13 1.469999999999999997e-12 1.539999999999999981e-11 1.439999999999999939e-10 1.209999999999999957e-09 9.040000000000000216e-09 6.069999999999999429e-08 3.639999999999999772e-07 1.959999999999999869e-06 9.439999999999999403e-06 4.074370000000000091e-05 1.578220000000000079e-04 5.487969999999999567e-04 1.714749000000000004e-03 4.819877999999999663e-03 1.220488399999999918e-02 2.789038500000000018e-02 5.764306300000000133e-02 1.080438489999999974e-01 1.842929709999999999e-01 2.873128149999999992e-01 4.116202310000000031e-01 5.455768869999999549e-01 6.744977089999999453e-01 7.853062269999999678e-01 8.703639429999999733e-01 9.286739880000000058e-01 9.643733209999999501e-01 9.838924909999999802e-01 9.934236100000000125e-01 9.975798830000000006e-01 9.991984760000000021e-01 9.997613880000000286e-01 9.999362139999999899e-01 9.999847010000000314e-01 9.999967100000000109e-01 9.999993659999999451e-01 9.999998909999999741e-01 9.999999830000000367e-01 9.999999979999999455e-01 1.000000000000000000e+00 1.000000000000000000e+00 1.000000000000000000e+00 1.000000000000000000e+00 1.000000000000000000e+00 1.000000000000000000e+00 1.000000000000000000e+00 1.000000000000000000e+00 1.000000000000000000e+00 1.000000000000000000e+00 1.000000000000000000e+00 1.000000000000000000e+00 1.000000000000000000e+00 1.000000000000000000e+00 1.000000000000000000e+00 1.000000000000000000e+00 1.000000000000000000e+00 1.000000000000000000e+00 1.000000000000000000e+00 1.000000000000000000e+00 1.000000000000000000e+00 1.000000000000000000e+00
1.570000000000000091e-103 4.130000000000000022e-100 9.520000000000000937e-97 1.920000000000000086e-93 3.380000000000000127e-90 5.190000000000000066e-87 6.980000000000000351e-84 8.210000000000000105e-81 8.429999999999999553e-78 7.570000000000000161e-75 5.939999999999999690e-72 4.069999999999999836e-69 2.439999999999999973e-66 1.279999999999999902e-63 5.859999999999999783e-61 2.340000000000000025e-58 8.209999999999999465e-56 2.509999999999999782e-53 6.710000000000000259e-51 1.570000000000000008e-48 3.209999999999999979e-46 5.730000000000000075e-44 8.949999999999999867e-42 1.220000000000000061e-39 1.460000000000000017e-37 1.519999999999999884e-35 1.389999999999999961e-33 1.109999999999999891e-31 7.759999999999999526e-30 4.740000000000000283e-28 2.530000000000000011e-26 1.179999999999999965e-24 4.830000000000000063e-23 1.730000000000000030e-21 5.410000000000000246e-20 1.480000000000000021e-18 3.549999999999999753e-17 7.430000000000000431e-16 1.360000000000000011e-14 2.190000000000000008e-13 3.089999999999999960e-12 3.799999999999999802e-11 4.109999999999999766e-10 3.889999999999999595e-09 3.229999999999999806e-08 2.350000000000000000e-07 1.500000000000000038e-06 8.410000000000000795e-06 4.144029999999999692e-05 1.795509999999999890e-04 6.847999999999999487e-04 2.301949000000000183e-03 6.830608000000000166e-03 1.792677700000000138e-02 4.171531600000000228e-02 8.633846400000000365e-02 1.595797170000000098e-01 2.647659230000000141e-01 3.969479619999999875e-01 5.422925159999999467e-01 6.821348219999999740e-01 7.998660180000000119e-01 8.865933839999999844e-01 9.424956880000000536e-01 9.740245530000000151e-01 9.895837469999999580e-01 9.963020569999999632e-01 9.988402219999999998e-01 9.996792159999999816e-01 9.999218589999999685e-01 9.999832549999999598e-01 9.999968460000000503e-01 9.999994779999999972e-01 9.999999240000000400e-01 9.999999899999999498e-01 9.999999990000000283e-01 1.000000000000000000e+00 1.000000000000000000e+00 1.000000000000000000e+00 1.000000000000000000e+00 1.000000000000000000e+00 1.000000000000000000e+00 1.000000000000000000e+00 1.000000000000000000e+00 1.000000000000000000e+00 1.000000000000000000e+00 1.000000000000000000e+00 1.000000000000000000e+00 1.000000000000000000e+00 1.000000000000000000e+00 1.000000000000000000e+00 1.000000000000000000e+00 1.000000000000000000e+00 1.000000000000000000e+00 1.000000000000000000e+00 1.000000000000000000e+00 1.000000000000000000e+00 1.000000000000000000e+00 1.000000000000000000e+00 1.000000000000000000e+00
1.519999999999999939e-128 3.240000000000000128e-124 5.809999999999999953e-120 8.759999999999999758e-116 1.109999999999999937e-111 1.189999999999999950e-107 1.060000000000000037e-103 8.030000000000000303e-100 5.089999999999999752e-96 2.720000000000000009e-92 1.220000000000000051e-88 4.600000000000000068e-85 1.459999999999999897e-81 3.900000000000000175e-78 8.759999999999999943e-75 1.650000000000000081e-71 2.629999999999999868e-68 3.509999999999999897e-65 3.950000000000000242e-62 3.729999999999999937e-59 2.970000000000000080e-56 1.980000000000000073e-53 1.120000000000000009e-50 5.290000000000000022e-48 2.110000000000000012e-45 7.059999999999999810e-43 1.989999999999999949e-40 4.719999999999999862e-38 9.419999999999999986e-36 1.579999999999999924e-33 2.239999999999999906e-31 2.660000000000000222e-29 2.669999999999999830e-27 2.250000000000000058e-25 1.599999999999999878e-23 9.559999999999999440e-22 4.810000000000000189e-20 2.039999999999999930e-18 7.300000000000000291e-17 2.199999999999999855e-15 5.579999999999999952e-14 1.189999999999999978e-12 2.150000000000000007e-11 3.270000000000000082e-10 4.210000000000000144e-09 4.559999999999999804e-08 4.180000000000000107e-07 3.239999999999999896e-06 2.125349999999999904e-05 1.180999999999999975e-04 5.567890000000000252e-04 2.231039000000000199e-03 7.614970000000000419e-03 2.220355599999999929e-02 5.551388899999999682e-02 1.196070330000000015e-01 2.235327169999999919e-01 3.655436810000000092e-01 5.290800559999999653e-01 6.877895950000000314e-01 8.175933610000000185e-01 9.070604650000000380e-01 9.590270699999999815e-01 9.844637370000000054e-01 9.949557300000000382e-01 9.986024470000000042e-01 9.996704539999999861e-01 9.999339980000000461e-01 9.999887899999999608e-01 9.999983879999999603e-01 9.999998039999999921e-01 9.999999800000000105e-01 9.999999979999999455e-01 1.000000000000000000e+00 1.000000000000000000e+00 1.000000000000000000e+00 1.000000000000000000e+00 1.000000000000000000e+00 1.000000000000000000e+00 1.000000000000000000e+00 1.000000000000000000e+00 1.000000000000000000e+00 1.000000000000000000e+00 1.000000000000000000e+00 1.000000000000000000e+00 1.000000000000000000e+00 1.000000000000000000e+00 1.000000000000000000e+00 1.000000000000000000e+00 1.000000000000000000e+00 1.000000000000000000e+00 1.000000000000000000e+00 1.000000000000000000e+00 1.000000000000000000e+00 1.000000000000000000e+00 1.000000000000000000e+00 1.000000000000000000e+00 1.000000000000000000e+00 1.000000000000000000e+00 1.000000000000000000e+00
7.410000000000000410e-140 4.170000000000000123e-135 1.929999999999999998e-130 7.409999999999999927e-126 2.350000000000000079e-121 6.130000000000000221e-117 1.320000000000000081e-112 2.360000000000000085e-108 3.469999999999999998e-104 4.210000000000000064e-100 4.229999999999999957e-96 3.499999999999999873e-92 2.389999999999999916e-88 1.349999999999999955e-84 6.309999999999999710e-81 2.430000000000000183e-77 7.739999999999999653e-74 2.029999999999999993e-70 4.409999999999999875e-67 7.909999999999999896e-64 1.170000000000000029e-60 1.429999999999999948e-57 1.450000000000000074e-54 1.210000000000000069e-51 8.330000000000000710e-49 4.749999999999999963e-46 2.229999999999999904e-43 8.680000000000000218e-41 2.789999999999999795e-38 7.409999999999999733e-36 1.619999999999999844e-33 2.950000000000000158e-31 4.410000000000000087e-29 5.470000000000000153e-27 5.599999999999999756e-25 4.740000000000000244e-23 3.319999999999999851e-21 1.919999999999999943e-19 9.220000000000000244e-18 3.659999999999999815e-16 1.199999999999999935e-14 3.260000000000000245e-13 7.340000000000000632e-12 1.369999999999999922e-10 2.109999999999999952e-09 2.710000000000000113e-08 2.879999999999999848e-07 2.550000000000000149e-06 1.870140000000000021e-05 1.143779999999999949e-04 5.833150000000000487e-04 2.485620000000000017e-03 8.873195999999999861e-03 2.662774099999999991e-02 6.748078300000000251e-02 1.453024800000000116e-01 2.680334830000000168e-01 4.282829369999999747e-01 6.015173940000000385e-01 7.565665579999999446e-01 8.714610419999999635e-01 9.419491679999999478e-01 9.777511920000000467e-01 9.928053839999999575e-01 9.980455459999999501e-01 9.995554349999999921e-01 9.999155410000000188e-01 9.999866240000000461e-01 9.999982370000000120e-01 9.999998070000000183e-01 9.999999819999999540e-01 9.999999990000000283e-01 1.000000000000000000e+00 1.000000000000000000e+00 1.000000000000000000e+00 1.000000000000000000e+00 1.000000000000000000e+00 1.000000000000000000e+00 1.000000000000000000e+00 1.000000000000000000e+00 1.000000000000000000e+00 1.000000000000000000e+00 1.000000000000000000e+00 1.000000000000000000e+00 1.000000000000000000e+00 1.000000000000000000e+00 1.000000000000000000e+00 1.000000000000000000e+00 1.000000000000000000e+00 1.000000000000000000e+00 1.000000000000000000e+00 1.000000000000000000e+00 1.000000000000000000e+00 1.000000000000000000e+00 1.000000000000000000e+00 1.000000000000000000e+00 1.000000000000000000e+00 1.000000000000000000e+00 1.000000000000000000e+00 1.000000000000000000e+00
9.909999999999999568e-170 7.070000000000000141e-164 3.969999999999999999e-158 1.750000000000000062e-152 6.089999999999999784e-147 1.669999999999999967e-141 3.599999999999999776e-136 6.100000000000000165e-131 8.160000000000000297e-126 8.580000000000000522e-121 7.110000000000000035e-116 4.639999999999999877e-111 2.380000000000000022e-106 9.619999999999999619e-102 3.060000000000000004e-97 7.680000000000000345e-93 1.520000000000000045e-88 2.359999999999999935e-84 2.890000000000000123e-80 2.779999999999999966e-76 2.110000000000000121e-72 1.260000000000000088e-68 5.949999999999999869e-65 2.210000000000000070e-61 6.450000000000000608e-58 1.479999999999999941e-54 2.689999999999999813e-51 3.839999999999999877e-48 4.330000000000000067e-45 3.840000000000000297e-42 2.679999999999999908e-39 1.480000000000000006e-36 6.409999999999999859e-34 2.189999999999999815e-31 5.909999999999999652e-29 1.260000000000000020e-26 2.109999999999999903e-24 2.789999999999999785e-22 2.909999999999999706e-20 2.399999999999999941e-18 1.559999999999999958e-16 7.989999999999999276e-15 3.239999999999999826e-13 1.039999999999999931e-11 2.630000000000000224e-10 5.270000000000000206e-09 8.370000000000000172e-08 1.049999999999999900e-06 1.052419999999999997e-05 8.359020000000000480e-05 5.289830000000000140e-04 2.674521000000000016e-03 1.084332399999999967e-02 3.542813899999999738e-02 9.392213100000000592e-02 2.039573409999999865e-01 3.676233309999999976e-01 5.601145480000000454e-01 7.391327189999999936e-01 8.707804679999999742e-01 9.473304019999999603e-01 9.825241160000000029e-01 9.953160930000000128e-01 9.989915940000000383e-01 9.998263259999999875e-01 9.999761449999999829e-01 9.999973930000000122e-01 9.999997739999999524e-01 9.999999840000000084e-01 9.999999990000000283e-01 1.000000000000000000e+00 1.000000000000000000e+00 1.000000000000000000e+00 1.000000000000000000e+00 1.000000000000000000e+00 1.000000000000000000e+00 1.000000000000000000e+00 1.000000000000000000e+00 1.000000000000000000e+00 1.000000000000000000e+00 1.000000000000000000e+00 1.000000000000000000e+00 1.000000000000000000e+00 1.000000000000000000e+00 1.000000000000000000e+00 1.000000000000000000e+00 1.000000000000000000e+00 1.000000000000000000e+00 1.000000000000000000e+00 1.000000000000000000e+00 1.000000000000000000e+00 1.000000000000000000e+00 1.000000000000000000e+00 1.000000000000000000e+00 1.000000000000000000e+00 1.000000000000000000e+00 1.000000000000000000e+00 1.000000000000000000e+00 1.000000000000000000e+00 1.000000000000000000e+00
5.659999999999999664e-167 3.580000000000000105e-161 1.790000000000000094e-155 7.010000000000000216e-150 2.170000000000000109e-144 5.279999999999999800e-139 1.010000000000000022e-133 1.529999999999999963e-128 1.820000000000000135e-123 1.699999999999999953e-118 1.249999999999999937e-113 7.280000000000000302e-109 3.330000000000000308e-104 1.200000000000000024e-99 3.399999999999999931e-95 7.589999999999999881e-91 1.339999999999999981e-86 1.850000000000000046e-82 2.020000000000000106e-78 1.739999999999999907e-74 1.180000000000000005e-70 6.289999999999999498e-67 2.639999999999999949e-63 8.759999999999999863e-60 2.289999999999999935e-56 4.699999999999999739e-53 7.620000000000000355e-50 9.729999999999999763e-47 9.789999999999999255e-44 7.759999999999999566e-41 4.850000000000000416e-38 2.389999999999999889e-35 9.289999999999999925e-33 2.849999999999999887e-30 6.869999999999999956e-28 1.309999999999999964e-25 1.970000000000000079e-23 2.330000000000000012e-21 2.180000000000000148e-19 1.609999999999999907e-17 9.409999999999999079e-16 4.340000000000000314e-14 1.579999999999999932e-12 4.539999999999999961e-11 1.039999999999999924e-09 1.869999999999999870e-08 2.669999999999999953e-07 3.019999999999999885e-06 2.724380000000000164e-05 1.953280000000000109e-04 1.117294000000000013e-03 5.114866000000000031e-03 1.881834699999999916e-02 5.596095899999999762e-02 1.355707290000000009e-01 2.705131519999999790e-01 4.514155300000000093e-01 6.432241069999999894e-01 8.040746909999999525e-01 9.107587339999999587e-01 9.667188429999999943e-01 9.899317290000000380e-01 9.975456870000000142e-01 9.995202589999999665e-01 9.999250760000000238e-01 9.999906760000000228e-01 9.999990770000000140e-01 9.999999280000000379e-01 9.999999950000000304e-01 1.000000000000000000e+00 1.000000000000000000e+00 1.000000000000000000e+00 1.000000000000000000e+00 1.000000000000000000e+00 1.000000000000000000e+00 1.000000000000000000e+00 1.000000000000000000e+00 1.000000000000000000e+00 1.000000000000000000e+00 1.000000000000000000e+00 1.000000000000000000e+00 1.000000000000000000e+00 1.000000000000000000e+00 1.000000000000000000e+00 1.000000000000000000e+00 1.000000000000000000e+00 1.000000000000000000e+00 1.000000000000000000e+00 1.000000000000000000e+00 1.000000000000000000e+00 1.000000000000000000e+00 1.000000000000000000e+00 1.000000000000000000e+00 1.000000000000000000e+00 1.000000000000000000e+00 1.000000000000000000e+00 1.000000000000000000e+00 1.000000000000000000e+00 1.000000000000000000e+00 1.000000000000000000e+00
1.440000000000000123e-169 1.350000000000000074e-163 9.799999999999999863e-158 5.559999999999999916e-152 2.460000000000000200e-146 8.460000000000000264e-141 2.269999999999999986e-135 4.759999999999999833e-130 7.769999999999999790e-125 9.879999999999999892e-120 9.789999999999999107e-115 7.570000000000000208e-110 4.560000000000000322e-105 2.140000000000000114e-100 7.839999999999999598e-96 2.239999999999999919e-91 4.979999999999999568e-87 8.649999999999999842e-83 1.169999999999999957e-78 1.230000000000000056e-74 1.009999999999999943e-70 6.510000000000000035e-67 3.249999999999999913e-63 1.269999999999999971e-59 3.859999999999999823e-56 9.149999999999999847e-53 1.689999999999999948e-49 2.439999999999999986e-46 2.750000000000000064e-43 2.420000000000000139e-40 1.659999999999999905e-37 8.849999999999999862e-35 3.690000000000000159e-32 1.199999999999999960e-29 3.059999999999999874e-27 6.070000000000000262e-25 9.409999999999999585e-23 1.139999999999999928e-20 1.080000000000000031e-18 7.960000000000000169e-17 4.599999999999999805e-15 2.079999999999999972e-13 7.359999999999999335e-12 2.039999999999999935e-10 4.420000000000000040e-09 7.519999999999999840e-08 9.999999999999999547e-07 1.054920000000000057e-05 8.723089999999999859e-05 5.692930000000000126e-04 2.941046000000000112e-03 1.207510300000000023e-02 3.961429899999999865e-02 1.046254489999999954e-01 2.248017220000000094e-01 3.987728609999999785e-01 5.960077360000000102e-01 7.711315659999999905e-01 8.929057350000000337e-01 9.592179320000000509e-01 9.874945210000000140e-01 9.969353709999999591e-01 9.994030569999999836e-01 9.999079490000000181e-01 9.999887960000000131e-01 9.999989259999999547e-01 9.999999189999999594e-01 9.999999950000000304e-01 1.000000000000000000e+00 1.000000000000000000e+00 1.000000000000000000e+00 1.000000000000000000e+00 1.000000000000000000e+00 1.000000000000000000e+00 1.000000000000000000e+00 1.000000000000000000e+00 1.000000000000000000e+00 1.000000000000000000e+00 1.000000000000000000e+00 1.000000000000000000e+00 1.000000000000000000e+00 1.000000000000000000e+00 1.000000000000000000e+00 1.000000000000000000e+00 1.000000000000000000e+00 1.000000000000000000e+00 1.000000000000000000e+00 1.000000000000000000e+00 1.000000000000000000e+00 1.000000000000000000e+00 1.000000000000000000e+00 1.000000000000000000e+00 1.000000000000000000e+00 1.000000000000000000e+00 1.000000000000000000e+00 1.000000000000000000e+00 1.000000000000000000e+00 1.000000000000000000e+00 1.000000000000000000e+00 1.000000000000000000e+00
1.159999999999999972e-190 6.319999999999999926e-184 2.590000000000000084e-177 8.010000000000000427e-171 1.870000000000000185e-164 3.289999999999999931e-158 4.369999999999999653e-152 4.379999999999999965e-146 3.309999999999999802e-140 1.889999999999999959e-134 8.139999999999999755e-129 2.639999999999999874e-123 6.480000000000000205e-118 1.200000000000000032e-112 1.670000000000000060e-107 1.759999999999999945e-102 1.400000000000000077e-97 8.400000000000000377e-93 3.800000000000000112e-88 1.300000000000000045e-83 3.350000000000000086e-79 6.520000000000000352e-75 9.589999999999999400e-71 1.059999999999999943e-66 8.899999999999999877e-63 5.620000000000000215e-59 2.679999999999999862e-55 9.669999999999999747e-52 2.630000000000000066e-48 5.399999999999999696e-45 8.379999999999999872e-42 9.819999999999999616e-39 8.700000000000000055e-36 5.820000000000000011e-33 2.939999999999999965e-30 1.119999999999999914e-27 3.240000000000000010e-25 7.080000000000000231e-23 1.170000000000000022e-20 1.459999999999999935e-18 1.379999999999999991e-16 9.869999999999999848e-15 5.350000000000000428e-13 2.200000000000000158e-11 6.850000000000000127e-10 1.619999999999999948e-08 2.920000000000000207e-07 3.999999999999999819e-06 4.172430000000000301e-05 3.330930000000000175e-04 2.039505999999999958e-03 9.620161999999999811e-03 3.517135300000000242e-02 1.005271870000000040e-01 2.274082839999999883e-01 4.143905560000000210e-01 6.235732520000000223e-01 8.012300940000000038e-01 9.157697390000000270e-01 9.718245140000000282e-01 9.926452949999999831e-01 9.985139060000000066e-01 9.997688879999999667e-01 9.999724519999999561e-01 9.999974910000000161e-01 9.999998260000000361e-01 9.999999910000000325e-01 1.000000000000000000e+00 1.000000000000000000e+00 1.000000000000000000e+00 1.000000000000000000e+00 1.000000000000000000e+00 1.000000000000000000e+00 1.000000000000000000e+00 1.000000000000000000e+00 1.000000000000000000e+00 1.000000000000000000e+00 1.000000000000000000e+00 1.000000000000000000e+00 1.000000000000000000e+00 1.000000000000000000e+00 1.000000000000000000e+00 1.000000000000000000e+00 1.000000000000000000e+00 1.000000000000000000e+00 1.000000000000000000e+00 1.000000000000000000e+00 1.000000000000000000e+00 1.000000000000000000e+00 1.000000000000000000e+00 1.000000000000000000e+00 1.000000000000000000e+00 1.000000000000000000e+00 1.000000000000000000e+00 1.000000000000000000e+00 1.000000000000000000e+00 1.000000000000000000e+00 1.000000000000000000e+00 1.000000000000000000e+00 1.000000000000000000e+00
1.769999999999999997e-236 4.750000000000000119e-228 8.939999999999999692e-220 1.180000000000000038e-211 1.090000000000000045e-203 7.080000000000000108e-196 3.220000000000000225e-188 1.030000000000000055e-180 2.299999999999999878e-173 3.600000000000000084e-166 3.949999999999999860e-159 3.049999999999999914e-152 1.639999999999999896e-145 6.230000000000000005e-139 1.649999999999999852e-132 3.079999999999999874e-126 4.019999999999999725e-120 3.679999999999999754e-114 2.360000000000000085e-108 1.060000000000000012e-102 3.349999999999999998e-97 7.420000000000000276e-92 1.149999999999999981e-86 1.249999999999999952e-81 9.590000000000000151e-77 5.140000000000000320e-72 1.929999999999999924e-67 5.089999999999999484e-63 9.420000000000000490e-59 1.220000000000000026e-54 1.109999999999999979e-50 7.129999999999999586e-47 3.199999999999999850e-43 1.010000000000000002e-39 2.230000000000000046e-36 3.469999999999999914e-33 3.779999999999999754e-30 2.900000000000000040e-27 1.559999999999999991e-24 5.930000000000000093e-22 1.579999999999999971e-19 2.960000000000000273e-17 3.910000000000000032e-15 3.640000000000000141e-13 2.389999999999999954e-11 1.110000000000000096e-09 3.619999999999999990e-08 8.390000000000000351e-07 1.379809999999999923e-05 1.614920000000000049e-04 1.350709999999999975e-03 8.119433000000000553e-03 3.536651300000000220e-02 1.129720429999999942e-01 2.694232169999999926e-01 4.927222250000000137e-01 7.183918950000000025e-01 8.798796979999999879e-01 9.616947209999999746e-01 9.910338950000000535e-01 9.984783470000000438e-01 9.998143210000000058e-01 9.999838039999999761e-01 9.999989940000000299e-01 9.999999560000000232e-01 9.999999990000000283e-01 1.000000000000000000e+00 1.000000000000000000e+00 1.000000000000000000e+00 1.000000000000000000e+00 1.000000000000000000e+00 1.000000000000000000e+00 1.000000000000000000e+00 1.000000000000000000e+00 1.000000000000000000e+00 1.000000000000000000e+00 1.000000000000000000e+00 1.000000000000000000e+00 1.000000000000000000e+00 1.000000000000000000e+00 1.000000000000000000e+00 1.000000000000000000e+00 1.000000000000000000e+00 1.000000000000000000e+00 1.000000000000000000e+00 1.000000000000000000e+00 1.000000000000000000e+00 1.000000000000000000e+00 1.000000000000000000e+00 1.000000000000000000e+00 1.000000000000000000e+00 1.000000000000000000e+00 1.000000000000000000e+00 1.000000000000000000e+00 1.000000000000000000e+00 1.000000000000000000e+00 1.000000000000000000e+00 1.000000000000000000e+00 1.000000000000000000e+00 1.000000000000000000e+00
6.210000000000000459e-215 3.040000000000000090e-207 1.080000000000000050e-199 2.749999999999999974e-192 5.070000000000000050e-185 6.750000000000000498e-178 6.500000000000000351e-171 4.509999999999999652e-164 2.259999999999999972e-157 8.200000000000000242e-151 2.149999999999999950e-144 4.050000000000000130e-138 5.530000000000000148e-132 5.449999999999999888e-126 3.879999999999999676e-120 2.000000000000000101e-114 7.409999999999999632e-109 1.989999999999999902e-103 3.849999999999999691e-98 5.390000000000000384e-93 5.449999999999999800e-88 3.979999999999999882e-83 2.100000000000000058e-78 8.020000000000000387e-74 2.209999999999999873e-69 4.400000000000000421e-65 6.330000000000000026e-61 6.579999999999999497e-57 4.950000000000000297e-53 2.690000000000000074e-49 1.060000000000000036e-45 3.000000000000000272e-42 6.149999999999999688e-39 9.130000000000000608e-36 9.810000000000000255e-33 7.619999999999999794e-30 4.280000000000000222e-27 1.739999999999999849e-24 5.139999999999999935e-22 1.099999999999999925e-19 1.690000000000000098e-17 1.900000000000000108e-15 1.540000000000000001e-13 9.109999999999999754e-12 3.909999999999999940e-10 1.220000000000000006e-08 2.770000000000000055e-07 4.580000000000000195e-06 5.554259999999999910e-05 4.936899999999999709e-04 3.232772999999999983e-03 1.568781199999999890e-02 5.689730199999999682e-02 1.561389029999999956e-01 3.301340380000000185e-01 5.522578550000000197e-01 7.587473609999999535e-01 8.985246540000000337e-01 9.674157730000000344e-01 9.921326489999999776e-01 9.985863799999999957e-01 9.998123239999999745e-01 9.999816830000000101e-01 9.999986910000000506e-01 9.999999320000000358e-01 9.999999969999999738e-01 1.000000000000000000e+00 1.000000000000000000e+00 1.000000000000000000e+00 1.000000000000000000e+00 1.000000000000000000e+00 1.000000000000000000e+00 1.000000000000000000e+00 1.000000000000000000e+00 1.000000000000000000e+00 1.000000000000000000e+00 1.000000000000000000e+00 1.000000000000000000e+00 1.000000000000000000e+00 1.000000000000000000e+00 1.000000000000000000e+00 1.000000000000000000e+00 1.000000000000000000e+00 1.000000000000000000e+00 1.000000000000000000e+00 1.000000000000000000e+00 1.000000000000000000e+00 1.000000000000000000e+00 1.000000000000000000e+00 1.000000000000000000e+00 1.000000000000000000e+00 1.000000000000000000e+00 1.000000000000000000e+00 1.000000000000000000e+00 1.000000000000000000e+00 1.000000000000000000e+00 1.000000000000000000e+00 1.000000000000000000e+00 1.000000000000000000e+00 1.000000000000000000e+00
9.450000000000000661e-193 8.020000000000000338e-186 5.059999999999999659e-179 2.379999999999999896e-172 8.329999999999999676e-166 2.169999999999999893e-159 4.210000000000000240e-153 6.089999999999999784e-147 6.550000000000000345e-141 5.249999999999999750e-135 3.130000000000000101e-129 1.389999999999999968e-123 4.600000000000000418e-118 1.130000000000000061e-112 2.079999999999999870e-107 2.840000000000000182e-102 2.880000000000000188e-97 2.189999999999999843e-92 1.229999999999999920e-87 5.179999999999999923e-83 1.620000000000000106e-78 3.779999999999999702e-74 6.570000000000000002e-70 8.499999999999999663e-66 8.189999999999999650e-62 5.880000000000000080e-58 3.150000000000000010e-54 1.249999999999999920e-50 3.729999999999999917e-47 8.259999999999999704e-44 1.359999999999999936e-40 1.680000000000000103e-37 1.540000000000000090e-34 1.049999999999999956e-31 5.370000000000000167e-29 2.039999999999999964e-26 5.799999999999999741e-24 1.229999999999999982e-21 1.949999999999999976e-19 2.300000000000000088e-17 2.029999999999999854e-15 1.340000000000000096e-13 6.619999999999999661e-12 2.449999999999999811e-10 6.770000000000000403e-09 1.410000000000000053e-07 2.190000000000000208e-06 2.575270000000000163e-05 2.281209999999999933e-04 1.529544000000000086e-03 7.797438999999999759e-03 3.041113599999999834e-02 9.154362600000000294e-02 2.153970849999999881e-01 4.034769979999999756e-01 6.175751819999999448e-01 8.002723470000000505e-01 9.171372920000000484e-01 9.731684619999999564e-01 9.933012100000000455e-01 9.987214359999999624e-01 9.998145539999999665e-01 9.999796480000000543e-01 9.999983150000000265e-01 9.999998949999999720e-01 9.999999950000000304e-01 1.000000000000000000e+00 1.000000000000000000e+00 1.000000000000000000e+00 1.000000000000000000e+00 1.000000000000000000e+00 1.000000000000000000e+00 1.000000000000000000e+00 1.000000000000000000e+00 1.000000000000000000e+00 1.000000000000000000e+00 1.000000000000000000e+00 1.000000000000000000e+00 1.000000000000000000e+00 1.000000000000000000e+00 1.000000000000000000e+00 1.000000000000000000e+00 1.000000000000000000e+00 1.000000000000000000e+00 1.000000000000000000e+00 1.000000000000000000e+00 1.000000000000000000e+00 1.000000000000000000e+00 1.000000000000000000e+00 1.000000000000000000e+00 1.000000000000000000e+00 1.000000000000000000e+00 1.000000000000000000e+00 1.000000000000000000e+00 1.000000000000000000e+00 1.000000000000000000e+00 1.000000000000000000e+00 1.000000000000000000e+00 1.000000000000000000e+00 1.000000000000000000e+00
1.840000000000000110e-166 1.990000000000000097e-160 1.650000000000000137e-154 1.060000000000000026e-148 5.219999999999999787e-143 1.990000000000000102e-137 5.870000000000000193e-132 1.330000000000000050e-126 2.339999999999999830e-121 3.160000000000000016e-116 3.299999999999999903e-111 2.659999999999999768e-106 1.649999999999999919e-101 7.920000000000000256e-97 2.929999999999999933e-92 8.369999999999999445e-88 1.849999999999999973e-83 3.140000000000000272e-79 4.120000000000000159e-75 4.179999999999999670e-71 3.269999999999999845e-67 1.979999999999999962e-63 9.219999999999999777e-60 3.320000000000000015e-56 9.229999999999999803e-53 1.980000000000000098e-49 3.280000000000000013e-46 4.200000000000000126e-43 4.149999999999999992e-40 3.170000000000000104e-37 1.869999999999999987e-34 8.519999999999999957e-32 3.000000000000000250e-29 8.160000000000000142e-27 1.719999999999999905e-24 2.789999999999999785e-22 3.509999999999999764e-20 3.409999999999999959e-18 2.569999999999999853e-16 1.499999999999999919e-14 6.760000000000000478e-13 2.360000000000000122e-11 6.409999999999999578e-10 1.350000000000000012e-08 2.200000000000000112e-07 2.799999999999999873e-06 2.773490000000000105e-05 2.143989999999999915e-04 1.297270000000000107e-03 6.166170999999999805e-03 2.313694800000000093e-02 6.899954399999999599e-02 1.651075280000000034e-01 3.212959200000000126e-01 5.181554689999999797e-01 7.105962710000000015e-01 8.565009930000000438e-01 9.422947600000000090e-01 9.814169959999999859e-01 9.952503059999999735e-01 9.990426089999999704e-01 9.998485129999999943e-01 9.999812479999999892e-01 9.999981890000000373e-01 9.999998639999999606e-01 9.999999920000000042e-01 1.000000000000000000e+00 1.000000000000000000e+00 1.000000000000000000e+00 1.000000000000000000e+00 1.000000000000000000e+00 1.000000000000000000e+00 1.000000000000000000e+00 1.000000000000000000e+00 1.000000000000000000e+00 1.000000000000000000e+00 1.000000000000000000e+00 1.000000000000000000e+00 1.000000000000000000e+00 1.000000000000000000e+00 1.000000000000000000e+00 1.000000000000000000e+00 1.000000000000000000e+00 1.000000000000000000e+00 1.000000000000000000e+00 1.000000000000000000e+00 1.000000000000000000e+00 1.000000000000000000e+00 1.000000000000000000e+00 1.000000000000000000e+00 1.000000000000000000e+00 1.000000000000000000e+00 1.000000000000000000e+00 1.000000000000000000e+00 1.000000000000000000e+00 1.000000000000000000e+00 1.000000000000000000e+00 1.000000000000000000e+00 1.000000000000000000e+00 1.000000000000000000e+00
