0.000000000000000000e+00 0.000000000000000000e+00 0.000000000000000000e+00 0.000000000000000000e+00 0.000000000000000000e+00 0.000000000000000000e+00 0.000000000000000000e+00 0.000000000000000000e+00 0.000000000000000000e+00 0.000000000000000000e+00 0.000000000000000000e+00 0.000000000000000000e+00 0.000000000000000000e+00 0.000000000000000000e+00 0.000000000000000000e+00 0.000000000000000000e+00 0.000000000000000000e+00 0.000000000000000000e+00 0.000000000000000000e+00 0.000000000000000000e+00 0.000000000000000000e+00 0.000000000000000000e+00 0.000000000000000000e+00 0.000000000000000000e+00 2.192611295162743406e-312 9.370713664792129729e-285 2.063453598829094702e-258 2.341688644136489635e-233 1.369915517334066662e-209 4.132630177906650691e-187 6.431175357549949020e-166 5.165109733648030660e-146 2.142044579353653629e-127 4.590112652799326995e-110 5.086492235117340868e-94 2.917827069984563775e-79 8.675983772451261808e-66 1.339509674511977459e-53 1.076342908098687507e-42 4.515823635669185898e-33 9.938832609342881048e-25 1.155668732214282274e-17 7.181898866068109077e-12 2.434498764383162036e-07 4.687824953296297961e-04 5.638797293389666287e-02 5.544626484600168048e-01 9.685379496109132180e-01 9.998298459590904130e-01 9.999999437540301184e-01 9.999999999989530597e-01 1.000000000000000000e+00 1.000000000000000000e+00 1.000000000000000000e+00 1.000000000000000000e+00 1.000000000000000000e+00 1.000000000000000000e+00 1.000000000000000000e+00 1.000000000000000000e+00 1.000000000000000000e+00 1.000000000000000000e+00 1.000000000000000000e+00 1.000000000000000000e+00 1.000000000000000000e+00 1.000000000000000000e+00 1.000000000000000000e+00 1.000000000000000000e+00 1.000000000000000000e+00 1.000000000000000000e+00 1.000000000000000000e+00 1.000000000000000000e+00 1.000000000000000000e+00 1.000000000000000000e+00 1.000000000000000000e+00 1.000000000000000000e+00 1.000000000000000000e+00 1.000000000000000000e+00 1.000000000000000000e+00 1.000000000000000000e+00 1.000000000000000000e+00 1.000000000000000000e+00 1.000000000000000000e+00 1.000000000000000000e+00 1.000000000000000000e+00 1.000000000000000000e+00 1.000000000000000000e+00 1.000000000000000000e+00 1.000000000000000000e+00 1.000000000000000000e+00 1.000000000000000000e+00 1.000000000000000000e+00 1.000000000000000000e+00 1.000000000000000000e+00 1.000000000000000000e+00 1.000000000000000000e+00 1.000000000000000000e+00 1.000000000000000000e+00 1.000000000000000000e+00 1.000000000000000000e+00 1.000000000000000000e+00
0.000000000000000000e+00 0.000000000000000000e+00 0.000000000000000000e+00 0.000000000000000000e+00 0.000000000000000000e+00 0.000000000000000000e+00 0.000000000000000000e+00 0.000000000000000000e+00 0.000000000000000000e+00 0.000000000000000000e+00 0.000000000000000000e+00 0.000000000000000000e+00 0.000000000000000000e+00 0.000000000000000000e+00 0.000000000000000000e+00 0.000000000000000000e+00 0.000000000000000000e+00 0.000000000000000000e+00 0.000000000000000000e+00 0.000000000000000000e+00 0.000000000000000000e+00 0.000000000000000000e+00 0.000000000000000000e+00 0.000000000000000000e+00 0.000000000000000000e+00 0.000000000000000000e+00 0.000000000000000000e+00 0.000000000000000000e+00 0.000000000000000000e+00 0.000000000000000000e+00 0.000000000000000000e+00 0.000000000000000000e+00 0.000000000000000000e+00 0.000000000000000000e+00 0.000000000000000000e+00 0.000000000000000000e+00 0.000000000000000000e+00 0.000000000000000000e+00 0.000000000000000000e+00 0.000000000000000000e+00 0.000000000000000000e+00 0.000000000000000000e+00 0.000000000000000000e+00 3.030185537724321843e-193 3.023960312385688353e-85 2.040616719713788488e-21 7.483999062696504723e-01 1.000000000000000000e+00 1.000000000000000000e+00 1.000000000000000000e+00 1.000000000000000000e+00 1.000000000000000000e+00 1.000000000000000000e+00 1.000000000000000000e+00 1.000000000000000000e+00 1.000000000000000000e+00 1.000000000000000000e+00 1.000000000000000000e+00 1.000000000000000000e+00 1.000000000000000000e+00 1.000000000000000000e+00 1.000000000000000000e+00 1.000000000000000000e+00 1.000000000000000000e+00 1.000000000000000000e+00 1.000000000000000000e+00 1.000000000000000000e+00 1.000000000000000000e+00 1.000000000000000000e+00 1.000000000000000000e+00 1.000000000000000000e+00 1.000000000000000000e+00 1.000000000000000000e+00 1.000000000000000000e+00 1.000000000000000000e+00 1.000000000000000000e+00 1.000000000000000000e+00 1.000000000000000000e+00 1.000000000000000000e+00 1.000000000000000000e+00 1.000000000000000000e+00 1.000000000000000000e+00 1.000000000000000000e+00 1.000000000000000000e+00 1.000000000000000000e+00 1.000000000000000000e+00 1.000000000000000000e+00 1.000000000000000000e+00 1.000000000000000000e+00 1.000000000000000000e+00 1.000000000000000000e+00 1.000000000000000000e+00 1.000000000000000000e+00 1.000000000000000000e+00 1.000000000000000000e+00 1.000000000000000000e+00 1.000000000000000000e+00 1.000000000000000000e+00 1.000000000000000000e+00 1.000000000000000000e+00
0.000000000000000000e+00 0.000000000000000000e+00 0.000000000000000000e+00 0.000000000000000000e+00 0.000000000000000000e+00 0.000000000000000000e+00 0.000000000000000000e+00 0.000000000000000000e+00 0.000000000000000000e+00 0.000000000000000000e+00 0.000000000000000000e+00 0.000000000000000000e+00 0.000000000000000000e+00 0.000000000000000000e+00 0.000000000000000000e+00 0.000000000000000000e+00 0.000000000000000000e+00 0.000000000000000000e+00 0.000000000000000000e+00 0.000000000000000000e+00 0.000000000000000000e+00 0.000000000000000000e+00 0.000000000000000000e+00 0.000000000000000000e+00 0.000000000000000000e+00 0.000000000000000000e+00 0.000000000000000000e+00 0.000000000000000000e+00 0.000000000000000000e+00 0.000000000000000000e+00 0.000000000000000000e+00 0.000000000000000000e+00 0.000000000000000000e+00 0.000000000000000000e+00 0.000000000000000000e+00 0.000000000000000000e+00 0.000000000000000000e+00 0.000000000000000000e+00 0.000000000000000000e+00 2.428198345348819755e-261 2.353070290225350416e-192 5.186855256823732259e-134 2.633839884586940746e-86 3.154589159439162010e-49 9.389971646889378745e-23 8.137252491819068294e-07 5.629118551818582672e-01 9.999998403007117620e-01 1.000000000000000000e+00 1.000000000000000000e+00 1.000000000000000000e+00 1.000000000000000000e+00 1.000000000000000000e+00 1.000000000000000000e+00 1.000000000000000000e+00 1.000000000000000000e+00 1.000000000000000000e+00 1.000000000000000000e+00 1.000000000000000000e+00 1.000000000000000000e+00 1.000000000000000000e+00 1.000000000000000000e+00 1.000000000000000000e+00 1.000000000000000000e+00 1.000000000000000000e+00 1.000000000000000000e+00 1.000000000000000000e+00 1.000000000000000000e+00 1.000000000000000000e+00 1.000000000000000000e+00 1.000000000000000000e+00 1.000000000000000000e+00 1.000000000000000000e+00 1.000000000000000000e+00 1.000000000000000000e+00 1.000000000000000000e+00 1.000000000000000000e+00 1.000000000000000000e+00 1.000000000000000000e+00 1.000000000000000000e+00 1.000000000000000000e+00 1.000000000000000000e+00 1.000000000000000000e+00 1.000000000000000000e+00 1.000000000000000000e+00 1.000000000000000000e+00 1.000000000000000000e+00 1.000000000000000000e+00 1.000000000000000000e+00 1.000000000000000000e+00 1.000000000000000000e+00 1.000000000000000000e+00 1.000000000000000000e+00 1.000000000000000000e+00 1.000000000000000000e+00 1.000000000000000000e+00 1.000000000000000000e+00 1.000000000000000000e+00 1.000000000000000000e+00 1.000000000000000000e+00
0.000000000000000000e+00 0.000000000000000000e+00 0.000000000000000000e+00 0.000000000000000000e+00 0.000000000000000000e+00 0.000000000000000000e+00 0.000000000000000000e+00 0.000000000000000000e+00 0.000000000000000000e+00 0.000000000000000000e+00 0.000000000000000000e+00 0.000000000000000000e+00 0.000000000000000000e+00 0.000000000000000000e+00 0.000000000000000000e+00 0.000000000000000000e+00 0.000000000000000000e+00 0.000000000000000000e+00 0.000000000000000000e+00 0.000000000000000000e+00 0.000000000000000000e+00 0.000000000000000000e+00 0.000000000000000000e+00 0.000000000000000000e+00 0.000000000000000000e+00 0.000000000000000000e+00 0.000000000000000000e+00 0.000000000000000000e+00 0.000000000000000000e+00 0.000000000000000000e+00 0.000000000000000000e+00 0.000000000000000000e+00 0.000000000000000000e+00 0.000000000000000000e+00 0.000000000000000000e+00 0.000000000000000000e+00 0.000000000000000000e+00 0.000000000000000000e+00 8.579971771576076085e-277 1.273933060930278126e-212 5.717783513807586213e-157 7.815070390974819346e-110 3.292962301007638493e-71 4.375541741044087089e-41 1.926294292820455315e-19 3.245955329271108545e-06 4.688004957418797081e-01 9.999932896227967660e-01 1.000000000000000000e+00 1.000000000000000000e+00 1.000000000000000000e+00 1.000000000000000000e+00 1.000000000000000000e+00 1.000000000000000000e+00 1.000000000000000000e+00 1.000000000000000000e+00 1.000000000000000000e+00 1.000000000000000000e+00 1.000000000000000000e+00 1.000000000000000000e+00 1.000000000000000000e+00 1.000000000000000000e+00 1.000000000000000000e+00 1.000000000000000000e+00 1.000000000000000000e+00 1.000000000000000000e+00 1.000000000000000000e+00 1.000000000000000000e+00 1.000000000000000000e+00 1.000000000000000000e+00 1.000000000000000000e+00 1.000000000000000000e+00 1.000000000000000000e+00 1.000000000000000000e+00 1.000000000000000000e+00 1.000000000000000000e+00 1.000000000000000000e+00 1.000000000000000000e+00 1.000000000000000000e+00 1.000000000000000000e+00 1.000000000000000000e+00 1.000000000000000000e+00 1.000000000000000000e+00 1.000000000000000000e+00 1.000000000000000000e+00 1.000000000000000000e+00 1.000000000000000000e+00 1.000000000000000000e+00 1.000000000000000000e+00 1.000000000000000000e+00 1.000000000000000000e+00 1.000000000000000000e+00 1.000000000000000000e+00 1.000000000000000000e+00 1.000000000000000000e+00 1.000000000000000000e+00 1.000000000000000000e+00 1.000000000000000000e+00 1.000000000000000000e+00 1.000000000000000000e+00
0.000000000000000000e+00 0.000000000000000000e+00 0.000000000000000000e+00 0.000000000000000000e+00 0.000000000000000000e+00 0.000000000000000000e+00 0.000000000000000000e+00 0.000000000000000000e+00 0.000000000000000000e+00 0.000000000000000000e+00 0.000000000000000000e+00 0.000000000000000000e+00 0.000000000000000000e+00 0.000000000000000000e+00 0.000000000000000000e+00 0.000000000000000000e+00 0.000000000000000000e+00 0.000000000000000000e+00 0.000000000000000000e+00 0.000000000000000000e+00 0.000000000000000000e+00 0.000000000000000000e+00 0.000000000000000000e+00 0.000000000000000000e+00 0.000000000000000000e+00 0.000000000000000000e+00 0.000000000000000000e+00 0.000000000000000000e+00 0.000000000000000000e+00 0.000000000000000000e+00 0.000000000000000000e+00 0.000000000000000000e+00 0.000000000000000000e+00 0.000000000000000000e+00 1.462108722429480389e-317 1.881662041414858093e-267 1.132622821455609390e-221 3.194121539377734986e-180 4.229987122986581419e-143 2.639010613526627634e-110 7.792602610320267552e-82 1.096903048335696024e-57 7.447535842868828246e-38 2.491887514808681626e-22 4.299676147135956428e-11 4.328875758409828794e-04 4.317189395064894852e-01 9.985907194407768195e-01 9.999999996020052517e-01 1.000000000000000000e+00 1.000000000000000000e+00 1.000000000000000000e+00 1.000000000000000000e+00 1.000000000000000000e+00 1.000000000000000000e+00 1.000000000000000000e+00 1.000000000000000000e+00 1.000000000000000000e+00 1.000000000000000000e+00 1.000000000000000000e+00 1.000000000000000000e+00 1.000000000000000000e+00 1.000000000000000000e+00 1.000000000000000000e+00 1.000000000000000000e+00 1.000000000000000000e+00 1.000000000000000000e+00 1.000000000000000000e+00 1.000000000000000000e+00 1.000000000000000000e+00 1.000000000000000000e+00 1.000000000000000000e+00 1.000000000000000000e+00 1.000000000000000000e+00 1.000000000000000000e+00 1.000000000000000000e+00 1.000000000000000000e+00 1.000000000000000000e+00 1.000000000000000000e+00 1.000000000000000000e+00 1.000000000000000000e+00 1.000000000000000000e+00 1.000000000000000000e+00 1.000000000000000000e+00 1.000000000000000000e+00 1.000000000000000000e+00 1.000000000000000000e+00 1.000000000000000000e+00 1.000000000000000000e+00 1.000000000000000000e+00 1.000000000000000000e+00 1.000000000000000000e+00 1.000000000000000000e+00 1.000000000000000000e+00 1.000000000000000000e+00 1.000000000000000000e+00 1.000000000000000000e+00 1.000000000000000000e+00 1.000000000000000000e+00 1.000000000000000000e+00
0.000000000000000000e+00 0.000000000000000000e+00 0.000000000000000000e+00 0.000000000000000000e+00 0.000000000000000000e+00 0.000000000000000000e+00 0.000000000000000000e+00 0.000000000000000000e+00 0.000000000000000000e+00 0.000000000000000000e+00 0.000000000000000000e+00 0.000000000000000000e+00 0.000000000000000000e+00 0.000000000000000000e+00 0.000000000000000000e+00 0.000000000000000000e+00 0.000000000000000000e+00 0.000000000000000000e+00 0.000000000000000000e+00 0.000000000000000000e+00 0.000000000000000000e+00 0.000000000000000000e+00 0.000000000000000000e+00 0.000000000000000000e+00 0.000000000000000000e+00 0.000000000000000000e+00 0.000000000000000000e+00 0.000000000000000000e+00 0.000000000000000000e+00 0.000000000000000000e+00 0.000000000000000000e+00 0.000000000000000000e+00 0.000000000000000000e+00 0.000000000000000000e+00 0.000000000000000000e+00 0.000000000000000000e+00 0.000000000000000000e+00 0.000000000000000000e+00 0.000000000000000000e+00 0.000000000000000000e+00 4.067146232548797632e-256 6.110910033452550687e-179 1.090890980707658550e-115 2.367019674808816027e-66 6.562425295941114241e-31 2.699027712849898050e-09 4.331395206540573639e-01 9.999999807544652786e-01 1.000000000000000000e+00 1.000000000000000000e+00 1.000000000000000000e+00 1.000000000000000000e+00 1.000000000000000000e+00 1.000000000000000000e+00 1.000000000000000000e+00 1.000000000000000000e+00 1.000000000000000000e+00 1.000000000000000000e+00 1.000000000000000000e+00 1.000000000000000000e+00 1.000000000000000000e+00 1.000000000000000000e+00 1.000000000000000000e+00 1.000000000000000000e+00 1.000000000000000000e+00 1.000000000000000000e+00 1.000000000000000000e+00 1.000000000000000000e+00 1.000000000000000000e+00 1.000000000000000000e+00 1.000000000000000000e+00 1.000000000000000000e+00 1.000000000000000000e+00 1.000000000000000000e+00 1.000000000000000000e+00 1.000000000000000000e+00 1.000000000000000000e+00 1.000000000000000000e+00 1.000000000000000000e+00 1.000000000000000000e+00 1.000000000000000000e+00 1.000000000000000000e+00 1.000000000000000000e+00 1.000000000000000000e+00 1.000000000000000000e+00 1.000000000000000000e+00 1.000000000000000000e+00 1.000000000000000000e+00 1.000000000000000000e+00 1.000000000000000000e+00 1.000000000000000000e+00 1.000000000000000000e+00 1.000000000000000000e+00 1.000000000000000000e+00 1.000000000000000000e+00 1.000000000000000000e+00 1.000000000000000000e+00 1.000000000000000000e+00 1.000000000000000000e+00 1.000000000000000000e+00
0.000000000000000000e+00 0.000000000000000000e+00 0.000000000000000000e+00 0.000000000000000000e+00 0.000000000000000000e+00 0.000000000000000000e+00 0.000000000000000000e+00 0.000000000000000000e+00 0.000000000000000000e+00 0.000000000000000000e+00 0.000000000000000000e+00 0.000000000000000000e+00 0.000000000000000000e+00 0.000000000000000000e+00 0.000000000000000000e+00 0.000000000000000000e+00 0.000000000000000000e+00 0.000000000000000000e+00 0.000000000000000000e+00 0.000000000000000000e+00 0.000000000000000000e+00 0.000000000000000000e+00 0.000000000000000000e+00 0.000000000000000000e+00 0.000000000000000000e+00 0.000000000000000000e+00 0.000000000000000000e+00 0.000000000000000000e+00 0.000000000000000000e+00 0.000000000000000000e+00 0.000000000000000000e+00 1.485405191803870181e-285 4.229260187738374197e-249 3.744499832007565322e-215 1.031772463014261137e-183 8.856788272892638619e-155 2.371577011252184321e-128 1.984312513294211490e-104 5.199919830585004651e-83 4.281466903582574285e-64 1.112815821568734090e-47 9.195727600345071938e-34 2.444315848803717786e-22 2.134475297131404301e-13 6.396797484100020699e-07 7.361562571913278334e-03 4.859186907480138040e-01 9.910700746034947217e-01 9.999990894473473890e-01 9.999999999996413980e-01 1.000000000000000000e+00 1.000000000000000000e+00 1.000000000000000000e+00 1.000000000000000000e+00 1.000000000000000000e+00 1.000000000000000000e+00 1.000000000000000000e+00 1.000000000000000000e+00 1.000000000000000000e+00 1.000000000000000000e+00 1.000000000000000000e+00 1.000000000000000000e+00 1.000000000000000000e+00 1.000000000000000000e+00 1.000000000000000000e+00 1.000000000000000000e+00 1.000000000000000000e+00 1.000000000000000000e+00 1.000000000000000000e+00 1.000000000000000000e+00 1.000000000000000000e+00 1.000000000000000000e+00 1.000000000000000000e+00 1.000000000000000000e+00 1.000000000000000000e+00 1.000000000000000000e+00 1.000000000000000000e+00 1.000000000000000000e+00 1.000000000000000000e+00 1.000000000000000000e+00 1.000000000000000000e+00 1.000000000000000000e+00 1.000000000000000000e+00 1.000000000000000000e+00 1.000000000000000000e+00 1.000000000000000000e+00 1.000000000000000000e+00 1.000000000000000000e+00 1.000000000000000000e+00 1.000000000000000000e+00 1.000000000000000000e+00 1.000000000000000000e+00 1.000000000000000000e+00 1.000000000000000000e+00 1.000000000000000000e+00 1.000000000000000000e+00 1.000000000000000000e+00 1.000000000000000000e+00 1.000000000000000000e+00 1.000000000000000000e+00
0.000000000000000000e+00 0.000000000000000000e+00 0.000000000000000000e+00 0.000000000000000000e+00 0.000000000000000000e+00 0.000000000000000000e+00 0.000000000000000000e+00 0.000000000000000000e+00 0.000000000000000000e+00 0.000000000000000000e+00 0.000000000000000000e+00 0.000000000000000000e+00 0.000000000000000000e+00 0.000000000000000000e+00 0.000000000000000000e+00 0.000000000000000000e+00 0.000000000000000000e+00 0.000000000000000000e+00 0.000000000000000000e+00 0.000000000000000000e+00 0.000000000000000000e+00 0.000000000000000000e+00 0.000000000000000000e+00 0.000000000000000000e+00 0.000000000000000000e+00 0.000000000000000000e+00 0.000000000000000000e+00 0.000000000000000000e+00 0.000000000000000000e+00 0.000000000000000000e+00 3.148030291489184197e-290 1.799690870517677893e-255 6.023737331306060305e-223 1.181202938614361021e-192 1.358067889709184808e-164 9.164203744226187753e-139 3.634172144880834840e-115 8.483779181477178672e-94 1.168521125313455898e-74 9.526298945077413719e-58 4.617917642453912702e-43 1.340423819726962158e-30 2.356519484211688193e-20 2.561011813066272223e-12 1.794077404316167212e-06 8.998599383678876351e-03 4.611896227080798938e-01 9.850269081711706676e-01 9.999954819501919445e-01 9.999999999900857084e-01 1.000000000000000000e+00 1.000000000000000000e+00 1.000000000000000000e+00 1.000000000000000000e+00 1.000000000000000000e+00 1.000000000000000000e+00 1.000000000000000000e+00 1.000000000000000000e+00 1.000000000000000000e+00 1.000000000000000000e+00 1.000000000000000000e+00 1.000000000000000000e+00 1.000000000000000000e+00 1.000000000000000000e+00 1.000000000000000000e+00 1.000000000000000000e+00 1.000000000000000000e+00 1.000000000000000000e+00 1.000000000000000000e+00 1.000000000000000000e+00 1.000000000000000000e+00 1.000000000000000000e+00 1.000000000000000000e+00 1.000000000000000000e+00 1.000000000000000000e+00 1.000000000000000000e+00 1.000000000000000000e+00 1.000000000000000000e+00 1.000000000000000000e+00 1.000000000000000000e+00 1.000000000000000000e+00 1.000000000000000000e+00 1.000000000000000000e+00 1.000000000000000000e+00 1.000000000000000000e+00 1.000000000000000000e+00 1.000000000000000000e+00 1.000000000000000000e+00 1.000000000000000000e+00 1.000000000000000000e+00 1.000000000000000000e+00 1.000000000000000000e+00 1.000000000000000000e+00 1.000000000000000000e+00 1.000000000000000000e+00 1.000000000000000000e+00 1.000000000000000000e+00 1.000000000000000000e+00 1.000000000000000000e+00 1.000000000000000000e+00
0.000000000000000000e+00 0.000000000000000000e+00 0.000000000000000000e+00 0.000000000000000000e+00 0.000000000000000000e+00 0.000000000000000000e+00 0.000000000000000000e+00 0.000000000000000000e+00 0.000000000000000000e+00 0.000000000000000000e+00 0.000000000000000000e+00 0.000000000000000000e+00 0.000000000000000000e+00 0.000000000000000000e+00 0.000000000000000000e+00 0.000000000000000000e+00 0.000000000000000000e+00 0.000000000000000000e+00 0.000000000000000000e+00 0.000000000000000000e+00 0.000000000000000000e+00 0.000000000000000000e+00 0.000000000000000000e+00 0.000000000000000000e+00 7.933324728010834307e-312 3.383129503228725825e-284 7.393541874480418120e-258 8.282452435286421803e-233 4.757254398819976391e-209 1.401469457341024653e-186 2.118384439792813961e-165 1.643673484472431060e-145 6.550163224419682292e-127 1.341538055719177907e-109 1.413271599353470431e-93 7.666024764052728936e-79 2.143949762976419534e-65 3.096829225666650102e-53 2.315797619063564151e-42 8.994730854424818760e-33 1.823235168290491082e-24 1.942708941596096080e-17 1.101027266679741131e-11 3.389186518117752507e-07 5.908529205567843385e-04 6.439251207518886799e-02 5.813851712019161289e-01 9.731833957349023123e-01 9.998709753026182590e-01 9.999999624423662192e-01 9.999999999993889332e-01 1.000000000000000000e+00 1.000000000000000000e+00 1.000000000000000000e+00 1.000000000000000000e+00 1.000000000000000000e+00 1.000000000000000000e+00 1.000000000000000000e+00 1.000000000000000000e+00 1.000000000000000000e+00 1.000000000000000000e+00 1.000000000000000000e+00 1.000000000000000000e+00 1.000000000000000000e+00 1.000000000000000000e+00 1.000000000000000000e+00 1.000000000000000000e+00 1.000000000000000000e+00 1.000000000000000000e+00 1.000000000000000000e+00 1.000000000000000000e+00 1.000000000000000000e+00 1.000000000000000000e+00 1.000000000000000000e+00 1.000000000000000000e+00 1.000000000000000000e+00 1.000000000000000000e+00 1.000000000000000000e+00 1.000000000000000000e+00 1.000000000000000000e+00 1.000000000000000000e+00 1.000000000000000000e+00 1.000000000000000000e+00 1.000000000000000000e+00 1.000000000000000000e+00 1.000000000000000000e+00 1.000000000000000000e+00 1.000000000000000000e+00 1.000000000000000000e+00 1.000000000000000000e+00 1.000000000000000000e+00 1.000000000000000000e+00 1.000000000000000000e+00 1.000000000000000000e+00 1.000000000000000000e+00 1.000000000000000000e+00 1.000000000000000000e+00 1.000000000000000000e+00 1.000000000000000000e+00 1.000000000000000000e+00
0.000000000000000000e+00 0.000000000000000000e+00 0.000000000000000000e+00 0.000000000000000000e+00 0.000000000000000000e+00 0.000000000000000000e+00 0.000000000000000000e+00 0.000000000000000000e+00 0.000000000000000000e+00 0.000000000000000000e+00 0.000000000000000000e+00 0.000000000000000000e+00 0.000000000000000000e+00 0.000000000000000000e+00 0.000000000000000000e+00 0.000000000000000000e+00 0.000000000000000000e+00 0.000000000000000000e+00 0.000000000000000000e+00 0.000000000000000000e+00 0.000000000000000000e+00 0.000000000000000000e+00 0.000000000000000000e+00 0.000000000000000000e+00 0.000000000000000000e+00 0.000000000000000000e+00 0.000000000000000000e+00 6.940908498024402513e-316 2.048403937027013434e-283 1.020641628058149711e-252 8.589276011579965937e-224 1.221420656067875711e-196 2.936573275245137843e-171 1.194479822435946220e-147 8.227088020005469215e-126 9.605195012056660865e-106 1.903511915174083738e-87 6.414762780373515264e-71 3.685074466398677153e-56 3.621137287643747400e-43 6.117271102513445040e-32 1.790390322229355275e-22 9.195646932092451188e-15 8.484303142118044020e-09 1.476803904660083447e-04 5.498795322767055516e-02 6.637547313012132078e-01 9.927325783679592508e-01 9.999959928207573512e-01 9.999999999558788488e-01 1.000000000000000000e+00 1.000000000000000000e+00 1.000000000000000000e+00 1.000000000000000000e+00 1.000000000000000000e+00 1.000000000000000000e+00 1.000000000000000000e+00 1.000000000000000000e+00 1.000000000000000000e+00 1.000000000000000000e+00 1.000000000000000000e+00 1.000000000000000000e+00 1.000000000000000000e+00 1.000000000000000000e+00 1.000000000000000000e+00 1.000000000000000000e+00 1.000000000000000000e+00 1.000000000000000000e+00 1.000000000000000000e+00 1.000000000000000000e+00 1.000000000000000000e+00 1.000000000000000000e+00 1.000000000000000000e+00 1.000000000000000000e+00 1.000000000000000000e+00 1.000000000000000000e+00 1.000000000000000000e+00 1.000000000000000000e+00 1.000000000000000000e+00 1.000000000000000000e+00 1.000000000000000000e+00 1.000000000000000000e+00 1.000000000000000000e+00 1.000000000000000000e+00 1.000000000000000000e+00 1.000000000000000000e+00 1.000000000000000000e+00 1.000000000000000000e+00 1.000000000000000000e+00 1.000000000000000000e+00 1.000000000000000000e+00 1.000000000000000000e+00 1.000000000000000000e+00 1.000000000000000000e+00 1.000000000000000000e+00 1.000000000000000000e+00 1.000000000000000000e+00 1.000000000000000000e+00 1.000000000000000000e+00 1.000000000000000000e+00
0.000000000000000000e+00 0.000000000000000000e+00 0.000000000000000000e+00 0.000000000000000000e+00 0.000000000000000000e+00 0.000000000000000000e+00 0.000000000000000000e+00 0.000000000000000000e+00 0.000000000000000000e+00 0.000000000000000000e+00 0.000000000000000000e+00 0.000000000000000000e+00 0.000000000000000000e+00 0.000000000000000000e+00 0.000000000000000000e+00 0.000000000000000000e+00 0.000000000000000000e+00 0.000000000000000000e+00 0.000000000000000000e+00 0.000000000000000000e+00 0.000000000000000000e+00 0.000000000000000000e+00 0.000000000000000000e+00 9.881312916824930884e-324 3.551934743177311953e-296 8.817959983969996037e-270 1.258173646694188449e-244 1.032015875057183699e-220 4.867730330360468949e-198 1.320696058083059545e-176 2.061974904665280883e-156 1.853397618336199301e-137 9.596236861430484626e-120 2.864026801116141507e-103 4.931343053225817191e-88 4.903771525519894428e-74 2.820138077235215619e-61 9.396656823493593447e-50 1.818465398682575006e-39 2.050954794760671224e-30 1.354873116893070955e-22 5.282825422303065147e-16 1.231209505338353575e-10 1.754398941812604615e-06 1.600438588757284279e-03 1.043811481146630915e-01 6.677852118704634687e-01 9.831894714598701235e-01 9.999320102441776603e-01 9.999999816617867188e-01 9.999999999996920241e-01 1.000000000000000000e+00 1.000000000000000000e+00 1.000000000000000000e+00 1.000000000000000000e+00 1.000000000000000000e+00 1.000000000000000000e+00 1.000000000000000000e+00 1.000000000000000000e+00 1.000000000000000000e+00 1.000000000000000000e+00 1.000000000000000000e+00 1.000000000000000000e+00 1.000000000000000000e+00 1.000000000000000000e+00 1.000000000000000000e+00 1.000000000000000000e+00 1.000000000000000000e+00 1.000000000000000000e+00 1.000000000000000000e+00 1.000000000000000000e+00 1.000000000000000000e+00 1.000000000000000000e+00 1.000000000000000000e+00 1.000000000000000000e+00 1.000000000000000000e+00 1.000000000000000000e+00 1.000000000000000000e+00 1.000000000000000000e+00 1.000000000000000000e+00 1.000000000000000000e+00 1.000000000000000000e+00 1.000000000000000000e+00 1.000000000000000000e+00 1.000000000000000000e+00 1.000000000000000000e+00 1.000000000000000000e+00 1.000000000000000000e+00 1.000000000000000000e+00 1.000000000000000000e+00 1.000000000000000000e+00 1.000000000000000000e+00 1.000000000000000000e+00 1.000000000000000000e+00 1.000000000000000000e+00 1.000000000000000000e+00 1.000000000000000000e+00 1.000000000000000000e+00 1.000000000000000000e+00 1.000000000000000000e+00
0.000000000000000000e+00 0.000000000000000000e+00 0.000000000000000000e+00 0.000000000000000000e+00 0.000000000000000000e+00 0.000000000000000000e+00 0.000000000000000000e+00 0.000000000000000000e+00 0.000000000000000000e+00 0.000000000000000000e+00 0.000000000000000000e+00 0.000000000000000000e+00 0.000000000000000000e+00 0.000000000000000000e+00 0.000000000000000000e+00 0.000000000000000000e+00 0.000000000000000000e+00 0.000000000000000000e+00 0.000000000000000000e+00 0.000000000000000000e+00 0.000000000000000000e+00 0.000000000000000000e+00 0.000000000000000000e+00 0.000000000000000000e+00 0.000000000000000000e+00 0.000000000000000000e+00 5.268965737336125787e-294 4.291381202626466484e-265 1.087957204447437736e-237 8.588430654323262326e-212 2.111903120117552914e-187 1.618440762257627343e-164 3.867494206988436413e-143 2.883871072147860572e-123 6.716028599776759260e-105 4.890091974275111863e-88 1.114821283822780461e-72 7.972434538133175692e-59 1.792998419479361377e-46 1.272702927018906206e-35 2.866252873247470961e-26 2.064807284458925676e-18 4.822949490435484128e-12 3.744815234255928372e-07 1.018634691757419391e-03 1.109914850170861944e-01 7.396284249802986821e-01 9.938890665421291626e-01 9.999937633113975544e-01 9.999999997706477961e-01 9.999999999999997780e-01 1.000000000000000000e+00 1.000000000000000000e+00 1.000000000000000000e+00 1.000000000000000000e+00 1.000000000000000000e+00 1.000000000000000000e+00 1.000000000000000000e+00 1.000000000000000000e+00 1.000000000000000000e+00 1.000000000000000000e+00 1.000000000000000000e+00 1.000000000000000000e+00 1.000000000000000000e+00 1.000000000000000000e+00 1.000000000000000000e+00 1.000000000000000000e+00 1.000000000000000000e+00 1.000000000000000000e+00 1.000000000000000000e+00 1.000000000000000000e+00 1.000000000000000000e+00 1.000000000000000000e+00 1.000000000000000000e+00 1.000000000000000000e+00 1.000000000000000000e+00 1.000000000000000000e+00 1.000000000000000000e+00 1.000000000000000000e+00 1.000000000000000000e+00 1.000000000000000000e+00 1.000000000000000000e+00 1.000000000000000000e+00 1.000000000000000000e+00 1.000000000000000000e+00 1.000000000000000000e+00 1.000000000000000000e+00 1.000000000000000000e+00 1.000000000000000000e+00 1.000000000000000000e+00 1.000000000000000000e+00 1.000000000000000000e+00 1.000000000000000000e+00 1.000000000000000000e+00 1.000000000000000000e+00 1.000000000000000000e+00 1.000000000000000000e+00 1.000000000000000000e+00 1.000000000000000000e+00 1.000000000000000000e+00
0.000000000000000000e+00 0.000000000000000000e+00 0.000000000000000000e+00 0.000000000000000000e+00 0.000000000000000000e+00 0.000000000000000000e+00 0.000000000000000000e+00 0.000000000000000000e+00 0.000000000000000000e+00 0.000000000000000000e+00 0.000000000000000000e+00 0.000000000000000000e+00 0.000000000000000000e+00 8.513307000509378527e-316 9.017818217114414643e-297 2.427284704383984814e-278 1.660294605973034165e-260 2.886203359365234799e-243 1.275209675078319674e-226 1.432150542856134763e-210 4.088765307229607532e-195 2.967846427485266538e-180 5.477618893346405521e-166 2.571022900902953126e-152 3.069409910064237326e-139 9.322229488901583769e-127 7.204334026889230101e-115 1.417048796838900456e-103 7.096075052796141014e-93 9.049850353525341185e-83 2.940552861183539501e-73 2.435509852329347016e-64 5.144899397936848105e-56 2.773957212086301857e-48 3.820706005643693599e-41 1.345845585511073238e-34 1.214176170424145170e-28 2.810795488916874762e-23 1.674000618624092971e-18 2.574077949390755568e-14 1.027289177138893019e-10 1.072544218037267407e-07 2.967220440051159195e-05 2.224049446883505105e-03 4.710459552905234271e-02 3.075879309455151756e-01 7.479977012637606393e-01 9.670500005725498616e-01 9.986937806206577228e-01 9.999854824804292885e-01 9.999999564598212043e-01 9.999999999654753946e-01 9.999999999999928946e-01 1.000000000000000000e+00 1.000000000000000000e+00 1.000000000000000000e+00 1.000000000000000000e+00 1.000000000000000000e+00 1.000000000000000000e+00 1.000000000000000000e+00 1.000000000000000000e+00 1.000000000000000000e+00 1.000000000000000000e+00 1.000000000000000000e+00 1.000000000000000000e+00 1.000000000000000000e+00 1.000000000000000000e+00 1.000000000000000000e+00 1.000000000000000000e+00 1.000000000000000000e+00 1.000000000000000000e+00 1.000000000000000000e+00 1.000000000000000000e+00 1.000000000000000000e+00 1.000000000000000000e+00 1.000000000000000000e+00 1.000000000000000000e+00 1.000000000000000000e+00 1.000000000000000000e+00 1.000000000000000000e+00 1.000000000000000000e+00 1.000000000000000000e+00 1.000000000000000000e+00 1.000000000000000000e+00 1.000000000000000000e+00 1.000000000000000000e+00 1.000000000000000000e+00 1.000000000000000000e+00 1.000000000000000000e+00 1.000000000000000000e+00 1.000000000000000000e+00 1.000000000000000000e+00 1.000000000000000000e+00 1.000000000000000000e+00 1.000000000000000000e+00 1.000000000000000000e+00 1.000000000000000000e+00 1.000000000000000000e+00 1.000000000000000000e+00 1.000000000000000000e+00
0.000000000000000000e+00 0.000000000000000000e+00 0.000000000000000000e+00 0.000000000000000000e+00 0.000000000000000000e+00 0.000000000000000000e+00 0.000000000000000000e+00 0.000000000000000000e+00 0.000000000000000000e+00 0.000000000000000000e+00 0.000000000000000000e+00 0.000000000000000000e+00 2.404599890204981665e-313 7.555082256783764303e-295 6.440843812709707733e-277 1.489981374769867572e-259 9.353700643927329736e-243 1.593616559872497575e-226 7.369172245285996130e-211 9.249728122713920001e-196 3.151811560101022549e-181 2.915839943821339500e-167 7.324818368615480368e-154 4.997179212357543521e-141 9.260233989195181655e-129 4.662004684446415064e-117 6.377855652337957845e-106 2.371597124272048979e-95 2.397746917551000293e-85 6.593519635671039038e-76 4.933639079322701830e-67 1.005021003605633393e-58 5.577116365672837491e-51 8.437275739409457177e-44 3.483103766432636624e-37 3.928510460874432332e-31 1.212462466850320972e-25 1.026105859345969179e-20 2.387997935773135090e-16 1.534388643082944583e-12 2.738139970656387553e-09 1.369453097503652337e-06 1.948505679141813052e-04 8.098712598230656950e-03 1.034904079715560643e-01 4.524849330646208423e-01 8.468791207990911118e-01 9.848316089364402837e-01 9.995304955461173924e-01 9.999957207759158084e-01 9.999999888565422879e-01 9.999999999918466331e-01 9.999999999999983347e-01 1.000000000000000000e+00 1.000000000000000000e+00 1.000000000000000000e+00 1.000000000000000000e+00 1.000000000000000000e+00 1.000000000000000000e+00 1.000000000000000000e+00 1.000000000000000000e+00 1.000000000000000000e+00 1.000000000000000000e+00 1.000000000000000000e+00 1.000000000000000000e+00 1.000000000000000000e+00 1.000000000000000000e+00 1.000000000000000000e+00 1.000000000000000000e+00 1.000000000000000000e+00 1.000000000000000000e+00 1.000000000000000000e+00 1.000000000000000000e+00 1.000000000000000000e+00 1.000000000000000000e+00 1.000000000000000000e+00 1.000000000000000000e+00 1.000000000000000000e+00 1.000000000000000000e+00 1.000000000000000000e+00 1.000000000000000000e+00 1.000000000000000000e+00 1.000000000000000000e+00 1.000000000000000000e+00 1.000000000000000000e+00 1.000000000000000000e+00 1.000000000000000000e+00 1.000000000000000000e+00 1.000000000000000000e+00 1.000000000000000000e+00 1.000000000000000000e+00 1.000000000000000000e+00 1.000000000000000000e+00 1.000000000000000000e+00 1.000000000000000000e+00 1.000000000000000000e+00 1.000000000000000000e+00 1.000000000000000000e+00 1.000000000000000000e+00 1.000000000000000000e+00
2.537758308550646049e-317 2.048603136868051677e-303 8.031285711994811775e-290 1.529123694010077269e-276 1.413975423528538607e-263 6.350311839740618787e-251 1.385209201969210062e-238 1.467631448342966701e-226 7.552927441497844028e-215 1.888108176232947909e-203 2.292818540777258742e-192 1.352581070564073691e-181 3.876404035520766589e-171 5.397468858006336001e-161 3.651506712705723388e-151 1.200336138559307725e-141 1.917402473497349788e-132 1.488460586632146801e-123 5.615814760206345418e-115 1.029867983917602373e-106 9.181012185656217127e-99 3.979168824504222366e-91 8.385832578937179538e-84 8.594469535838003848e-77 4.284373563134567523e-70 1.039054374220017610e-63 1.226231521751484966e-57 7.043792305704118868e-52 1.970047483277829929e-46 2.683758190284792116e-41 1.781547190996202114e-36 5.765906013050568259e-32 9.103999486359126966e-28 7.018325672215080165e-24 2.644225848569838736e-20 4.874940307853093410e-17 4.405008168713891684e-14 1.955047684116001966e-11 4.274227184545167922e-09 4.621707905868119543e-07 2.486167328371142137e-05 6.712185589255912580e-04 9.222147106606863945e-03 6.598198032657921763e-02 2.558385922834372495e-01 5.768906836414586792e-01 8.517848769199987125e-01 9.709069343503828886e-01 9.969695355767633771e-01 9.998375801407637375e-01 9.999956016104458723e-01 9.999999404879382769e-01 9.999999996005901615e-01 9.999999999986768362e-01 9.999999999999977796e-01 1.000000000000000000e+00 1.000000000000000000e+00 1.000000000000000000e+00 1.000000000000000000e+00 1.000000000000000000e+00 1.000000000000000000e+00 1.000000000000000000e+00 1.000000000000000000e+00 1.000000000000000000e+00 1.000000000000000000e+00 1.000000000000000000e+00 1.000000000000000000e+00 1.000000000000000000e+00 1.000000000000000000e+00 1.000000000000000000e+00 1.000000000000000000e+00 1.000000000000000000e+00 1.000000000000000000e+00 1.000000000000000000e+00 1.000000000000000000e+00 1.000000000000000000e+00 1.000000000000000000e+00 1.000000000000000000e+00 1.000000000000000000e+00 1.000000000000000000e+00 1.000000000000000000e+00 1.000000000000000000e+00 1.000000000000000000e+00 1.000000000000000000e+00 1.000000000000000000e+00 1.000000000000000000e+00 1.000000000000000000e+00 1.000000000000000000e+00 1.000000000000000000e+00 1.000000000000000000e+00 1.000000000000000000e+00 1.000000000000000000e+00 1.000000000000000000e+00 1.000000000000000000e+00 1.000000000000000000e+00 1.000000000000000000e+00 1.000000000000000000e+00 1.000000000000000000e+00 1.000000000000000000e+00 1.000000000000000000e+00
1.141451892665244735e-162 1.773507033822345268e-155 1.886547526627769503e-148 1.373957132174095260e-141 6.851112269141931780e-135 2.339075370764982834e-128 5.468098359681138163e-122 8.752904938801382888e-116 9.594181207682799019e-110 7.201463804376920233e-104 3.701771757104995873e-98 1.303151673171329509e-92 3.141948785773362149e-87 5.188555418876257716e-82 5.868995831110681924e-77 4.547582019536954904e-72 2.413954663680246308e-67 8.779006631062175126e-63 2.187606240295774948e-58 3.735465958930164352e-54 4.371413147281868784e-50 3.506356363176375081e-46 1.928014055892778366e-42 7.268678963082685298e-39 1.879200277602272798e-35 3.332390774846308412e-32 4.054257058409917800e-29 3.385038605254987219e-26 1.940253815354646478e-23 7.637789708777233227e-21 2.065833314856495685e-18 3.841374070642354936e-16 4.914050414273351675e-14 4.328332027308306825e-12 2.627761144471901908e-10 1.101064988639252095e-08 3.189662245360063839e-07 6.402585010718788722e-06 8.932021904632226445e-05 8.695948871165900488e-04 5.942546111520988564e-03 2.874406088140002771e-02 9.963672844275206497e-02 2.521729374631090925e-01 4.793796084625868703e-01 7.137066679114725254e-01 8.810402320011929689e-01 9.637654357053960785e-01 9.920698923370142586e-01 9.987694077931963399e-01 9.998657989476827934e-01 9.999897780508579803e-01 9.999994585521971846e-01 9.999999801184140669e-01 9.999999994951116467e-01 9.999999999911486359e-01 9.999999999998929745e-01 9.999999999999991118e-01 1.000000000000000000e+00 1.000000000000000000e+00 1.000000000000000000e+00 1.000000000000000000e+00 1.000000000000000000e+00 1.000000000000000000e+00 1.000000000000000000e+00 1.000000000000000000e+00 1.000000000000000000e+00 1.000000000000000000e+00 1.000000000000000000e+00 1.000000000000000000e+00 1.000000000000000000e+00 1.000000000000000000e+00 1.000000000000000000e+00 1.000000000000000000e+00 1.000000000000000000e+00 1.000000000000000000e+00 1.000000000000000000e+00 1.000000000000000000e+00 1.000000000000000000e+00 1.000000000000000000e+00 1.000000000000000000e+00 1.000000000000000000e+00 1.000000000000000000e+00 1.000000000000000000e+00 1.000000000000000000e+00 1.000000000000000000e+00 1.000000000000000000e+00 1.000000000000000000e+00 1.000000000000000000e+00 1.000000000000000000e+00 1.000000000000000000e+00 1.000000000000000000e+00 1.000000000000000000e+00 1.000000000000000000e+00 1.000000000000000000e+00 1.000000000000000000e+00 1.000000000000000000e+00 1.000000000000000000e+00 1.000000000000000000e+00 1.000000000000000000e+00
3.444288477228058611e-177 3.161107918802835905e-169 1.894400435191838594e-161 7.413248033357978708e-154 1.894357980140005011e-146 3.161154989379280619e-139 3.444881106303292185e-132 2.451675869735502251e-125 1.139538969141528938e-118 3.459322145615501823e-112 6.859121793775693577e-106 8.883487213053133264e-100 7.515531502505388467e-94 4.153586197764990617e-88 1.499694121966581980e-82 3.537770189822117602e-77 5.453042271080889368e-72 5.492487446967930627e-67 3.615457436240372142e-62 1.555497990268021998e-57 4.374632563966997971e-53 8.043413154988898396e-49 9.670181350074185603e-45 7.603308050035852770e-41 3.910514297760841900e-37 1.315926627333463287e-33 2.898114863302081399e-30 4.178547312586715386e-27 3.945711248453660674e-24 2.441241847308929891e-21 9.901842951091488001e-19 2.634661918982340885e-16 4.602414738008805296e-14 5.283623597308047038e-12 3.991262979351560366e-10 1.987119072752327613e-08 6.534204041946349036e-07 1.423141556515829547e-05 2.061002238705254115e-04 1.995546694585670616e-03 1.302106707485124401e-02 5.794039080489186977e-02 1.790428310424706515e-01 3.952208899608628534e-01 6.508236053224327744e-01 8.510220648708706204e-01 9.548777056556851939e-01 9.905472950432221424e-01 9.986530809079822157e-01 9.998708841317279772e-01 9.999917346684197295e-01 9.999996484741118241e-01 9.999999901034916094e-01 9.999999998160625791e-01 9.999999999977475795e-01 9.999999999999817923e-01 9.999999999999998890e-01 1.000000000000000000e+00 1.000000000000000000e+00 1.000000000000000000e+00 1.000000000000000000e+00 1.000000000000000000e+00 1.000000000000000000e+00 1.000000000000000000e+00 1.000000000000000000e+00 1.000000000000000000e+00 1.000000000000000000e+00 1.000000000000000000e+00 1.000000000000000000e+00 1.000000000000000000e+00 1.000000000000000000e+00 1.000000000000000000e+00 1.000000000000000000e+00 1.000000000000000000e+00 1.000000000000000000e+00 1.000000000000000000e+00 1.000000000000000000e+00 1.000000000000000000e+00 1.000000000000000000e+00 1.000000000000000000e+00 1.000000000000000000e+00 1.000000000000000000e+00 1.000000000000000000e+00 1.000000000000000000e+00 1.000000000000000000e+00 1.000000000000000000e+00 1.000000000000000000e+00 1.000000000000000000e+00 1.000000000000000000e+00 1.000000000000000000e+00 1.000000000000000000e+00 1.000000000000000000e+00 1.000000000000000000e+00 1.000000000000000000e+00 1.000000000000000000e+00 1.000000000000000000e+00 1.000000000000000000e+00 1.000000000000000000e+00 1.000000000000000000e+00 1.000000000000000000e+00
2.051722783375786301e-172 1.798587541250112365e-164 1.019290188460115060e-156 3.734479227276154689e-149 8.845894033476740566e-142 1.354713621581702181e-134 1.341414876396573158e-127 8.588269693120247196e-121 3.555442786361527447e-114 9.518035711094903260e-108 1.647739465192661532e-101 1.844766212206131364e-95 1.335770971953356429e-89 6.255894736071476470e-84 1.895158197610820137e-78 3.713943641730188670e-73 4.708667268870034550e-68 3.862575872623472160e-63 2.050316759881040099e-58 7.043432462474160791e-54 1.566133169948525514e-49 2.254361807953669441e-45 2.101108474414917376e-41 1.268218585336245675e-37 4.958670390530147759e-34 1.256271014115679204e-30 2.062958051181329619e-27 2.196613869847578798e-24 1.517302676638011822e-21 6.802753569252716336e-19 1.980985089610779053e-16 3.749885032761403168e-14 4.618904092817727241e-12 3.706858050919699892e-10 1.941521981902357192e-08 6.651166867721637697e-07 1.494678525650210638e-05 2.212317677615450778e-04 2.169105406304562642e-03 1.420586324674735605e-02 6.292835412583125398e-02 1.922213624406027832e-01 4.172895375887870073e-01 6.743924501380907932e-01 8.671419189522766580e-01 9.619592598231057057e-01 9.925499143870523122e-01 9.990182673622733933e-01 9.999138849798661077e-01 9.999950079618965537e-01 9.999998097118866225e-01 9.999999952474749598e-01 9.999999999224333802e-01 9.999999999991743271e-01 9.999999999999942268e-01 1.000000000000000000e+00 1.000000000000000000e+00 1.000000000000000000e+00 1.000000000000000000e+00 1.000000000000000000e+00 1.000000000000000000e+00 1.000000000000000000e+00 1.000000000000000000e+00 1.000000000000000000e+00 1.000000000000000000e+00 1.000000000000000000e+00 1.000000000000000000e+00 1.000000000000000000e+00 1.000000000000000000e+00 1.000000000000000000e+00 1.000000000000000000e+00 1.000000000000000000e+00 1.000000000000000000e+00 1.000000000000000000e+00 1.000000000000000000e+00 1.000000000000000000e+00 1.000000000000000000e+00 1.000000000000000000e+00 1.000000000000000000e+00 1.000000000000000000e+00 1.000000000000000000e+00 1.000000000000000000e+00 1.000000000000000000e+00 1.000000000000000000e+00 1.000000000000000000e+00 1.000000000000000000e+00 1.000000000000000000e+00 1.000000000000000000e+00 1.000000000000000000e+00 1.000000000000000000e+00 1.000000000000000000e+00 1.000000000000000000e+00 1.000000000000000000e+00 1.000000000000000000e+00 1.000000000000000000e+00 1.000000000000000000e+00 1.000000000000000000e+00 1.000000000000000000e+00 1.000000000000000000e+00 1.000000000000000000e+00
6.309375599225359659e-71 1.216997947190917527e-67 1.953029850383820023e-64 2.607694296161468775e-61 2.896992949975942547e-58 2.677913177893980634e-55 2.059777974397505342e-52 1.318369481782342654e-49 7.022086475985530677e-47 3.112638668649938350e-44 1.148280179586082261e-41 3.525729042770543074e-39 9.010722440986601287e-37 1.916948145229631174e-34 3.394960854129647168e-32 5.005759322904574537e-30 6.145498967257364743e-28 6.282640436304090720e-26 5.349046921702120165e-24 3.793300935928843238e-22 2.240937400744995793e-20 1.103029446703459915e-18 4.524524834999574655e-17 1.546973520391858892e-15 4.409879549705631370e-14 1.048411394651514150e-12 2.079438668831034086e-11 3.442261162862473150e-10 4.758066919094733352e-09 5.494796778727267128e-08 5.305207070462803836e-07 4.285894708586924148e-06 2.900079137423414242e-05 1.645715998324323343e-04 7.844494328646396371e-04 3.147142287702759961e-03 1.065465319937673565e-02 3.054286607254300470e-02 7.446941479610127979e-02 1.553616812830258542e-01 2.795695027060853821e-01 4.385934296186689285e-01 6.083603852670069756e-01 7.594805734705094569e-01 8.716482738906485839e-01 9.410679286452481307e-01 9.768904143024854658e-01 9.923029166198872320e-01 9.978315363555845252e-01 9.994848873547814705e-01 9.998970739201611391e-01 9.999827335154345409e-01 9.999975717523454932e-01 9.999997140579510724e-01 9.999999718328124176e-01 9.999999976807371072e-01 9.999999998404791590e-01 9.999999999908396608e-01 9.999999999995610178e-01 9.999999999999824585e-01 9.999999999999993339e-01 1.000000000000000000e+00 1.000000000000000000e+00 1.000000000000000000e+00 1.000000000000000000e+00 1.000000000000000000e+00 1.000000000000000000e+00 1.000000000000000000e+00 1.000000000000000000e+00 1.000000000000000000e+00 1.000000000000000000e+00 1.000000000000000000e+00 1.000000000000000000e+00 1.000000000000000000e+00 1.000000000000000000e+00 1.000000000000000000e+00 1.000000000000000000e+00 1.000000000000000000e+00 1.000000000000000000e+00 1.000000000000000000e+00 1.000000000000000000e+00 1.000000000000000000e+00 1.000000000000000000e+00 1.000000000000000000e+00 1.000000000000000000e+00 1.000000000000000000e+00 1.000000000000000000e+00 1.000000000000000000e+00 1.000000000000000000e+00 1.000000000000000000e+00 1.000000000000000000e+00 1.000000000000000000e+00 1.000000000000000000e+00 1.000000000000000000e+00 1.000000000000000000e+00 1.000000000000000000e+00 1.000000000000000000e+00 1.000000000000000000e+00 1.000000000000000000e+00 1.000000000000000000e+00
3.651339178319382934e-92 9.184892500303109291e-88 1.794248511027569430e-83 2.722024797324524097e-79 3.207140737372413027e-75 2.934790984477478259e-71 2.085872302884969068e-67 1.151514407901858427e-63 4.937915351681293490e-60 1.644879030920330260e-56 4.256631072714840804e-53 8.557914454595862778e-50 1.336813248018532268e-46 1.622589316577160100e-43 1.530450991998923191e-40 1.121877060082297266e-37 6.391945532459487211e-35 2.830970655986107766e-32 9.747904304523863008e-30 2.609921625284556968e-27 5.434501769569261681e-25 8.802265803607565300e-23 1.109253622302027595e-20 1.087885880469802017e-18 8.305867073269548105e-17 4.938459676453683139e-15 2.287634921718386731e-13 8.260176110066901771e-12 2.326280329116741946e-10 5.113566680184038432e-09 8.781456796514222893e-08 1.179442700943589388e-06 1.240704327151240741e-05 1.024060585671318250e-04 6.647660235406255150e-04 3.404443350022266866e-03 1.381248170647648640e-02 4.465079432991328479e-02 1.159233659610680867e-01 2.444256052662645007e-01 4.251800385839330509e-01 6.235505001229444400e-01 7.934062584380641159e-01 9.068785176988778396e-01 9.660186072655516654e-01 9.900633558865645778e-01 9.976886242388882664e-01 9.995745567951688226e-01 9.999382735250221810e-01 9.999929610960656134e-01 9.999993705101937191e-01 9.999999559256678161e-01 9.999999975872188029e-01 9.999999998968367443e-01 9.999999999965578645e-01 9.999999999999105160e-01 9.999999999999982236e-01 1.000000000000000000e+00 1.000000000000000000e+00 1.000000000000000000e+00 1.000000000000000000e+00 1.000000000000000000e+00 1.000000000000000000e+00 1.000000000000000000e+00 1.000000000000000000e+00 1.000000000000000000e+00 1.000000000000000000e+00 1.000000000000000000e+00 1.000000000000000000e+00 1.000000000000000000e+00 1.000000000000000000e+00 1.000000000000000000e+00 1.000000000000000000e+00 1.000000000000000000e+00 1.000000000000000000e+00 1.000000000000000000e+00 1.000000000000000000e+00 1.000000000000000000e+00 1.000000000000000000e+00 1.000000000000000000e+00 1.000000000000000000e+00 1.000000000000000000e+00 1.000000000000000000e+00 1.000000000000000000e+00 1.000000000000000000e+00 1.000000000000000000e+00 1.000000000000000000e+00 1.000000000000000000e+00 1.000000000000000000e+00 1.000000000000000000e+00 1.000000000000000000e+00 1.000000000000000000e+00 1.000000000000000000e+00 1.000000000000000000e+00 1.000000000000000000e+00 1.000000000000000000e+00 1.000000000000000000e+00 1.000000000000000000e+00 1.000000000000000000e+00 1.000000000000000000e+00
4.314173078295508129e-99 3.266085484422789796e-94 1.852076638888265334e-89 7.866971065707122540e-85 2.503170390540949491e-80 5.966587957831965333e-76 1.065453695824806600e-71 1.425403888798130126e-67 1.428762607153560812e-63 1.073067937219105790e-59 6.039043706539229823e-56 2.546916243943681799e-52 8.050108635179318416e-49 1.907077140788561457e-45 3.386549626477020354e-42 4.508349296283528874e-39 4.499898437622655021e-36 3.368013660834592997e-33 1.890601036233182795e-30 7.960846277834479867e-28 2.515020297889177249e-25 5.962792715418857875e-23 1.061214454300862607e-20 1.418210909932140021e-18 1.423724399407948192e-16 1.074117369560492328e-14 6.093252717444052122e-13 2.600740387027910964e-11 8.358633789900187881e-10 2.024809735075554097e-08 3.701431915891944100e-07 5.113994891181009111e-06 5.350803213734522436e-05 4.250897408381220451e-04 2.573154431200549031e-03 1.192486548301443898e-02 4.259343374326976517e-02 1.183721255179458615e-01 2.594717035251110637e-01 4.574793082004611766e-01 6.669121777736806145e-01 8.338749033154456702e-01 9.341946057281902416e-01 9.796202899048481738e-01 9.951191439892032031e-01 9.991029220980963688e-01 9.998741556072734404e-01 9.999865788487427576e-01 9.999989150085715206e-01 9.999999336587841459e-01 9.999999969371702324e-01 9.999999998933730705e-01 9.999999999972037923e-01 9.999999999999448219e-01 9.999999999999991118e-01 1.000000000000000000e+00 1.000000000000000000e+00 1.000000000000000000e+00 1.000000000000000000e+00 1.000000000000000000e+00 1.000000000000000000e+00 1.000000000000000000e+00 1.000000000000000000e+00 1.000000000000000000e+00 1.000000000000000000e+00 1.000000000000000000e+00 1.000000000000000000e+00 1.000000000000000000e+00 1.000000000000000000e+00 1.000000000000000000e+00 1.000000000000000000e+00 1.000000000000000000e+00 1.000000000000000000e+00 1.000000000000000000e+00 1.000000000000000000e+00 1.000000000000000000e+00 1.000000000000000000e+00 1.000000000000000000e+00 1.000000000000000000e+00 1.000000000000000000e+00 1.000000000000000000e+00 1.000000000000000000e+00 1.000000000000000000e+00 1.000000000000000000e+00 1.000000000000000000e+00 1.000000000000000000e+00 1.000000000000000000e+00 1.000000000000000000e+00 1.000000000000000000e+00 1.000000000000000000e+00 1.000000000000000000e+00 1.000000000000000000e+00 1.000000000000000000e+00 1.000000000000000000e+00 1.000000000000000000e+00 1.000000000000000000e+00 1.000000000000000000e+00 1.000000000000000000e+00 1.000000000000000000e+00 1.000000000000000000e+00
1.581557154074706270e-48 4.267311578234888873e-46 9.920145206263559256e-44 1.986978528895950230e-41 3.429244877538390140e-39 5.099813910146149173e-37 6.535559905945082961e-35 7.217853604597174446e-33 6.869997400387213204e-31 5.635822580986670225e-29 3.985127292443387130e-27 2.429105841955933788e-25 1.276465285438193913e-23 5.783266334597488452e-22 2.259369370459425750e-20 7.612110991209178420e-19 2.212011818729137494e-17 5.545013624578155534e-16 1.199300829494802818e-14 2.238474986103300542e-13 3.606417322584109127e-12 5.016671232350492369e-11 6.027065627113036187e-10 6.256102085363977273e-09 5.612981984551197277e-08 4.355051676876521621e-07 2.923900514177645290e-06 1.699862479329633598e-05 8.564968774706867890e-05 3.744231341754856936e-04 1.421996994827496880e-03 4.699500306338875825e-03 1.354342767370764027e-02 3.412610410228305441e-02 7.544253868051647993e-02 1.469771547914709431e-01 2.538060101848123029e-01 3.914143016079536519e-01 5.443072241647233245e-01 6.908344031260951201e-01 8.119601606045161457e-01 8.983256099799226124e-01 9.514415319606324140e-01 9.796178858663021627e-01 9.925096637205987893e-01 9.975971092250539574e-01 9.993286597103928637e-01 9.998369444627216440e-01 9.999656218889784176e-01 9.999937154425833086e-01 9.999990048211500060e-01 9.999998635973852412e-01 9.999999838281850018e-01 9.999999983424189276e-01 9.999999998531841072e-01 9.999999999887672075e-01 9.999999999992579269e-01 9.999999999999577005e-01 9.999999999999978906e-01 9.999999999999998890e-01 1.000000000000000000e+00 1.000000000000000000e+00 1.000000000000000000e+00 1.000000000000000000e+00 1.000000000000000000e+00 1.000000000000000000e+00 1.000000000000000000e+00 1.000000000000000000e+00 1.000000000000000000e+00 1.000000000000000000e+00 1.000000000000000000e+00 1.000000000000000000e+00 1.000000000000000000e+00 1.000000000000000000e+00 1.000000000000000000e+00 1.000000000000000000e+00 1.000000000000000000e+00 1.000000000000000000e+00 1.000000000000000000e+00 1.000000000000000000e+00 1.000000000000000000e+00 1.000000000000000000e+00 1.000000000000000000e+00 1.000000000000000000e+00 1.000000000000000000e+00 1.000000000000000000e+00 1.000000000000000000e+00 1.000000000000000000e+00 1.000000000000000000e+00 1.000000000000000000e+00 1.000000000000000000e+00 1.000000000000000000e+00 1.000000000000000000e+00 1.000000000000000000e+00 1.000000000000000000e+00 1.000000000000000000e+00 1.000000000000000000e+00 1.000000000000000000e+00 1.000000000000000000e+00 1.000000000000000000e+00
3.746856903850219168e-32 1.624534052797756518e-30 6.350395160837245192e-29 2.238214280091658832e-27 7.112985497847893419e-26 2.038326246490629810e-24 5.267337582973388694e-23 1.227526045337213630e-21 2.580009726114200757e-20 4.890968418180724319e-19 8.363466662720578015e-18 1.290133100589190059e-16 1.795487544317875093e-15 2.254642931352019076e-14 2.554900622720652836e-13 2.612948885035741565e-12 2.412213509486888359e-11 2.010501924263232275e-10 1.513154854624160468e-09 1.028609855263520328e-08 6.317118425214351978e-08 3.506049864244581731e-07 1.759130735024184507e-06 7.982411941330685919e-06 3.277414450828181405e-05 1.218237571051944174e-04 4.102265816330572272e-04 1.252423464446821401e-03 3.469998951994139082e-03 8.734988911448724608e-03 2.000629851263152278e-02 4.176394378323478734e-02 7.963546009194831521e-02 1.390754880757707757e-01 2.231980802520569795e-01 3.305512891319628554e-01 4.540854736569793215e-01 5.822682249798318832e-01 7.022022726901469003e-01 8.033894744176716118e-01 8.803695223588428043e-01 9.331774529881358138e-01 9.658427771363502501e-01 9.840624137217351963e-01 9.932257796672858685e-01 9.973813459791827096e-01 9.990806151565915227e-01 9.997071532408069450e-01 9.999154499056814860e-01 9.999778898629292367e-01 9.999947664220752985e-01 9.999988792595462250e-01 9.999997829726179344e-01 9.999999620108392939e-01 9.999999939910777513e-01 9.999999991413806022e-01 9.999999998891938580e-01 9.999999999870881062e-01 9.999999999986417532e-01 9.999999999998709921e-01 9.999999999999888978e-01 9.999999999999991118e-01 1.000000000000000000e+00 1.000000000000000000e+00 1.000000000000000000e+00 1.000000000000000000e+00 1.000000000000000000e+00 1.000000000000000000e+00 1.000000000000000000e+00 1.000000000000000000e+00 1.000000000000000000e+00 1.000000000000000000e+00 1.000000000000000000e+00 1.000000000000000000e+00 1.000000000000000000e+00 1.000000000000000000e+00 1.000000000000000000e+00 1.000000000000000000e+00 1.000000000000000000e+00 1.000000000000000000e+00 1.000000000000000000e+00 1.000000000000000000e+00 1.000000000000000000e+00 1.000000000000000000e+00 1.000000000000000000e+00 1.000000000000000000e+00 1.000000000000000000e+00 1.000000000000000000e+00 1.000000000000000000e+00 1.000000000000000000e+00 1.000000000000000000e+00 1.000000000000000000e+00 1.000000000000000000e+00 1.000000000000000000e+00 1.000000000000000000e+00 1.000000000000000000e+00 1.000000000000000000e+00 1.000000000000000000e+00 1.000000000000000000e+00 1.000000000000000000e+00
4.410494907179501688e-56 4.069223866152757473e-53 3.100832254380586133e-50 1.951675818278959610e-47 1.014663191258987519e-44 4.357577064665307479e-42 1.545979063372476734e-39 4.531338401753973708e-37 1.097351247090380112e-34 2.195818035917807052e-32 3.630927678671940517e-30 4.961954891892531093e-28 5.604674606384468119e-26 5.233167055763942886e-24 4.039767598052370647e-22 2.578663331211386817e-20 1.361311733611958069e-18 5.944761461974086175e-17 2.147966684715021907e-15 6.423253332422245007e-14 1.590208937316623932e-12 3.260509525281444504e-11 5.539085579021439240e-10 7.800757429640225840e-09 9.112782931126631309e-08 8.837042813654881225e-07 7.120383827062762107e-06 4.772364237369337885e-05 2.664494188923810514e-04 1.241450499399877633e-03 4.838184058752715948e-03 1.581910030251596974e-02 4.356647005099691800e-02 1.016001453823378725e-01 2.020689800944448777e-01 3.460447332388241204e-01 5.168350106327342930e-01 6.845442804795591751e-01 8.208677614858871374e-01 9.125950744480323396e-01 9.636845091616754733e-01 9.872378987959438135e-01 9.962255621953852724e-01 9.990640590729777948e-01 9.998059700945175488e-01 9.999664450683516392e-01 9.999951675789717775e-01 9.999994212336249522e-01 9.999999424163854567e-01 9.999999952448050955e-01 9.999999996743152986e-01 9.999999999815104568e-01 9.999999999991303623e-01 9.999999999999661382e-01 9.999999999999988898e-01 1.000000000000000000e+00 1.000000000000000000e+00 1.000000000000000000e+00 1.000000000000000000e+00 1.000000000000000000e+00 1.000000000000000000e+00 1.000000000000000000e+00 1.000000000000000000e+00 1.000000000000000000e+00 1.000000000000000000e+00 1.000000000000000000e+00 1.000000000000000000e+00 1.000000000000000000e+00 1.000000000000000000e+00 1.000000000000000000e+00 1.000000000000000000e+00 1.000000000000000000e+00 1.000000000000000000e+00 1.000000000000000000e+00 1.000000000000000000e+00 1.000000000000000000e+00 1.000000000000000000e+00 1.000000000000000000e+00 1.000000000000000000e+00 1.000000000000000000e+00 1.000000000000000000e+00 1.000000000000000000e+00 1.000000000000000000e+00 1.000000000000000000e+00 1.000000000000000000e+00 1.000000000000000000e+00 1.000000000000000000e+00 1.000000000000000000e+00 1.000000000000000000e+00 1.000000000000000000e+00 1.000000000000000000e+00 1.000000000000000000e+00 1.000000000000000000e+00 1.000000000000000000e+00 1.000000000000000000e+00 1.000000000000000000e+00 1.000000000000000000e+00 1.000000000000000000e+00 1.000000000000000000e+00 1.000000000000000000e+00
1.978296901374351765e-60 3.468093099392529923e-57 4.917851247105827626e-54 5.641136282473161629e-51 5.234647980060406749e-48 3.929735713934477405e-45 2.386832286650028282e-42 1.172988209197243620e-39 4.664576187368032517e-37 1.501117642664173623e-34 3.909692008684143475e-32 8.242171268114480687e-30 1.406576719894472014e-27 1.943415528133468754e-25 2.174270105434939082e-23 1.970065666239879102e-21 1.445943540215432526e-19 8.598478859096703816e-18 4.143834674486738079e-16 1.618908075901009930e-14 5.128978557713473140e-13 1.318271363742571344e-11 2.750128607128877089e-10 4.659350705415414013e-09 6.415401298676738737e-08 7.184830825120857543e-07 6.551760562305662406e-06 4.870976193516746985e-05 2.957394573878166901e-04 1.469469534800644031e-03 5.992004812277565082e-03 2.012489319590120285e-02 5.594697572531519281e-02 1.295968177877011018e-01 2.524306268317296764e-01 4.186212565925458429e-01 6.010310246843419968e-01 7.634533884360870104e-01 8.807797790544240613e-01 9.495319689176794364e-01 9.822133312646407211e-01 9.948145294103843961e-01 9.987553876188521862e-01 9.997549290276837031e-01 9.999605184258761881e-01 9.999948066849253525e-01 9.999994431444275689e-01 9.999999513890145408e-01 9.999999965487501585e-01 9.999999998008830548e-01 9.999999999906710180e-01 9.999999999996452837e-01 9.999999999999891198e-01 9.999999999999997780e-01 1.000000000000000000e+00 1.000000000000000000e+00 1.000000000000000000e+00 1.000000000000000000e+00 1.000000000000000000e+00 1.000000000000000000e+00 1.000000000000000000e+00 1.000000000000000000e+00 1.000000000000000000e+00 1.000000000000000000e+00 1.000000000000000000e+00 1.000000000000000000e+00 1.000000000000000000e+00 1.000000000000000000e+00 1.000000000000000000e+00 1.000000000000000000e+00 1.000000000000000000e+00 1.000000000000000000e+00 1.000000000000000000e+00 1.000000000000000000e+00 1.000000000000000000e+00 1.000000000000000000e+00 1.000000000000000000e+00 1.000000000000000000e+00 1.000000000000000000e+00 1.000000000000000000e+00 1.000000000000000000e+00 1.000000000000000000e+00 1.000000000000000000e+00 1.000000000000000000e+00 1.000000000000000000e+00 1.000000000000000000e+00 1.000000000000000000e+00 1.000000000000000000e+00 1.000000000000000000e+00 1.000000000000000000e+00 1.000000000000000000e+00 1.000000000000000000e+00 1.000000000000000000e+00 1.000000000000000000e+00 1.000000000000000000e+00 1.000000000000000000e+00 1.000000000000000000e+00 1.000000000000000000e+00 1.000000000000000000e+00 1.000000000000000000e+00
1.742445515915700798e-109 1.040195221666941971e-103 4.303777975711124135e-98 1.234194965273373496e-92 2.453227804378631182e-87 3.380145699381084256e-82 3.228507728918479803e-77 2.137789883658351752e-72 9.814218001135563192e-68 3.123976753666308626e-63 6.895390427530972388e-59 1.055481587246792810e-54 1.120546241196081352e-50 8.251794790097577624e-47 4.215657233488872463e-43 1.494330906526216068e-39 3.675938923656718757e-36 6.276477099143770177e-33 7.440270546780961612e-30 6.124929059008857382e-27 3.502565082224252975e-24 1.391876011501820217e-21 3.845290067228737528e-19 7.389122607638706523e-17 9.882310576171382060e-15 9.205585047256075226e-13 5.978245311022047256e-11 2.709752318146489738e-09 8.585406050041890093e-08 1.905018672072552973e-06 2.967864317027388516e-05 3.257466422324648762e-04 2.530815171221957247e-03 1.401193641045752301e-02 5.582516972363213426e-02 1.623892233312797528e-01 3.525100494771229998e-01 5.900138062565222219e-01 7.977788094524782547e-01 9.250446191906096516e-01 9.796208247589558438e-01 9.960005117460208890e-01 9.994394843601088763e-01 9.999443139694453864e-01 9.999960983788994673e-01 9.999998079216987357e-01 9.999999933738128455e-01 9.999999998401505330e-01 9.999999999973075981e-01 9.999999999999683586e-01 9.999999999999997780e-01 1.000000000000000000e+00 1.000000000000000000e+00 1.000000000000000000e+00 1.000000000000000000e+00 1.000000000000000000e+00 1.000000000000000000e+00 1.000000000000000000e+00 1.000000000000000000e+00 1.000000000000000000e+00 1.000000000000000000e+00 1.000000000000000000e+00 1.000000000000000000e+00 1.000000000000000000e+00 1.000000000000000000e+00 1.000000000000000000e+00 1.000000000000000000e+00 1.000000000000000000e+00 1.000000000000000000e+00 1.000000000000000000e+00 1.000000000000000000e+00 1.000000000000000000e+00 1.000000000000000000e+00 1.000000000000000000e+00 1.000000000000000000e+00 1.000000000000000000e+00 1.000000000000000000e+00 1.000000000000000000e+00 1.000000000000000000e+00 1.000000000000000000e+00 1.000000000000000000e+00 1.000000000000000000e+00 1.000000000000000000e+00 1.000000000000000000e+00 1.000000000000000000e+00 1.000000000000000000e+00 1.000000000000000000e+00 1.000000000000000000e+00 1.000000000000000000e+00 1.000000000000000000e+00 1.000000000000000000e+00 1.000000000000000000e+00 1.000000000000000000e+00 1.000000000000000000e+00 1.000000000000000000e+00 1.000000000000000000e+00 1.000000000000000000e+00 1.000000000000000000e+00 1.000000000000000000e+00 1.000000000000000000e+00
4.611652370905297301e-153 3.471155491121285907e-145 1.608319170136376304e-137 4.587424864468400051e-130 8.055336424872514751e-123 8.708383809371838472e-116 5.796338044560350269e-109 2.375512958597018217e-102 5.994823623676543039e-96 9.316252986948301830e-90 8.916321609153004381e-84 5.255900467882352117e-78 1.908389592906894032e-72 4.268662408088770076e-67 5.882655201106646834e-62 4.995399921786945891e-57 2.614258526711596949e-52 8.433024320472604826e-48 1.677106360611956289e-43 2.056738323728313885e-39 1.555797036977288072e-35 7.261319096678255942e-32 2.091815143399407333e-28 3.721018041818576009e-25 4.089337013003826401e-22 2.778210450215569857e-19 1.167688691181361446e-16 3.039109265422556272e-14 4.903838823416831200e-12 4.913085022449482988e-10 3.062382652905671359e-08 1.190689280766278479e-06 2.898284986218283330e-05 4.439130980684293979e-04 4.310035163730160761e-03 2.682343786285003306e-02 1.088646870206028267e-01 2.961521492759651153e-01 5.641851567387039523e-01 8.047407315080659096e-01 9.401181221735950277e-01 9.878658391044906617e-01 9.984108378578175902e-01 9.998673564036374417e-01 9.999930082561721001e-01 9.999997686999101409e-01 9.999999952183481478e-01 9.999999999384200366e-01 9.999999999995070610e-01 9.999999999999975575e-01 1.000000000000000000e+00 1.000000000000000000e+00 1.000000000000000000e+00 1.000000000000000000e+00 1.000000000000000000e+00 1.000000000000000000e+00 1.000000000000000000e+00 1.000000000000000000e+00 1.000000000000000000e+00 1.000000000000000000e+00 1.000000000000000000e+00 1.000000000000000000e+00 1.000000000000000000e+00 1.000000000000000000e+00 1.000000000000000000e+00 1.000000000000000000e+00 1.000000000000000000e+00 1.000000000000000000e+00 1.000000000000000000e+00 1.000000000000000000e+00 1.000000000000000000e+00 1.000000000000000000e+00 1.000000000000000000e+00 1.000000000000000000e+00 1.000000000000000000e+00 1.000000000000000000e+00 1.000000000000000000e+00 1.000000000000000000e+00 1.000000000000000000e+00 1.000000000000000000e+00 1.000000000000000000e+00 1.000000000000000000e+00 1.000000000000000000e+00 1.000000000000000000e+00 1.000000000000000000e+00 1.000000000000000000e+00 1.000000000000000000e+00 1.000000000000000000e+00 1.000000000000000000e+00 1.000000000000000000e+00 1.000000000000000000e+00 1.000000000000000000e+00 1.000000000000000000e+00 1.000000000000000000e+00 1.000000000000000000e+00 1.000000000000000000e+00 1.000000000000000000e+00 1.000000000000000000e+00 1.000000000000000000e+00 1.000000000000000000e+00
4.029602196841993382e-213 1.428944804169940115e-202 2.719185823686791138e-192 2.776822911205820806e-182 1.521809708716212688e-172 4.476038773513114145e-163 7.065920061537032802e-154 5.986967013345691588e-145 2.722903074151011348e-136 6.647691640541578496e-128 8.712678777811193117e-120 6.130648546233517737e-112 2.316168238456344884e-104 4.698742837100272603e-97 5.118992546092685263e-90 2.995208326038531358e-83 9.413772779105715085e-77 1.589483101144005299e-70 1.442026451529688882e-64 7.030641307035652538e-59 1.842518881446881400e-53 2.596145820737100077e-48 1.967288792406140167e-43 8.019948325287201880e-39 1.759574425905156461e-34 2.078627658076769737e-30 1.322878393486261746e-26 4.538694642212558643e-23 8.401794958449544975e-20 8.400337845638796030e-17 4.542367537266368963e-14 1.330692493277066718e-11 2.116784623430256901e-09 1.834134059479604329e-07 8.694311514143914256e-06 2.269001352705454831e-04 3.291288017681028369e-03 2.693566700332097191e-02 1.274592450615876227e-01 3.635078576851057397e-01 6.701356659419446249e-01 8.905903312283156570e-01 9.782594817486273131e-01 9.975109333185743221e-01 9.998395591069807464e-01 9.999942594887960556e-01 9.999998870187476463e-01 9.999999987842144167e-01 9.999999999928765870e-01 9.999999999999773515e-01 1.000000000000000000e+00 1.000000000000000000e+00 1.000000000000000000e+00 1.000000000000000000e+00 1.000000000000000000e+00 1.000000000000000000e+00 1.000000000000000000e+00 1.000000000000000000e+00 1.000000000000000000e+00 1.000000000000000000e+00 1.000000000000000000e+00 1.000000000000000000e+00 1.000000000000000000e+00 1.000000000000000000e+00 1.000000000000000000e+00 1.000000000000000000e+00 1.000000000000000000e+00 1.000000000000000000e+00 1.000000000000000000e+00 1.000000000000000000e+00 1.000000000000000000e+00 1.000000000000000000e+00 1.000000000000000000e+00 1.000000000000000000e+00 1.000000000000000000e+00 1.000000000000000000e+00 1.000000000000000000e+00 1.000000000000000000e+00 1.000000000000000000e+00 1.000000000000000000e+00 1.000000000000000000e+00 1.000000000000000000e+00 1.000000000000000000e+00 1.000000000000000000e+00 1.000000000000000000e+00 1.000000000000000000e+00 1.000000000000000000e+00 1.000000000000000000e+00 1.000000000000000000e+00 1.000000000000000000e+00 1.000000000000000000e+00 1.000000000000000000e+00 1.000000000000000000e+00 1.000000000000000000e+00 1.000000000000000000e+00 1.000000000000000000e+00 1.000000000000000000e+00 1.000000000000000000e+00 1.000000000000000000e+00 1.000000000000000000e+00
5.069232003747813460e-164 2.900292835000079710e-156 1.070937775354973134e-148 2.552248825267435997e-141 3.925843028651572008e-134 3.897713745146218422e-127 2.497878523222111164e-120 1.033322285290635890e-113 2.759457922834742856e-107 4.757266575060151341e-101 5.294942329787385455e-95 3.805061260985197694e-89 1.765582537152533877e-83 5.290206565538879378e-78 1.023649255788814247e-72 1.279273157816576217e-67 1.032649908815639620e-62 5.384805397118173048e-58 1.814134301272437044e-53 3.949243620410777651e-49 5.556155535592832568e-45 5.052794806476176612e-41 2.970833890467623882e-37 1.129591404637850507e-33 2.778336200715777445e-30 4.421950159167873871e-27 4.555959314005979316e-24 3.040092070759185281e-21 1.314558153783994601e-18 3.686016527954746189e-16 6.707896863240978164e-14 7.930957104148611580e-12 6.100374616402678785e-10 3.057946718311702078e-08 1.001232185622625343e-06 2.147848308249358356e-05 3.031639719213490231e-04 2.832522907248188112e-03 1.767351793166652835e-02 7.462912505358811066e-02 2.177093816530915327e-01 4.531333426587838553e-01 7.069357921292751534e-01 8.862182123116932875e-01 9.691790332565700661e-01 9.943141840354856598e-01 9.992966437483203901e-01 9.999422471982822858e-01 9.999968739240053806e-01 9.999998889866201779e-01 9.999999974224320631e-01 9.999999999609692214e-01 9.999999999996153077e-01 9.999999999999975575e-01 1.000000000000000000e+00 1.000000000000000000e+00 1.000000000000000000e+00 1.000000000000000000e+00 1.000000000000000000e+00 1.000000000000000000e+00 1.000000000000000000e+00 1.000000000000000000e+00 1.000000000000000000e+00 1.000000000000000000e+00 1.000000000000000000e+00 1.000000000000000000e+00 1.000000000000000000e+00 1.000000000000000000e+00 1.000000000000000000e+00 1.000000000000000000e+00 1.000000000000000000e+00 1.000000000000000000e+00 1.000000000000000000e+00 1.000000000000000000e+00 1.000000000000000000e+00 1.000000000000000000e+00 1.000000000000000000e+00 1.000000000000000000e+00 1.000000000000000000e+00 1.000000000000000000e+00 1.000000000000000000e+00 1.000000000000000000e+00 1.000000000000000000e+00 1.000000000000000000e+00 1.000000000000000000e+00 1.000000000000000000e+00 1.000000000000000000e+00 1.000000000000000000e+00 1.000000000000000000e+00 1.000000000000000000e+00 1.000000000000000000e+00 1.000000000000000000e+00 1.000000000000000000e+00 1.000000000000000000e+00 1.000000000000000000e+00 1.000000000000000000e+00 1.000000000000000000e+00 1.000000000000000000e+00 1.000000000000000000e+00 1.000000000000000000e+00
1.479042207387315181e-114 2.160730781059923284e-109 2.388512721144181744e-104 1.997897258496628837e-99 1.264591350401778267e-94 6.057207842389634526e-90 2.195607910926824923e-85 6.023004173841920688e-81 1.250446048817656324e-76 1.964848174144424984e-72 2.336822664944025258e-68 2.103669710788687467e-64 1.433536586667086654e-60 7.395135972149760464e-57 2.888145471826549677e-53 8.540038774911502992e-50 1.912072129937410121e-46 3.241843383187210526e-43 4.162624996947620411e-40 4.048362587090383220e-37 2.982522673241836946e-34 1.664725959842134095e-31 7.040881966826922852e-29 2.256924925899543611e-26 5.484094514929179210e-24 1.010407268322524720e-21 1.411934188813651674e-19 1.496932210800204154e-17 1.204558509209838525e-15 7.360230654793083017e-14 3.416895073669387993e-12 1.205972429817377590e-10 3.238632509748586959e-09 6.624320902799716209e-08 1.033295060833996258e-06 1.231141893095282931e-05 1.122780990051074551e-04 7.859113275227875683e-04 4.237778289568881231e-03 1.769175117288472598e-02 5.758550433383000100e-02 1.475962755578909269e-01 3.021500778784840802e-01 5.041270539046958099e-01 7.050279300624604506e-01 8.571244127544217495e-01 9.447623671098006604e-01 9.831913508819001279e-01 9.960134190707219393e-01 9.992681251264368125e-01 9.998965126565881878e-01 9.999887700976034521e-01 9.999990673303611466e-01 9.999999408370616738e-01 9.999999971381230424e-01 9.999999998945641178e-01 9.999999999970445863e-01 9.999999999999369393e-01 9.999999999999990008e-01 1.000000000000000000e+00 1.000000000000000000e+00 1.000000000000000000e+00 1.000000000000000000e+00 1.000000000000000000e+00 1.000000000000000000e+00 1.000000000000000000e+00 1.000000000000000000e+00 1.000000000000000000e+00 1.000000000000000000e+00 1.000000000000000000e+00 1.000000000000000000e+00 1.000000000000000000e+00 1.000000000000000000e+00 1.000000000000000000e+00 1.000000000000000000e+00 1.000000000000000000e+00 1.000000000000000000e+00 1.000000000000000000e+00 1.000000000000000000e+00 1.000000000000000000e+00 1.000000000000000000e+00 1.000000000000000000e+00 1.000000000000000000e+00 1.000000000000000000e+00 1.000000000000000000e+00 1.000000000000000000e+00 1.000000000000000000e+00 1.000000000000000000e+00 1.000000000000000000e+00 1.000000000000000000e+00 1.000000000000000000e+00 1.000000000000000000e+00 1.000000000000000000e+00 1.000000000000000000e+00 1.000000000000000000e+00 1.000000000000000000e+00 1.000000000000000000e+00 1.000000000000000000e+00 1.000000000000000000e+00 1.000000000000000000e+00
1.111146059423321871e-115 1.552901763978637784e-110 1.650240054599973521e-105 1.333496742519560342e-100 8.193901002502302729e-96 3.828745773750228702e-91 1.360515754494445408e-86 3.676606348415157232e-82 7.556205037069552305e-78 1.181112572979639766e-73 1.404200952717835059e-69 1.269810232422771786e-65 8.734601088061507391e-62 4.570537721146569090e-58 1.819446173088867347e-54 5.510478508594548721e-51 1.269846558448159687e-47 2.226702790429682074e-44 2.971417644992828518e-41 3.017878083231033346e-38 2.333070367015844934e-35 1.373093571666382013e-32 6.152959466120354019e-30 2.099683683025053468e-27 5.457506892868296951e-25 1.080693282483640157e-22 1.630761455524189023e-20 1.875808292612872771e-18 1.645314150821212090e-16 1.100908548476266647e-14 5.622240378680098572e-13 2.192703978221803953e-11 6.535435235815910996e-10 1.489962423350573693e-08 2.601104328520582844e-07 3.481938840317395035e-06 3.580407569600971366e-05 2.834588723969056335e-04 1.733072139393243907e-03 8.216714106819778679e-03 3.038032211141331040e-02 8.829615971640536465e-02 2.040021605233988955e-01 3.807546425446420857e-01 5.872247886314522214e-01 7.716594888638541594e-01 8.976428686760996589e-01 9.634451809298392178e-01 9.897224194225364702e-01 9.977440983452205980e-01 9.996157244812768905e-01 9.999494196064441232e-01 9.999948719394535779e-01 9.999996005035225455e-01 9.999999761294313672e-01 9.999999989076040485e-01 9.999999999617552593e-01 9.999999999989765964e-01 9.999999999999791278e-01 9.999999999999996669e-01 1.000000000000000000e+00 1.000000000000000000e+00 1.000000000000000000e+00 1.000000000000000000e+00 1.000000000000000000e+00 1.000000000000000000e+00 1.000000000000000000e+00 1.000000000000000000e+00 1.000000000000000000e+00 1.000000000000000000e+00 1.000000000000000000e+00 1.000000000000000000e+00 1.000000000000000000e+00 1.000000000000000000e+00 1.000000000000000000e+00 1.000000000000000000e+00 1.000000000000000000e+00 1.000000000000000000e+00 1.000000000000000000e+00 1.000000000000000000e+00 1.000000000000000000e+00 1.000000000000000000e+00 1.000000000000000000e+00 1.000000000000000000e+00 1.000000000000000000e+00 1.000000000000000000e+00 1.000000000000000000e+00 1.000000000000000000e+00 1.000000000000000000e+00 1.000000000000000000e+00 1.000000000000000000e+00 1.000000000000000000e+00 1.000000000000000000e+00 1.000000000000000000e+00 1.000000000000000000e+00 1.000000000000000000e+00 1.000000000000000000e+00 1.000000000000000000e+00 1.000000000000000000e+00 1.000000000000000000e+00
