1.548202431999999851e-01
1.845332524000000141e-01
2.341402720000000104e-01
3.169228939999999550e-01
4.849848780000000081e-01
7.638675099999999718e-01
1.185306882000000117e+00
1.760791578000000079e+00
2.476687180000000321e+00
3.299282700000000013e+00
4.188276700000000297e+00
5.104892919999999279e+00
6.025144220000000495e+00
6.920013319999999801e+00
7.782619480000001033e+00
8.594257820000001047e+00
9.355978560000000499e+00
1.006048960000000037e+01
1.071177859999999882e+01
1.130583288000000053e+01
1.184576261999999858e+01
1.234059957999999924e+01
1.278373520000000063e+01
1.317782806000000129e+01
1.353675639999999802e+01
1.386178073999999860e+01
1.415092330000000054e+01
1.442047213999999933e+01
1.466540385999999963e+01
1.489180522000000018e+01
1.510040204000000053e+01
