2.300000000000000001e-40 4.119999999999999937e-39 7.060000000000000431e-38 1.149999999999999982e-36 1.800000000000000094e-35 2.669999999999999886e-34 3.779999999999999979e-33 5.099999999999999943e-32 6.569999999999999882e-31 8.069999999999999832e-30 9.450000000000000507e-29 1.059999999999999976e-27 1.129999999999999957e-26 1.139999999999999986e-25 1.109999999999999980e-24 1.029999999999999949e-23 9.039999999999999678e-23 7.610000000000000156e-22 6.100000000000000132e-21 4.669999999999999754e-20 3.410000000000000055e-19 2.370000000000000100e-18 1.579999999999999913e-17 9.990000000000000615e-17 6.039999999999999538e-16 3.480000000000000144e-15 1.919999999999999960e-14 1.009999999999999988e-13 5.039999999999999729e-13 2.410000000000000030e-12 1.100000000000000079e-11 4.779999999999999908e-11 1.979999999999999883e-10 7.859999999999999741e-10 2.969999999999999877e-09 1.069999999999999986e-08 3.700000000000000044e-08 1.220000000000000072e-07 3.829999999999999753e-07 1.150000000000000001e-06 3.289999999999999841e-06 9.000000000000000228e-06 2.351429999999999948e-05 5.872670000000000136e-05 1.401600000000000133e-04 3.197329999999999964e-04 6.973250000000000498e-04 1.454402999999999946e-03 2.901832999999999930e-03 5.540551000000000330e-03 1.012753800000000017e-02 1.773081899999999836e-02 2.974831400000000139e-02 4.786031400000000102e-02 7.388937800000000555e-02 1.095583450000000014e-01 1.561665590000000103e-01 2.142395830000000112e-01 2.832360050000000129e-01 3.614021880000000131e-01 4.458428249999999982e-01 5.328238250000000287e-01 6.182591699999999690e-01 6.982777919999999527e-01 7.697413810000000023e-01 8.305995400000000251e-01 8.800184250000000485e-01 9.182839050000000114e-01 9.465366969999999824e-01 9.664276419999999757e-01 9.797809610000000058e-01 9.883289229999999703e-01 9.935465780000000136e-01 9.965834550000000069e-01 9.982689139999999517e-01 9.991608800000000290e-01 9.996109869999999509e-01 9.998275690000000271e-01 9.999269419999999853e-01 9.999704179999999720e-01 9.999885549999999457e-01 9.999957699999999505e-01 9.999985070000000364e-01 9.999994970000000150e-01 9.999998380000000298e-01 9.999999499999999708e-01 9.999999849999999801e-01 9.999999960000000021e-01 9.999999990000000283e-01 1.000000000000000000e+00 1.000000000000000000e+00 1.000000000000000000e+00 1.000000000000000000e+00 1.000000000000000000e+00 1.000000000000000000e+00 1.000000000000000000e+00 1.000000000000000000e+00 1.000000000000000000e+00 1.000000000000000000e+00 1.000000000000000000e+00
2.809999999999999875e-40 4.999999999999999810e-39 8.490000000000000256e-38 1.369999999999999943e-36 2.119999999999999915e-35 3.119999999999999843e-34 4.380000000000000149e-33 5.869999999999999911e-32 7.499999999999999749e-31 9.140000000000000481e-30 1.059999999999999976e-28 1.180000000000000031e-27 1.250000000000000048e-26 1.260000000000000106e-25 1.210000000000000064e-24 1.110000000000000016e-23 9.760000000000000578e-23 8.160000000000000171e-22 6.499999999999999869e-21 4.950000000000000022e-20 3.589999999999999772e-19 2.489999999999999847e-18 1.639999999999999902e-17 1.040000000000000013e-16 6.239999999999999830e-16 3.579999999999999797e-15 1.959999999999999979e-14 1.019999999999999945e-13 5.110000000000000440e-13 2.429999999999999945e-12 1.110000000000000077e-11 4.800000000000000227e-11 1.990000000000000107e-10 7.849999999999999775e-10 2.960000000000000118e-09 1.069999999999999986e-08 3.669999999999999776e-08 1.199999999999999893e-07 3.770000000000000009e-07 1.129999999999999981e-06 3.229999999999999991e-06 8.830000000000000162e-06 2.306550000000000134e-05 5.754900000000000076e-05 1.372400000000000074e-04 3.128830000000000196e-04 6.820980000000000142e-04 1.422307000000000042e-03 2.837632000000000088e-03 5.418614000000000416e-03 9.907525999999999833e-03 1.735355300000000073e-02 2.913329599999999950e-02 4.690687200000000223e-02 7.248341299999999654e-02 1.075858219999999976e-01 1.535331510000000066e-01 2.108935229999999994e-01 2.791890229999999806e-01 3.567423989999999878e-01 4.407343899999999759e-01 5.274912109999999599e-01 6.129581149999999701e-01 6.932591049999999866e-01 7.652159950000000377e-01 8.267127779999999815e-01 8.768385260000000070e-01 9.158055920000000016e-01 9.446966089999999650e-01 9.651260329999999943e-01 9.789037560000000138e-01 9.877656519999999940e-01 9.932019539999999980e-01 9.963825469999999518e-01 9.981573070000000492e-01 9.991018000000000399e-01 9.995811850000000387e-01 9.998132429999999626e-01 9.999203789999999703e-01 9.999675529999999535e-01 9.999873630000000180e-01 9.999952970000000052e-01 9.999983279999999919e-01 9.999994319999999659e-01 9.999998159999999858e-01 9.999999429999999467e-01 9.999999830000000367e-01 9.999999950000000304e-01 9.999999990000000283e-01 1.000000000000000000e+00 1.000000000000000000e+00 1.000000000000000000e+00 1.000000000000000000e+00 1.000000000000000000e+00 1.000000000000000000e+00 1.000000000000000000e+00 1.000000000000000000e+00 1.000000000000000000e+00 1.000000000000000000e+00 1.000000000000000000e+00
1.170000000000000023e-40 2.120000000000000078e-39 3.660000000000000247e-38 6.029999999999999755e-37 9.479999999999999535e-36 1.420000000000000030e-34 2.030000000000000052e-33 2.769999999999999806e-32 3.590000000000000194e-31 4.449999999999999670e-30 5.269999999999999598e-29 5.939999999999999934e-28 6.390000000000000275e-27 6.549999999999999822e-26 6.410000000000000218e-25 5.990000000000000305e-24 5.329999999999999970e-23 4.529999999999999884e-22 3.669999999999999809e-21 2.830000000000000060e-20 2.090000000000000049e-19 1.470000000000000074e-18 9.859999999999999920e-18 6.310000000000000475e-17 3.849999999999999944e-16 2.249999999999999879e-15 1.250000000000000038e-14 6.619999999999999812e-14 3.349999999999999862e-13 1.619999999999999963e-12 7.459999999999999313e-12 3.279999999999999918e-11 1.379999999999999887e-10 5.519999999999999550e-10 2.109999999999999952e-09 7.709999999999999225e-09 2.689999999999999934e-08 8.940000000000000644e-08 2.840000000000000020e-07 8.609999999999999939e-07 2.500000000000000205e-06 6.909999999999999910e-06 1.825779999999999992e-05 4.612110000000000130e-05 1.113389999999999991e-04 2.569100000000000051e-04 5.667639999999999831e-04 1.195712000000000034e-03 2.413150000000000191e-03 4.660413999999999876e-03 8.616238000000000022e-03 1.525665900000000054e-02 2.588658300000000120e-02 4.211367600000000266e-02 6.573626899999999995e-02 9.852999799999999364e-02 1.419440730000000039e-01 1.967524489999999959e-01 2.627366600000000108e-01 3.384914179999999884e-01 4.214300100000000215e-01 5.080225090000000110e-01 5.942371039999999605e-01 6.760945520000000153e-01 7.502106410000000114e-01 8.142052840000000291e-01 8.668981150000000246e-01 9.082729370000000024e-01 9.392540750000000216e-01 9.613766190000000433e-01 9.764409269999999585e-01 9.862231930000000535e-01 9.922808659999999836e-01 9.958581050000000490e-01 9.978725990000000268e-01 9.989544299999999488e-01 9.995084530000000189e-01 9.997790170000000476e-01 9.999050229999999484e-01 9.999609839999999972e-01 9.999846839999999570e-01 9.999942550000000541e-01 9.999979420000000285e-01 9.999992960000000375e-01 9.999997699999999545e-01 9.999999280000000379e-01 9.999999790000000388e-01 9.999999939999999476e-01 9.999999979999999455e-01 1.000000000000000000e+00 1.000000000000000000e+00 1.000000000000000000e+00 1.000000000000000000e+00 1.000000000000000000e+00 1.000000000000000000e+00 1.000000000000000000e+00 1.000000000000000000e+00 1.000000000000000000e+00 1.000000000000000000e+00 1.000000000000000000e+00
2.309999999999999910e-41 4.300000000000000267e-40 7.650000000000000152e-39 1.299999999999999898e-37 2.099999999999999910e-36 3.240000000000000223e-35 4.759999999999999733e-34 6.669999999999999682e-33 8.920000000000000253e-32 1.139999999999999990e-30 1.380000000000000115e-29 1.610000000000000078e-28 1.780000000000000126e-27 1.880000000000000130e-26 1.889999999999999929e-25 1.810000000000000018e-24 1.659999999999999855e-23 1.450000000000000082e-22 1.210000000000000033e-21 9.579999999999999953e-21 7.260000000000000273e-20 5.239999999999999658e-19 3.619999999999999997e-18 2.379999999999999970e-17 1.490000000000000053e-16 8.929999999999999167e-16 5.100000000000000041e-15 2.779999999999999893e-14 1.439999999999999923e-13 7.149999999999999826e-13 3.380000000000000138e-12 1.530000000000000145e-11 6.579999999999999508e-11 2.699999999999999982e-10 1.060000000000000062e-09 3.970000000000000146e-09 1.419999999999999977e-08 4.849999999999999754e-08 1.580000000000000119e-07 4.910000000000000424e-07 1.459999999999999997e-06 4.140000000000000173e-06 1.120190000000000027e-05 2.898879999999999933e-05 7.167690000000000487e-05 1.693649999999999886e-04 3.825270000000000189e-04 8.260369999999999518e-04 1.705928000000000002e-03 3.370432999999999936e-03 6.372850000000000216e-03 1.153687299999999957e-02 2.000595200000000046e-02 3.324983499999999842e-02 5.299796100000000315e-02 8.107607499999999745e-02 1.191424559999999938e-01 1.683517390000000002e-01 2.290092149999999882e-01 3.003033119999999889e-01 3.802047920000000136e-01 4.655910759999999926e-01 5.525979359999999563e-01 6.371357370000000353e-01 7.154571450000000166e-01 7.846469430000000411e-01 8.429291009999999584e-01 8.897415250000000331e-01 9.255939439999999463e-01 9.517762290000000291e-01 9.700079729999999678e-01 9.821134080000000210e-01 9.897775559999999473e-01 9.944043310000000302e-01 9.970676560000000244e-01 9.985294970000000436e-01 9.992945770000000172e-01 9.996763850000000007e-01 9.998580660000000453e-01 9.999405009999999816e-01 9.999761649999999724e-01 9.999908770000000002e-01 9.999966649999999513e-01 9.999988349999999748e-01 9.999996119999999822e-01 9.999998759999999542e-01 9.999999619999999645e-01 9.999999889999999780e-01 9.999999969999999738e-01 9.999999990000000283e-01 1.000000000000000000e+00 1.000000000000000000e+00 1.000000000000000000e+00 1.000000000000000000e+00 1.000000000000000000e+00 1.000000000000000000e+00 1.000000000000000000e+00 1.000000000000000000e+00 1.000000000000000000e+00 1.000000000000000000e+00
3.360000000000000284e-39 5.350000000000000136e-38 8.130000000000000667e-37 1.179999999999999991e-35 1.640000000000000104e-34 2.180000000000000095e-33 2.769999999999999806e-32 3.359999999999999860e-31 3.909999999999999905e-30 4.339999999999999801e-29 4.599999999999999711e-28 4.670000000000000266e-27 4.539999999999999773e-26 4.210000000000000019e-25 3.739999999999999696e-24 3.170000000000000208e-23 2.569999999999999967e-22 1.999999999999999815e-21 1.480000000000000081e-20 1.049999999999999950e-19 7.140000000000000141e-19 4.639999999999999962e-18 2.880000000000000083e-17 1.709999999999999930e-16 9.699999999999999847e-16 5.270000000000000043e-15 2.739999999999999874e-14 1.360000000000000011e-13 6.469999999999999694e-13 2.939999999999999993e-12 1.280000000000000039e-11 5.329999999999999947e-11 2.119999999999999917e-10 8.080000000000000015e-10 2.949999999999999946e-09 1.029999999999999959e-08 3.430000000000000274e-08 1.100000000000000056e-07 3.350000000000000219e-07 9.820000000000000847e-07 2.749999999999999928e-06 7.379999999999999645e-06 1.897619999999999968e-05 4.670939999999999700e-05 1.101370000000000062e-04 2.488160000000000111e-04 5.386850000000000102e-04 1.117909999999999954e-03 2.224405000000000045e-03 4.245132000000000419e-03 7.773083000000000076e-03 1.366144499999999949e-02 2.305701900000000151e-02 3.738910299999999992e-02 5.828940900000000036e-02 8.742697900000000188e-02 1.262609299999999934e-01 1.757406709999999872e-01 2.360106409999999932e-01 3.061937009999999848e-01 3.843243490000000095e-01 4.674755279999999735e-01 5.520760949999999889e-01 6.343640010000000107e-01 7.108807689999999679e-01 7.789005249999999547e-01 8.367063129999999793e-01 8.836703399999999986e-01 9.201471650000000446e-01 9.472320069999999870e-01 9.664581920000000492e-01 9.795053910000000030e-01 9.879698399999999880e-01 9.932195740000000495e-01 9.963322420000000346e-01 9.980965929999999764e-01 9.990526730000000022e-01 9.995479630000000393e-01 9.997932529999999929e-01 9.999093869999999828e-01 9.999619509999999600e-01 9.999846959999999507e-01 9.999941049999999665e-01 9.999978250000000068e-01 9.999992319999999602e-01 9.999997400000000258e-01 9.999999160000000442e-01 9.999999739999999582e-01 9.999999920000000042e-01 9.999999979999999455e-01 9.999999990000000283e-01 1.000000000000000000e+00 1.000000000000000000e+00 1.000000000000000000e+00 1.000000000000000000e+00 1.000000000000000000e+00 1.000000000000000000e+00 1.000000000000000000e+00 1.000000000000000000e+00 1.000000000000000000e+00
1.510000000000000007e-40 2.560000000000000015e-39 4.159999999999999967e-38 6.460000000000000140e-37 9.590000000000000266e-36 1.360000000000000107e-34 1.840000000000000089e-33 2.379999999999999901e-32 2.950000000000000158e-31 3.479999999999999729e-30 3.930000000000000047e-29 4.249999999999999626e-28 4.379999999999999939e-27 4.319999999999999822e-26 4.069999999999999956e-25 3.659999999999999923e-24 3.150000000000000118e-23 2.589999999999999823e-22 2.040000000000000090e-21 1.529999999999999936e-20 1.099999999999999925e-19 7.529999999999999607e-19 4.939999999999999907e-18 3.099999999999999837e-17 1.859999999999999902e-16 1.060000000000000067e-15 5.819999999999999908e-15 3.050000000000000257e-14 1.530000000000000044e-13 7.300000000000000196e-13 3.339999999999999905e-12 1.459999999999999999e-11 6.099999999999999615e-11 2.439999999999999846e-10 9.329999999999999835e-10 3.410000000000000012e-09 1.190000000000000068e-08 3.989999999999999994e-08 1.280000000000000080e-07 3.909999999999999940e-07 1.150000000000000001e-06 3.210000000000000183e-06 8.610000000000000574e-06 2.210870000000000061e-05 5.432809999999999912e-05 1.278200000000000061e-04 2.879870000000000194e-04 6.215030000000000294e-04 1.285047000000000099e-03 2.546395999999999816e-03 4.837326999999999773e-03 8.812901999999999195e-03 1.540463899999999949e-02 2.584731200000000076e-02 4.165380500000000208e-02 6.451355999999999757e-02 9.610140300000000191e-02 1.378056990000000037e-01 1.904139890000000057e-01 2.538214220000000187e-01 3.268409230000000054e-01 4.071843359999999801e-01 4.916488840000000082e-01 5.764909889999999537e-01 6.579166300000000023e-01 7.325827719999999932e-01 7.980010309999999718e-01 8.527639949999999969e-01 8.965653500000000387e-01 9.300388179999999894e-01 9.544802310000000123e-01 9.715317989999999737e-01 9.828979789999999772e-01 9.901369500000000157e-01 9.945420019999999806e-01 9.971031639999999863e-01 9.985259340000000039e-01 9.992811029999999484e-01 9.996640719999999591e-01 9.998496359999999861e-01 9.999355450000000367e-01 9.999735459999999909e-01 9.999896059999999753e-01 9.999960909999999759e-01 9.999985930000000467e-01 9.999995149999999500e-01 9.999998399999999732e-01 9.999999499999999708e-01 9.999999849999999801e-01 9.999999960000000021e-01 9.999999990000000283e-01 1.000000000000000000e+00 1.000000000000000000e+00 1.000000000000000000e+00 1.000000000000000000e+00 1.000000000000000000e+00 1.000000000000000000e+00 1.000000000000000000e+00 1.000000000000000000e+00 1.000000000000000000e+00
5.780000000000000189e-42 1.109999999999999954e-40 2.040000000000000149e-39 3.559999999999999781e-38 5.939999999999999596e-37 9.429999999999999688e-36 1.430000000000000053e-34 2.059999999999999992e-33 2.839999999999999803e-32 3.730000000000000188e-31 4.659999999999999968e-30 5.560000000000000463e-29 6.329999999999999799e-28 6.859999999999999518e-27 7.100000000000000560e-26 7.000000000000000384e-25 6.579999999999999737e-24 5.899999999999999605e-23 5.040000000000000189e-22 4.109999999999999821e-21 3.189999999999999974e-20 2.370000000000000197e-19 1.669999999999999973e-18 1.129999999999999996e-17 7.240000000000000302e-17 4.440000000000000164e-16 2.600000000000000044e-15 1.450000000000000132e-14 7.700000000000000007e-14 3.900000000000000043e-13 1.889999999999999823e-12 8.720000000000000002e-12 3.839999999999999794e-11 1.610000000000000127e-10 6.460000000000000440e-10 2.469999999999999949e-09 9.020000000000000698e-09 3.140000000000000324e-08 1.040000000000000048e-07 3.309999999999999861e-07 9.999999999999999547e-07 2.900000000000000186e-06 7.999999999999999638e-06 2.108770000000000140e-05 5.309509999999999924e-05 1.277109999999999975e-04 2.935260000000000083e-04 6.447789999999999468e-04 1.354071000000000094e-03 2.719398999999999948e-03 5.224689000000000243e-03 9.606837000000000015e-03 1.691359699999999897e-02 2.852731799999999943e-02 4.612384800000000201e-02 7.153894600000000603e-02 1.065307159999999975e-01 1.524557490000000015e-01 2.099127030000000060e-01 2.784371239999999803e-01 3.563407860000000205e-01 4.407675489999999807e-01 5.279867729999999648e-01 6.138790499999999817e-01 6.945107499999999545e-01 7.666658969999999851e-01 8.282173840000000009e-01 8.782691569999999670e-01 9.170672140000000194e-01 9.457360449999999696e-01 9.659299049999999776e-01 9.794892269999999623e-01 9.881681469999999967e-01 9.934635889999999803e-01 9.965435670000000190e-01 9.982512270000000187e-01 9.991537600000000019e-01 9.996084689999999995e-01 9.998268479999999903e-01 9.999268239999999919e-01 9.999704550000000358e-01 9.999886049999999749e-01 9.999958030000000164e-01 9.999985239999999997e-01 9.999995040000000390e-01 9.999998409999999449e-01 9.999999510000000535e-01 9.999999859999999519e-01 9.999999960000000021e-01 9.999999990000000283e-01 1.000000000000000000e+00 1.000000000000000000e+00 1.000000000000000000e+00 1.000000000000000000e+00 1.000000000000000000e+00 1.000000000000000000e+00 1.000000000000000000e+00 1.000000000000000000e+00 1.000000000000000000e+00 1.000000000000000000e+00
2.300000000000000082e-39 3.799999999999999960e-38 5.999999999999999980e-37 9.040000000000000616e-36 1.299999999999999970e-34 1.789999999999999847e-33 2.350000000000000097e-32 2.939999999999999877e-31 3.529999999999999734e-30 4.030000000000000056e-29 4.409999999999999639e-28 4.599999999999999890e-27 4.590000000000000205e-26 4.369999999999999566e-25 3.970000000000000147e-24 3.449999999999999709e-23 2.870000000000000147e-22 2.269999999999999976e-21 1.719999999999999924e-20 1.250000000000000089e-19 8.609999999999999830e-19 5.689999999999999768e-18 3.590000000000000157e-17 2.160000000000000093e-16 1.249999999999999999e-15 6.849999999999999684e-15 3.599999999999999806e-14 1.810000000000000113e-13 8.690000000000000332e-13 3.989999999999999760e-12 1.750000000000000096e-11 7.329999999999999503e-11 2.930000000000000222e-10 1.120000000000000061e-09 4.110000000000000076e-09 1.439999999999999990e-08 4.810000000000000058e-08 1.540000000000000026e-07 4.699999999999999999e-07 1.370000000000000012e-06 3.839999999999999657e-06 1.028040000000000071e-05 2.630809999999999974e-05 6.441890000000000084e-05 1.509589999999999890e-04 3.386250000000000046e-04 7.272640000000000354e-04 1.495872000000000087e-03 2.947514999999999944e-03 5.565765000000000295e-03 1.007558400000000028e-02 1.749387999999999985e-02 2.914711199999999933e-02 4.662890199999999985e-02 7.167400799999999739e-02 1.059395340000000019e-01 1.507097950000000075e-01 2.065722030000000098e-01 2.731374469999999777e-01 3.488858240000000110e-01 4.312042600000000059e-01 5.166359289999999937e-01 6.013077079999999963e-01 6.814490279999999567e-01 7.538880030000000287e-01 8.164176600000000450e-01 8.679639850000000489e-01 9.085435330000000143e-01 9.390515830000000230e-01 9.609553769999999995e-01 9.759737120000000488e-01 9.858075170000000220e-01 9.919567169999999878e-01 9.956288030000000067e-01 9.977229340000000057e-01 9.988634250000000270e-01 9.994565899999999781e-01 9.997512060000000034e-01 9.998909499999999451e-01 9.999542500000000445e-01 9.999816329999999809e-01 9.999929450000000219e-01 9.999974069999999493e-01 9.999990890000000077e-01 9.999996939999999945e-01 9.999999019999999961e-01 9.999999699999999603e-01 9.999999910000000325e-01 9.999999979999999455e-01 9.999999990000000283e-01 1.000000000000000000e+00 1.000000000000000000e+00 1.000000000000000000e+00 1.000000000000000000e+00 1.000000000000000000e+00 1.000000000000000000e+00 1.000000000000000000e+00 1.000000000000000000e+00 1.000000000000000000e+00 1.000000000000000000e+00
5.009999999999999701e-44 1.200000000000000013e-42 2.709999999999999861e-41 5.840000000000000207e-40 1.189999999999999908e-38 2.310000000000000168e-37 4.239999999999999964e-36 7.399999999999999764e-35 1.219999999999999959e-33 1.919999999999999998e-32 2.870000000000000099e-31 4.059999999999999918e-30 5.440000000000000453e-29 6.939999999999999794e-28 8.390000000000000352e-27 9.630000000000000285e-26 1.049999999999999966e-24 1.080000000000000028e-23 1.060000000000000084e-22 9.919999999999999655e-22 8.769999999999999845e-21 7.359999999999999982e-20 5.860000000000000019e-19 4.430000000000000309e-18 3.180000000000000027e-17 2.170000000000000009e-16 1.400000000000000069e-15 8.630000000000000209e-15 5.029999999999999772e-14 2.790000000000000229e-13 1.469999999999999997e-12 7.320000000000000313e-12 3.470000000000000037e-11 1.560000000000000041e-10 6.689999999999999645e-10 2.720000000000000120e-09 1.049999999999999972e-08 3.850000000000000064e-08 1.340000000000000088e-07 4.440000000000000053e-07 1.399999999999999937e-06 4.169999999999999885e-06 1.186570000000000059e-05 3.207500000000000037e-05 8.245700000000000013e-05 2.016400000000000007e-04 4.691690000000000205e-04 1.038992000000000084e-03 2.190656999999999934e-03 4.399316999999999811e-03 8.418593000000000257e-03 1.535898399999999914e-02 2.673099199999999856e-02 4.441203600000000196e-02 7.049736299999999345e-02 1.070149930000000027e-01 1.555245120000000036e-01 2.166707250000000085e-01 2.898066069999999939e-01 3.728126840000000053e-01 4.622065619999999875e-01 5.535598560000000168e-01 6.421446539999999814e-01 7.236550000000000482e-01 7.948229999999999462e-01 8.537854080000000234e-01 9.001390630000000170e-01 9.347179469999999935e-01 9.591948230000000297e-01 9.756354689999999774e-01 9.861139759999999477e-01 9.924511759999999905e-01 9.960879179999999611e-01 9.980682800000000299e-01 9.990915559999999918e-01 9.995932720000000327e-01 9.998266919999999613e-01 9.999297390000000396e-01 9.999729059999999947e-01 9.999900640000000118e-01 9.999965360000000469e-01 9.999988520000000491e-01 9.999996380000000240e-01 9.999998919999999458e-01 9.999999689999999886e-01 9.999999920000000042e-01 9.999999979999999455e-01 9.999999990000000283e-01 1.000000000000000000e+00 1.000000000000000000e+00 1.000000000000000000e+00 1.000000000000000000e+00 1.000000000000000000e+00 1.000000000000000000e+00 1.000000000000000000e+00 1.000000000000000000e+00 1.000000000000000000e+00 1.000000000000000000e+00 1.000000000000000000e+00 1.000000000000000000e+00
5.879999999999999831e-49 2.040000000000000045e-47 6.679999999999999975e-46 2.060000000000000020e-44 6.000000000000000066e-43 1.650000000000000118e-41 4.259999999999999813e-40 1.039999999999999992e-38 2.390000000000000123e-37 5.189999999999999724e-36 1.060000000000000064e-34 2.050000000000000012e-33 3.739999999999999922e-32 6.420000000000000045e-31 1.039999999999999947e-29 1.589999999999999964e-28 2.290000000000000045e-27 3.109999999999999804e-26 3.980000000000000211e-25 4.820000000000000312e-24 5.489999999999999517e-23 5.909999999999999768e-22 5.989999999999999941e-21 5.740000000000000368e-20 5.179999999999999593e-19 4.409999999999999645e-18 3.549999999999999753e-17 2.689999999999999830e-16 1.920000000000000039e-15 1.299999999999999983e-14 8.270000000000000355e-14 4.970000000000000027e-13 2.820000000000000101e-12 1.510000000000000149e-11 7.629999999999999760e-11 3.639999999999999838e-10 1.639999999999999920e-09 6.969999999999999712e-09 2.799999999999999926e-08 1.059999999999999963e-07 3.789999999999999924e-07 1.280000000000000027e-06 4.099999999999999709e-06 1.236659999999999947e-05 3.528100000000000322e-05 9.515429999999999798e-05 2.426809999999999894e-04 5.854610000000000109e-04 1.336518999999999988e-03 2.888344000000000154e-03 5.911943000000000233e-03 1.146737999999999924e-02 2.109292800000000037e-02 3.681993800000000344e-02 6.105146499999999921e-02 9.625850900000000598e-02 1.444969010000000109e-01 2.068231180000000002e-01 2.827618949999999853e-01 3.700131050000000088e-01 4.645485010000000026e-01 5.611386050000000125e-01 6.542035280000000341e-01 7.387615079999999557e-01 8.112114889999999523e-01 8.697493640000000248e-01 9.143509669999999590e-01 9.463973199999999864e-01 9.681103869999999612e-01 9.819836240000000549e-01 9.903425070000000385e-01 9.950918340000000084e-01 9.976364899999999869e-01 9.989221860000000452e-01 9.995347620000000211e-01 9.998099900000000373e-01 9.999265999999999988e-01 9.999731899999999563e-01 9.999907430000000153e-01 9.999969789999999525e-01 9.999990690000000182e-01 9.999997290000000039e-01 9.999999250000000117e-01 9.999999809999999822e-01 9.999999950000000304e-01 9.999999990000000283e-01 1.000000000000000000e+00 1.000000000000000000e+00 1.000000000000000000e+00 1.000000000000000000e+00 1.000000000000000000e+00 1.000000000000000000e+00 1.000000000000000000e+00 1.000000000000000000e+00 1.000000000000000000e+00 1.000000000000000000e+00 1.000000000000000000e+00 1.000000000000000000e+00 1.000000000000000000e+00 1.000000000000000000e+00
7.909999999999999600e-53 3.840000000000000267e-51 1.750000000000000031e-49 7.460000000000000562e-48 2.980000000000000142e-46 1.120000000000000057e-44 3.920000000000000224e-43 1.289999999999999907e-41 3.969999999999999988e-40 1.150000000000000008e-38 3.099999999999999934e-37 7.859999999999999690e-36 1.869999999999999987e-34 4.159999999999999904e-33 8.679999999999999637e-32 1.700000000000000142e-30 3.109999999999999979e-29 5.350000000000000278e-28 8.610000000000000303e-27 1.299999999999999993e-25 1.839999999999999933e-24 2.440000000000000144e-23 3.029999999999999929e-22 3.520000000000000096e-21 3.850000000000000218e-20 3.939999999999999835e-19 3.779999999999999916e-18 3.399999999999999781e-17 2.869999999999999797e-16 2.269999999999999810e-15 1.679999999999999847e-14 1.170000000000000063e-13 7.619999999999999843e-13 4.659999999999999935e-12 2.669999999999999892e-11 1.439999999999999939e-10 7.249999999999999779e-10 3.429999999999999943e-09 1.530000000000000135e-08 6.360000000000000040e-08 2.490000000000000194e-07 9.139999999999999523e-07 3.149999999999999910e-06 1.020440000000000008e-05 3.104310000000000099e-05 8.873309999999999921e-05 2.383899999999999995e-04 6.021909999999999676e-04 1.430887999999999952e-03 3.199767999999999970e-03 6.737873000000000126e-03 1.336939900000000056e-02 2.501675899999999952e-02 4.418637100000000206e-02 7.375092499999999496e-02 1.164778900000000006e-01 1.743415349999999919e-01 2.477731159999999877e-01 3.350971030000000073e-01 4.324072190000000093e-01 5.340218599999999594e-01 6.334543919999999773e-01 7.246291470000000290e-01 8.029711210000000099e-01 8.660505939999999514e-01 9.136449049999999517e-01 9.472956890000000518e-01 9.695907219999999604e-01 9.834325499999999609e-01 9.914854199999999507e-01 9.958755689999999605e-01 9.981183089999999813e-01 9.991919230000000374e-01 9.996735239999999800e-01 9.998759630000000342e-01 9.999557019999999463e-01 9.999851339999999977e-01 9.999953129999999968e-01 9.999986119999999534e-01 9.999996140000000366e-01 9.999998989999999699e-01 9.999999750000000409e-01 9.999999939999999476e-01 9.999999990000000283e-01 1.000000000000000000e+00 1.000000000000000000e+00 1.000000000000000000e+00 1.000000000000000000e+00 1.000000000000000000e+00 1.000000000000000000e+00 1.000000000000000000e+00 1.000000000000000000e+00 1.000000000000000000e+00 1.000000000000000000e+00 1.000000000000000000e+00 1.000000000000000000e+00 1.000000000000000000e+00 1.000000000000000000e+00 1.000000000000000000e+00 1.000000000000000000e+00
5.200000000000000134e-58 3.869999999999999912e-56 2.680000000000000152e-54 1.730000000000000117e-52 1.029999999999999978e-50 5.759999999999999664e-49 2.980000000000000240e-47 1.429999999999999941e-45 6.410000000000000208e-44 2.670000000000000057e-42 1.030000000000000066e-40 3.710000000000000219e-39 1.239999999999999932e-37 3.859999999999999926e-36 1.119999999999999987e-34 3.000000000000000168e-33 7.510000000000000468e-32 1.750000000000000146e-30 3.779999999999999754e-29 7.600000000000000185e-28 1.419999999999999997e-26 2.479999999999999866e-25 4.010000000000000034e-24 6.029999999999999604e-23 8.440000000000000025e-22 1.099999999999999955e-20 1.330000000000000097e-19 1.499999999999999915e-18 1.570000000000000120e-17 1.539999999999999879e-16 1.389999999999999907e-15 1.179999999999999926e-14 9.249999999999999713e-14 6.760000000000000478e-13 4.599999999999999786e-12 2.919999999999999998e-11 1.720000000000000006e-10 9.440000000000000489e-10 4.830000000000000071e-09 2.300000000000000081e-08 1.020000000000000001e-07 4.210000000000000244e-07 1.619999999999999948e-06 5.810000000000000277e-06 1.943140000000000169e-05 6.059310000000000097e-05 1.762620000000000007e-04 4.785100000000000247e-04 1.212916000000000081e-03 2.872257000000000022e-03 6.358545000000000169e-03 1.316967999999999958e-02 2.554354600000000031e-02 4.644717899999999816e-02 7.928462799999999588e-02 1.272523289999999974e-01 1.924092840000000137e-01 2.747103550000000172e-01 3.713784900000000055e-01 4.769616269999999991e-01 5.841973029999999456e-01 6.854758690000000154e-01 7.744224450000000148e-01 8.470621680000000042e-01 9.022257059999999607e-01 9.411806529999999782e-01 9.667609289999999911e-01 9.823808680000000182e-01 9.912500650000000135e-01 9.959330119999999509e-01 9.982322479999999887e-01 9.992819739999999618e-01 9.997276250000000086e-01 9.999035560000000267e-01 9.999681379999999509e-01 9.999901820000000052e-01 9.999971800000000410e-01 9.999992450000000366e-01 9.999998119999999879e-01 9.999999560000000232e-01 9.999999910000000325e-01 9.999999979999999455e-01 1.000000000000000000e+00 1.000000000000000000e+00 1.000000000000000000e+00 1.000000000000000000e+00 1.000000000000000000e+00 1.000000000000000000e+00 1.000000000000000000e+00 1.000000000000000000e+00 1.000000000000000000e+00 1.000000000000000000e+00 1.000000000000000000e+00 1.000000000000000000e+00 1.000000000000000000e+00 1.000000000000000000e+00 1.000000000000000000e+00 1.000000000000000000e+00 1.000000000000000000e+00 1.000000000000000000e+00
3.230000000000000145e-60 2.850000000000000162e-58 2.329999999999999837e-56 1.759999999999999961e-54 1.240000000000000061e-52 8.070000000000000032e-51 4.870000000000000197e-49 2.730000000000000185e-47 1.419999999999999881e-45 6.809999999999999641e-44 3.039999999999999758e-42 1.260000000000000025e-40 4.829999999999999879e-39 1.720000000000000081e-37 5.659999999999999753e-36 1.730000000000000095e-34 4.909999999999999775e-33 1.289999999999999915e-31 3.149999999999999912e-30 7.119999999999999472e-29 1.489999999999999978e-27 2.909999999999999796e-26 5.239999999999999857e-25 8.770000000000000516e-24 1.360000000000000028e-22 1.959999999999999917e-21 2.620000000000000010e-20 3.240000000000000189e-19 3.720000000000000235e-18 3.970000000000000292e-17 3.929999999999999765e-16 3.600000000000000122e-15 3.069999999999999793e-14 2.419999999999999786e-13 1.780000000000000089e-12 1.210000000000000054e-11 7.640000000000000242e-11 4.480000000000000039e-10 2.439999999999999846e-09 1.229999999999999930e-08 5.790000000000000230e-08 2.530000000000000023e-07 1.019999999999999975e-06 3.850000000000000408e-06 1.349679999999999925e-05 4.394419999999999848e-05 1.330950000000000123e-04 3.751439999999999983e-04 9.845109999999999799e-04 2.407032999999999829e-03 5.486259000000000274e-03 1.166684200000000018e-02 2.317015700000000025e-02 4.302302999999999683e-02 7.479406900000000469e-02 1.219403899999999957e-01 1.868147709999999906e-01 2.695914739999999976e-01 3.675298539999999892e-01 4.749802080000000148e-01 5.842935299999999499e-01 6.874148939999999985e-01 7.776206890000000316e-01 8.507902170000000153e-01 9.058248089999999531e-01 9.442088330000000251e-01 9.690329559999999454e-01 9.839198919999999626e-01 9.921982440000000070e-01 9.964668780000000003e-01 9.985078590000000531e-01 9.994127440000000195e-01 9.997847509999999716e-01 9.999265609999999915e-01 9.999766879999999469e-01 9.999931180000000142e-01 9.999981110000000228e-01 9.999995179999999761e-01 9.999998860000000045e-01 9.999999750000000409e-01 9.999999950000000304e-01 9.999999990000000283e-01 1.000000000000000000e+00 1.000000000000000000e+00 1.000000000000000000e+00 1.000000000000000000e+00 1.000000000000000000e+00 1.000000000000000000e+00 1.000000000000000000e+00 1.000000000000000000e+00 1.000000000000000000e+00 1.000000000000000000e+00 1.000000000000000000e+00 1.000000000000000000e+00 1.000000000000000000e+00 1.000000000000000000e+00 1.000000000000000000e+00 1.000000000000000000e+00 1.000000000000000000e+00 1.000000000000000000e+00
5.210000000000000040e-65 6.669999999999999797e-63 7.880000000000000519e-61 8.569999999999999672e-59 8.580000000000000256e-57 7.910000000000000064e-55 6.729999999999999784e-53 5.260000000000000099e-51 3.799999999999999720e-49 2.519999999999999984e-47 1.539999999999999985e-45 8.700000000000000375e-44 4.519999999999999832e-42 2.160000000000000043e-40 9.529999999999999465e-39 3.870000000000000129e-37 1.450000000000000098e-35 4.989999999999999616e-34 1.589999999999999973e-32 4.639999999999999931e-31 1.249999999999999964e-29 3.110000000000000091e-28 7.110000000000000245e-27 1.499999999999999886e-25 2.920000000000000181e-24 5.230000000000000106e-23 8.630000000000000765e-22 1.310000000000000005e-20 1.839999999999999935e-19 2.380000000000000047e-18 2.840000000000000296e-17 3.119999999999999915e-16 3.160000000000000072e-15 2.950000000000000052e-14 2.539999999999999779e-13 2.019999999999999875e-12 1.479999999999999994e-11 9.970000000000000209e-11 6.210000000000000269e-10 3.569999999999999873e-09 1.900000000000000139e-08 9.279999999999999718e-08 4.200000000000000022e-07 1.749999999999999974e-06 6.749999999999999747e-06 2.405400000000000043e-05 7.920820000000000508e-05 2.411959999999999994e-04 6.795339999999999757e-04 1.772394000000000053e-03 4.282817999999999868e-03 9.596063000000000162e-03 1.995711400000000149e-02 3.857286000000000048e-02 6.938988999999999574e-02 1.163940090000000066e-01 1.824506750000000066e-01 2.679836680000000082e-01 3.700276730000000014e-01 4.821981309999999743e-01 5.958055890000000243e-01 7.018218739999999567e-01 7.929758369999999612e-01 8.651888509999999810e-01 9.178987100000000066e-01 9.533477169999999834e-01 9.753137349999999595e-01 9.878547500000000037e-01 9.944517579999999635e-01 9.976491290000000234e-01 9.990769360000000265e-01 9.996643910000000410e-01 9.998870840000000371e-01 9.999648629999999816e-01 9.999898919999999913e-01 9.999973130000000543e-01 9.999993400000000143e-01 9.999998500000000234e-01 9.999999689999999886e-01 9.999999939999999476e-01 9.999999990000000283e-01 1.000000000000000000e+00 1.000000000000000000e+00 1.000000000000000000e+00 1.000000000000000000e+00 1.000000000000000000e+00 1.000000000000000000e+00 1.000000000000000000e+00 1.000000000000000000e+00 1.000000000000000000e+00 1.000000000000000000e+00 1.000000000000000000e+00 1.000000000000000000e+00 1.000000000000000000e+00 1.000000000000000000e+00 1.000000000000000000e+00 1.000000000000000000e+00 1.000000000000000000e+00 1.000000000000000000e+00 1.000000000000000000e+00
7.320000000000000122e-74 1.920000000000000095e-71 4.589999999999999776e-69 9.980000000000000428e-67 1.969999999999999876e-64 3.540000000000000157e-62 5.779999999999999503e-60 8.590000000000000628e-58 1.159999999999999965e-55 1.429999999999999911e-53 1.590000000000000101e-51 1.619999999999999977e-49 1.490000000000000120e-47 1.260000000000000002e-45 9.600000000000000345e-44 6.679999999999999442e-42 4.220000000000000175e-40 2.429999999999999787e-38 1.270000000000000082e-36 6.039999999999999657e-35 2.619999999999999900e-33 1.030000000000000051e-31 3.690000000000000027e-30 1.200000000000000100e-28 3.560000000000000252e-27 9.610000000000000341e-26 2.359999999999999930e-24 5.270000000000000287e-23 1.070000000000000012e-21 1.980000000000000129e-20 3.329999999999999807e-19 5.099999999999999826e-18 7.099999999999999506e-17 9.010000000000000467e-16 1.040000000000000018e-14 1.090000000000000026e-13 1.049999999999999969e-12 9.130000000000000073e-12 7.249999999999999521e-11 5.240000000000000517e-10 3.460000000000000046e-09 2.080000000000000096e-08 1.140000000000000017e-07 5.670000000000000347e-07 2.579999999999999862e-06 1.072119999999999994e-05 4.064379999999999870e-05 1.407099999999999996e-04 4.451400000000000105e-04 1.287694000000000035e-03 3.409090999999999944e-03 8.268282000000000062e-03 1.839399800000000168e-02 3.758994400000000013e-02 7.069674400000000580e-02 1.226425490000000035e-01 1.967924809999999913e-01 2.930864559999999952e-01 4.068534710000000221e-01 5.291356130000000046e-01 6.487103279999999472e-01 7.550867180000000456e-01 8.411821969999999649e-01 9.045755899999999849e-01 9.470409929999999976e-01 9.729203130000000366e-01 9.872684440000000228e-01 9.945054810000000245e-01 9.978263160000000465e-01 9.992126009999999781e-01 9.997390710000000347e-01 9.999209610000000525e-01 9.999781290000000489e-01 9.999944739999999666e-01 9.999987259999999489e-01 9.999997320000000300e-01 9.999999489999999991e-01 9.999999910000000325e-01 9.999999990000000283e-01 1.000000000000000000e+00 1.000000000000000000e+00 1.000000000000000000e+00 1.000000000000000000e+00 1.000000000000000000e+00 1.000000000000000000e+00 1.000000000000000000e+00 1.000000000000000000e+00 1.000000000000000000e+00 1.000000000000000000e+00 1.000000000000000000e+00 1.000000000000000000e+00 1.000000000000000000e+00 1.000000000000000000e+00 1.000000000000000000e+00 1.000000000000000000e+00 1.000000000000000000e+00 1.000000000000000000e+00 1.000000000000000000e+00 1.000000000000000000e+00 1.000000000000000000e+00
1.929999999999999888e-88 1.570000000000000013e-85 1.140000000000000003e-82 7.390000000000000417e-80 4.270000000000000325e-77 2.200000000000000103e-74 1.009999999999999983e-71 4.129999999999999968e-69 1.509999999999999892e-66 4.909999999999999831e-64 1.430000000000000005e-61 3.699999999999999918e-59 8.560000000000000079e-57 1.759999999999999961e-54 3.250000000000000025e-52 5.329999999999999952e-50 7.800000000000000529e-48 1.019999999999999950e-45 1.189999999999999983e-43 1.230000000000000041e-41 1.139999999999999968e-39 9.449999999999999927e-38 6.980000000000000517e-36 4.590000000000000414e-34 2.699999999999999809e-32 1.410000000000000047e-30 6.619999999999999991e-29 2.760000000000000006e-27 1.029999999999999954e-25 3.419999999999999868e-24 1.020000000000000021e-22 2.689999999999999851e-21 6.360000000000000488e-20 1.339999999999999996e-18 2.529999999999999942e-17 4.260000000000000197e-16 6.399999999999999866e-15 8.590000000000000506e-14 1.030000000000000054e-12 1.100000000000000079e-11 1.059999999999999958e-10 9.049999999999999767e-10 6.920000000000000092e-09 4.740000000000000093e-08 2.899999999999999763e-07 1.590000000000000023e-06 7.789999999999999955e-06 3.423169999999999956e-05 1.348339999999999901e-04 4.764530000000000002e-04 1.511792999999999991e-03 4.312319999999999695e-03 1.107340499999999971e-02 2.564198700000000150e-02 5.366059799999999685e-02 1.017564620000000059e-01 1.754456159999999987e-01 2.762168139999999772e-01 3.992176210000000225e-01 5.332220930000000081e-01 6.635300280000000495e-01 7.766300099999999818e-01 8.642480489999999627e-01 9.248326799999999626e-01 9.622237030000000413e-01 9.828207799999999494e-01 9.929476219999999742e-01 9.973915700000000051e-01 9.991321180000000135e-01 9.997405620000000548e-01 9.999303939999999447e-01 9.999832530000000164e-01 9.999963889999999855e-01 9.999993029999999505e-01 9.999998789999999804e-01 9.999999809999999822e-01 9.999999969999999738e-01 1.000000000000000000e+00 1.000000000000000000e+00 1.000000000000000000e+00 1.000000000000000000e+00 1.000000000000000000e+00 1.000000000000000000e+00 1.000000000000000000e+00 1.000000000000000000e+00 1.000000000000000000e+00 1.000000000000000000e+00 1.000000000000000000e+00 1.000000000000000000e+00 1.000000000000000000e+00 1.000000000000000000e+00 1.000000000000000000e+00 1.000000000000000000e+00 1.000000000000000000e+00 1.000000000000000000e+00 1.000000000000000000e+00 1.000000000000000000e+00 1.000000000000000000e+00 1.000000000000000000e+00 1.000000000000000000e+00
8.229999999999999764e-90 8.240000000000000583e-87 7.320000000000000326e-84 5.770000000000000386e-81 4.029999999999999798e-78 2.499999999999999894e-75 1.380000000000000118e-72 6.720000000000000331e-70 2.910000000000000043e-67 1.120000000000000015e-64 3.809999999999999961e-62 1.149999999999999897e-59 3.090000000000000239e-57 7.360000000000000076e-55 1.560000000000000071e-52 2.909999999999999874e-50 4.849999999999999815e-48 7.149999999999999707e-46 9.360000000000000884e-44 1.090000000000000059e-41 1.119999999999999986e-39 1.030000000000000050e-37 8.330000000000000388e-36 6.009999999999999803e-34 3.839999999999999996e-32 2.179999999999999971e-30 1.099999999999999980e-28 4.910000000000000017e-27 1.949999999999999989e-25 6.879999999999999622e-24 2.150000000000000187e-22 5.980000000000000060e-21 1.480000000000000021e-19 3.240000000000000093e-18 6.300000000000000066e-17 1.089999999999999962e-15 1.670000000000000078e-14 2.279999999999999877e-13 2.770000000000000112e-12 2.980000000000000308e-11 2.859999999999999947e-10 2.439999999999999846e-09 1.850000000000000022e-08 1.249999999999999943e-07 7.479999999999999746e-07 3.999999999999999819e-06 1.904760000000000039e-05 8.091180000000000008e-05 3.066829999999999773e-04 1.038199000000000066e-03 3.142502000000000142e-03 8.516901999999999806e-03 2.070381099999999905e-02 4.523983399999999960e-02 8.909955999999999432e-02 1.587112810000000096e-01 2.568084259999999786e-01 3.795495329999999945e-01 5.159088339999999828e-01 6.504146969999999861e-01 7.682184979999999719e-01 8.598275100000000171e-01 9.230798119999999995e-01 9.618565639999999695e-01 9.829632699999999446e-01 9.931637300000000224e-01 9.975406129999999649e-01 9.992080559999999556e-01 9.997720479999999688e-01 9.999414119999999739e-01 9.999865660000000211e-01 9.999972539999999466e-01 9.999995000000000411e-01 9.999999189999999594e-01 9.999999880000000063e-01 9.999999979999999455e-01 1.000000000000000000e+00 1.000000000000000000e+00 1.000000000000000000e+00 1.000000000000000000e+00 1.000000000000000000e+00 1.000000000000000000e+00 1.000000000000000000e+00 1.000000000000000000e+00 1.000000000000000000e+00 1.000000000000000000e+00 1.000000000000000000e+00 1.000000000000000000e+00 1.000000000000000000e+00 1.000000000000000000e+00 1.000000000000000000e+00 1.000000000000000000e+00 1.000000000000000000e+00 1.000000000000000000e+00 1.000000000000000000e+00 1.000000000000000000e+00 1.000000000000000000e+00 1.000000000000000000e+00 1.000000000000000000e+00 1.000000000000000000e+00
2.079999999999999870e-108 9.240000000000000245e-105 3.539999999999999837e-101 1.169999999999999979e-97 3.360000000000000151e-94 8.289999999999999856e-91 1.770000000000000021e-87 3.270000000000000003e-84 5.210000000000000220e-81 7.179999999999999644e-78 8.559999999999999559e-75 8.800000000000000099e-72 7.829999999999999678e-69 6.010000000000000443e-66 3.990000000000000045e-63 2.289999999999999935e-60 1.140000000000000065e-57 4.869999999999999907e-55 1.799999999999999940e-52 5.779999999999999629e-50 1.599999999999999959e-47 3.820000000000000092e-45 7.900000000000000313e-43 1.410000000000000096e-40 2.179999999999999927e-38 2.910000000000000166e-36 3.359999999999999962e-34 3.359999999999999860e-32 2.899999999999999891e-30 2.160000000000000180e-28 1.400000000000000054e-26 7.789999999999999984e-25 3.759999999999999934e-23 1.570000000000000060e-21 5.670000000000000452e-20 1.769999999999999826e-18 4.789999999999999934e-17 1.120000000000000055e-15 2.270000000000000046e-14 3.980000000000000207e-13 6.050000000000000272e-12 7.960000000000000171e-11 9.069999999999999698e-10 8.960000000000000492e-09 7.679999999999999949e-08 5.710000000000000176e-07 3.679999999999999918e-06 2.065510000000000151e-05 1.006759999999999963e-04 4.271079999999999907e-04 1.579176999999999968e-03 5.097008000000000094e-03 1.439078100000000006e-02 3.563499099999999781e-02 7.765239699999999801e-02 1.495584630000000026e-01 2.560353639999999875e-01 3.924632809999999972e-01 5.437190210000000246e-01 6.888240350000000012e-01 8.092761550000000526e-01 8.957940279999999644e-01 9.495656169999999729e-01 9.784824189999999922e-01 9.919376500000000041e-01 9.973547560000000090e-01 9.992417439999999873e-01 9.998104469999999910e-01 9.999587349999999875e-01 9.999921859999999496e-01 9.999987139999999552e-01 9.999998159999999858e-01 9.999999769999999844e-01 9.999999979999999455e-01 1.000000000000000000e+00 1.000000000000000000e+00 1.000000000000000000e+00 1.000000000000000000e+00 1.000000000000000000e+00 1.000000000000000000e+00 1.000000000000000000e+00 1.000000000000000000e+00 1.000000000000000000e+00 1.000000000000000000e+00 1.000000000000000000e+00 1.000000000000000000e+00 1.000000000000000000e+00 1.000000000000000000e+00 1.000000000000000000e+00 1.000000000000000000e+00 1.000000000000000000e+00 1.000000000000000000e+00 1.000000000000000000e+00 1.000000000000000000e+00 1.000000000000000000e+00 1.000000000000000000e+00 1.000000000000000000e+00 1.000000000000000000e+00 1.000000000000000000e+00 1.000000000000000000e+00
3.059999999999999883e-120 3.679999999999999911e-116 3.760000000000000162e-112 3.250000000000000081e-108 2.389999999999999872e-104 1.489999999999999898e-100 7.849999999999999576e-97 3.520000000000000016e-93 1.340000000000000076e-89 4.309999999999999934e-86 1.179999999999999931e-82 2.729999999999999979e-79 5.369999999999999861e-76 8.959999999999999621e-73 1.270000000000000041e-69 1.519999999999999953e-66 1.549999999999999921e-63 1.340000000000000088e-60 9.820000000000000500e-58 6.100000000000000130e-55 3.219999999999999995e-52 1.439999999999999916e-49 5.469999999999999848e-47 1.759999999999999947e-44 4.819999999999999796e-42 1.119999999999999986e-39 2.200000000000000021e-37 3.679999999999999943e-35 5.219999999999999841e-33 6.279999999999999613e-31 6.419999999999999975e-29 5.569999999999999870e-27 4.099999999999999871e-25 2.570000000000000144e-23 1.359999999999999934e-21 6.140000000000000407e-20 2.349999999999999821e-18 7.660000000000000224e-17 2.120000000000000133e-15 4.979999999999999985e-14 9.959999999999999969e-13 1.690000000000000109e-11 2.449999999999999811e-10 3.010000000000000152e-09 3.149999999999999752e-08 2.809999999999999883e-07 2.139999999999999840e-06 1.387619999999999938e-05 7.688900000000000194e-05 3.642669999999999871e-04 1.477737000000000018e-03 5.143149999999999979e-03 1.539503600000000083e-02 3.975835199999999681e-02 8.895484200000000619e-02 1.733675480000000102e-01 2.964414859999999763e-01 4.489222199999999829e-01 6.094528519999999894e-01 7.530665140000000202e-01 8.622423919999999686e-01 9.327679140000000313e-01 9.714800930000000445e-01 9.895360779999999856e-01 9.966918280000000019e-01 9.991013770000000127e-01 9.997907369999999849e-01 9.999582970000000515e-01 9.999928980000000189e-01 9.999989670000000164e-01 9.999998719999999564e-01 9.999999859999999519e-01 9.999999990000000283e-01 1.000000000000000000e+00 1.000000000000000000e+00 1.000000000000000000e+00 1.000000000000000000e+00 1.000000000000000000e+00 1.000000000000000000e+00 1.000000000000000000e+00 1.000000000000000000e+00 1.000000000000000000e+00 1.000000000000000000e+00 1.000000000000000000e+00 1.000000000000000000e+00 1.000000000000000000e+00 1.000000000000000000e+00 1.000000000000000000e+00 1.000000000000000000e+00 1.000000000000000000e+00 1.000000000000000000e+00 1.000000000000000000e+00 1.000000000000000000e+00 1.000000000000000000e+00 1.000000000000000000e+00 1.000000000000000000e+00 1.000000000000000000e+00 1.000000000000000000e+00 1.000000000000000000e+00 1.000000000000000000e+00
1.019999999999999931e-145 1.010000000000000027e-140 8.170000000000000282e-136 5.379999999999999774e-131 2.890000000000000078e-126 1.270000000000000042e-121 4.529999999999999892e-117 1.320000000000000081e-112 3.159999999999999890e-108 6.140000000000000178e-104 9.749999999999999687e-100 1.259999999999999924e-95 1.339999999999999913e-91 1.150000000000000070e-87 8.129999999999999568e-84 4.680000000000000007e-80 2.199999999999999993e-76 8.409999999999999929e-73 2.629999999999999765e-69 6.720000000000000512e-66 1.400000000000000012e-62 2.389999999999999849e-59 3.320000000000000015e-56 3.759999999999999791e-53 3.490000000000000175e-50 2.640000000000000030e-47 1.629999999999999907e-44 8.219999999999999382e-42 3.389999999999999850e-39 1.139999999999999946e-36 3.130000000000000079e-34 7.040000000000000175e-32 1.290000000000000108e-29 1.939999999999999960e-27 2.370000000000000177e-25 2.370000000000000122e-23 1.940000000000000155e-21 1.300000000000000064e-19 7.109999999999999915e-18 3.179999999999999904e-16 1.170000000000000000e-14 3.489999999999999770e-13 8.569999999999999228e-12 1.720000000000000006e-10 2.840000000000000119e-09 3.829999999999999885e-08 4.239999999999999850e-07 3.860000000000000312e-06 2.891720000000000157e-05 1.782900000000000023e-04 9.069809999999999548e-04 3.815991999999999822e-03 1.332010599999999996e-02 3.873420999999999809e-02 9.435822300000000495e-02 1.940127219999999986e-01 3.401617049999999809e-01 5.156186149999999468e-01 6.880540400000000334e-01 8.267817779999999672e-01 9.181456159999999977e-01 9.674002489999999899e-01 9.891354340000000356e-01 9.969859739999999970e-01 9.993067180000000382e-01 9.998681710000000278e-01 9.999793240000000027e-01 9.999973300000000176e-01 9.999997170000000102e-01 9.999999750000000409e-01 9.999999979999999455e-01 1.000000000000000000e+00 1.000000000000000000e+00 1.000000000000000000e+00 1.000000000000000000e+00 1.000000000000000000e+00 1.000000000000000000e+00 1.000000000000000000e+00 1.000000000000000000e+00 1.000000000000000000e+00 1.000000000000000000e+00 1.000000000000000000e+00 1.000000000000000000e+00 1.000000000000000000e+00 1.000000000000000000e+00 1.000000000000000000e+00 1.000000000000000000e+00 1.000000000000000000e+00 1.000000000000000000e+00 1.000000000000000000e+00 1.000000000000000000e+00 1.000000000000000000e+00 1.000000000000000000e+00 1.000000000000000000e+00 1.000000000000000000e+00 1.000000000000000000e+00 1.000000000000000000e+00 1.000000000000000000e+00 1.000000000000000000e+00 1.000000000000000000e+00
2.909999999999999872e-178 4.469999999999999737e-172 5.309999999999999974e-166 4.899999999999999881e-160 3.500000000000000071e-154 1.940000000000000129e-148 8.360000000000000405e-143 2.790000000000000037e-137 7.210000000000000224e-132 1.449999999999999939e-126 2.250000000000000167e-121 2.720000000000000278e-116 2.540000000000000006e-111 1.840000000000000027e-106 1.039999999999999946e-101 4.540000000000000115e-97 1.540000000000000012e-92 4.039999999999999884e-88 8.229999999999999937e-84 1.299999999999999969e-79 1.599999999999999883e-75 1.520000000000000008e-71 1.120000000000000041e-67 6.420000000000000219e-64 2.850000000000000095e-60 9.830000000000000023e-57 2.630000000000000180e-53 5.459999999999999626e-50 8.800000000000000747e-47 1.099999999999999986e-43 1.069999999999999908e-40 8.059999999999999871e-38 4.719999999999999962e-35 2.140000000000000106e-32 7.559999999999999509e-30 2.070000000000000094e-27 4.410000000000000371e-25 7.300000000000000049e-23 9.379999999999999332e-21 9.369999999999999060e-19 7.279999999999999473e-17 4.399999999999999711e-15 2.070000000000000015e-13 7.589999999999999769e-12 2.170000000000000003e-10 4.820000000000000313e-09 8.359999999999999421e-08 1.129999999999999981e-06 1.204030000000000058e-05 1.001430000000000066e-04 6.543570000000000506e-04 3.369552000000000051e-03 1.373141200000000013e-02 4.453890800000000205e-02 1.159089299999999934e-01 2.447526040000000125e-01 4.260252400000000272e-01 6.247918180000000543e-01 7.946560299999999577e-01 9.077914350000000354e-01 9.665146060000000539e-01 9.902664439999999679e-01 9.977517820000000315e-01 9.995895500000000489e-01 9.999409999999999688e-01 9.999933420000000073e-01 9.999994110000000047e-01 9.999999590000000493e-01 9.999999979999999455e-01 1.000000000000000000e+00 1.000000000000000000e+00 1.000000000000000000e+00 1.000000000000000000e+00 1.000000000000000000e+00 1.000000000000000000e+00 1.000000000000000000e+00 1.000000000000000000e+00 1.000000000000000000e+00 1.000000000000000000e+00 1.000000000000000000e+00 1.000000000000000000e+00 1.000000000000000000e+00 1.000000000000000000e+00 1.000000000000000000e+00 1.000000000000000000e+00 1.000000000000000000e+00 1.000000000000000000e+00 1.000000000000000000e+00 1.000000000000000000e+00 1.000000000000000000e+00 1.000000000000000000e+00 1.000000000000000000e+00 1.000000000000000000e+00 1.000000000000000000e+00 1.000000000000000000e+00 1.000000000000000000e+00 1.000000000000000000e+00 1.000000000000000000e+00 1.000000000000000000e+00 1.000000000000000000e+00
2.819999999999999879e-204 4.160000000000000111e-197 4.550000000000000023e-190 3.699999999999999874e-183 2.230000000000000145e-176 1.000000000000000020e-169 3.329999999999999925e-163 8.240000000000000321e-157 1.510000000000000114e-150 2.060000000000000091e-144 2.079999999999999853e-138 1.569999999999999878e-132 8.749999999999999941e-127 3.619999999999999905e-121 1.119999999999999949e-115 2.550000000000000086e-110 4.329999999999999925e-105 5.459999999999999581e-100 5.120000000000000186e-95 3.560000000000000183e-90 1.839999999999999970e-85 7.060000000000000383e-81 2.009999999999999922e-76 4.270000000000000076e-72 6.719999999999999919e-68 7.850000000000000461e-64 6.820000000000000511e-60 4.410000000000000173e-56 2.110000000000000001e-52 7.539999999999999357e-49 1.999999999999999968e-45 3.940000000000000285e-42 5.770000000000000187e-39 6.279999999999999991e-36 5.090000000000000100e-33 3.059999999999999835e-30 1.369999999999999924e-27 4.579999999999999889e-25 1.139999999999999975e-22 2.099999999999999900e-20 2.890000000000000030e-18 2.959999999999999780e-16 2.259999999999999963e-14 1.289999999999999956e-12 5.480000000000000076e-11 1.739999999999999988e-09 4.129999999999999924e-08 7.349999999999999509e-07 9.799999999999999345e-06 9.825600000000000252e-05 7.427160000000000359e-04 4.249557999999999634e-03 1.850622199999999926e-02 6.181884900000000210e-02 1.601750319999999950e-01 3.271506639999999799e-01 5.390931100000000420e-01 7.402425200000000149e-01 8.829841280000000348e-01 9.587164270000000377e-01 9.887531240000000388e-01 9.976570529999999604e-01 9.996293269999999564e-01 9.999556809999999851e-01 9.999960100000000462e-01 9.999997299999999756e-01 9.999999859999999519e-01 9.999999990000000283e-01 1.000000000000000000e+00 1.000000000000000000e+00 1.000000000000000000e+00 1.000000000000000000e+00 1.000000000000000000e+00 1.000000000000000000e+00 1.000000000000000000e+00 1.000000000000000000e+00 1.000000000000000000e+00 1.000000000000000000e+00 1.000000000000000000e+00 1.000000000000000000e+00 1.000000000000000000e+00 1.000000000000000000e+00 1.000000000000000000e+00 1.000000000000000000e+00 1.000000000000000000e+00 1.000000000000000000e+00 1.000000000000000000e+00 1.000000000000000000e+00 1.000000000000000000e+00 1.000000000000000000e+00 1.000000000000000000e+00 1.000000000000000000e+00 1.000000000000000000e+00 1.000000000000000000e+00 1.000000000000000000e+00 1.000000000000000000e+00 1.000000000000000000e+00 1.000000000000000000e+00 1.000000000000000000e+00 1.000000000000000000e+00
4.030000000000000276e-239 1.200000000000000101e-230 2.490000000000000093e-222 3.639999999999999972e-214 3.730000000000000106e-206 2.679999999999999929e-198 1.349999999999999963e-190 4.770000000000000346e-183 1.179999999999999939e-175 2.049999999999999902e-168 2.499999999999999972e-161 2.140000000000000068e-154 1.279999999999999973e-147 5.389999999999999656e-141 1.590000000000000008e-134 3.289999999999999987e-128 4.770000000000000074e-122 4.849999999999999817e-116 3.460000000000000006e-110 1.730000000000000054e-104 6.089999999999999736e-99 1.500000000000000067e-93 2.600000000000000135e-88 3.149999999999999835e-83 2.680000000000000069e-78 1.599999999999999932e-73 6.709999999999999966e-69 1.979999999999999894e-64 4.079999999999999747e-60 5.909999999999999894e-56 6.009999999999999808e-52 4.300000000000000011e-48 2.150000000000000067e-44 7.590000000000000287e-41 1.879999999999999991e-37 3.260000000000000162e-34 3.979999999999999771e-31 3.419999999999999949e-28 2.059999999999999907e-25 8.750000000000000131e-23 2.609999999999999979e-20 5.480000000000000115e-18 8.109999999999999648e-16 8.450000000000000597e-14 6.210000000000000398e-12 3.220000000000000254e-10 1.179999999999999978e-08 3.060000000000000137e-07 5.640000000000000211e-06 7.376749999999999464e-05 6.891420000000000098e-04 4.618729999999999711e-03 2.236861899999999931e-02 7.910833000000000448e-02 2.075152869999999927e-01 4.133051540000000079e-01 6.469023779999999446e-01 8.347215550000000039e-01 9.416777410000000126e-01 9.848075579999999718e-01 9.971192819999999957e-01 9.996061489999999994e-01 9.999614279999999855e-01 9.999973070000000019e-01 9.999998660000000150e-01 9.999999950000000304e-01 1.000000000000000000e+00 1.000000000000000000e+00 1.000000000000000000e+00 1.000000000000000000e+00 1.000000000000000000e+00 1.000000000000000000e+00 1.000000000000000000e+00 1.000000000000000000e+00 1.000000000000000000e+00 1.000000000000000000e+00 1.000000000000000000e+00 1.000000000000000000e+00 1.000000000000000000e+00 1.000000000000000000e+00 1.000000000000000000e+00 1.000000000000000000e+00 1.000000000000000000e+00 1.000000000000000000e+00 1.000000000000000000e+00 1.000000000000000000e+00 1.000000000000000000e+00 1.000000000000000000e+00 1.000000000000000000e+00 1.000000000000000000e+00 1.000000000000000000e+00 1.000000000000000000e+00 1.000000000000000000e+00 1.000000000000000000e+00 1.000000000000000000e+00 1.000000000000000000e+00 1.000000000000000000e+00 1.000000000000000000e+00 1.000000000000000000e+00 1.000000000000000000e+00
2.319999999999999818e-276 1.740000000000000042e-266 8.590000000000000715e-257 2.799999999999999863e-247 6.009999999999999821e-238 8.509999999999999808e-229 7.950000000000000755e-220 4.890000000000000073e-211 1.980000000000000027e-202 5.300000000000000230e-194 9.350000000000000044e-186 1.090000000000000046e-177 8.330000000000000716e-170 4.210000000000000215e-162 1.400000000000000061e-154 3.080000000000000031e-147 4.460000000000000331e-140 4.260000000000000328e-133 2.680000000000000027e-126 1.109999999999999933e-119 3.049999999999999812e-113 5.509999999999999727e-107 6.560000000000000415e-101 5.149999999999999788e-95 2.670000000000000115e-89 9.119999999999999657e-84 2.060000000000000082e-78 3.060000000000000126e-73 2.999999999999999993e-68 1.939999999999999889e-63 8.300000000000000390e-59 2.340000000000000107e-54 4.359999999999999677e-50 5.359999999999999765e-46 4.349999999999999789e-42 2.330000000000000104e-38 8.249999999999999564e-35 1.929999999999999951e-31 2.980000000000000136e-28 3.050000000000000089e-25 2.059999999999999898e-22 9.210000000000000008e-20 2.730000000000000111e-17 5.349999999999999765e-15 6.959999999999999626e-13 6.010000000000000443e-11 3.449999999999999874e-09 1.319999999999999909e-07 3.369999999999999922e-06 5.771910000000000105e-05 6.641849999999999707e-04 5.174549999999999983e-03 2.754892899999999978e-02 1.016393000000000019e-01 2.655169969999999768e-01 5.077426990000000195e-01 7.470537269999999452e-01 9.050854160000000315e-01 9.748216990000000415e-01 9.953761669999999784e-01 9.994201230000000491e-01 9.999507859999999804e-01 9.999971909999999520e-01 9.999998930000000286e-01 9.999999969999999738e-01 1.000000000000000000e+00 1.000000000000000000e+00 1.000000000000000000e+00 1.000000000000000000e+00 1.000000000000000000e+00 1.000000000000000000e+00 1.000000000000000000e+00 1.000000000000000000e+00 1.000000000000000000e+00 1.000000000000000000e+00 1.000000000000000000e+00 1.000000000000000000e+00 1.000000000000000000e+00 1.000000000000000000e+00 1.000000000000000000e+00 1.000000000000000000e+00 1.000000000000000000e+00 1.000000000000000000e+00 1.000000000000000000e+00 1.000000000000000000e+00 1.000000000000000000e+00 1.000000000000000000e+00 1.000000000000000000e+00 1.000000000000000000e+00 1.000000000000000000e+00 1.000000000000000000e+00 1.000000000000000000e+00 1.000000000000000000e+00 1.000000000000000000e+00 1.000000000000000000e+00 1.000000000000000000e+00 1.000000000000000000e+00 1.000000000000000000e+00 1.000000000000000000e+00 1.000000000000000000e+00
0.000000000000000000e+00 1.746104511017491209e-313 5.470000000000000175e-302 1.039999999999999947e-290 1.199999999999999949e-279 8.469999999999999636e-269 3.619999999999999929e-258 9.420000000000000645e-248 1.490000000000000109e-237 1.430000000000000086e-227 8.359999999999999913e-218 2.969999999999999928e-208 6.409999999999999821e-199 8.420000000000000184e-190 6.720000000000000104e-181 3.260000000000000162e-172 9.629999999999999858e-164 1.729999999999999965e-155 1.890000000000000019e-147 1.250000000000000084e-139 5.059999999999999754e-132 1.240000000000000052e-124 1.850000000000000116e-117 1.679999999999999897e-110 9.299999999999999890e-104 3.130000000000000164e-97 6.390000000000000236e-91 7.950000000000000092e-85 6.009999999999999927e-79 2.770000000000000128e-73 7.760000000000000005e-68 1.319999999999999974e-62 1.380000000000000071e-57 8.689999999999999636e-53 3.349999999999999853e-48 7.849999999999999961e-44 1.119999999999999986e-39 9.760000000000000547e-36 5.179999999999999784e-32 1.679999999999999916e-28 3.309999999999999812e-25 3.990000000000000032e-22 2.939999999999999860e-19 1.320000000000000002e-16 3.630000000000000057e-14 6.129999999999999931e-12 6.339999999999999820e-10 4.029999999999999691e-08 1.579999999999999907e-06 3.841950000000000036e-05 5.805300000000000000e-04 5.503069000000000190e-03 3.312484999999999735e-02 1.290366010000000008e-01 3.353514510000000226e-01 6.104875370000000245e-01 8.380225940000000096e-01 9.546900600000000070e-01 9.917555500000000412e-01 9.990443629999999908e-01 9.999303640000000160e-01 9.999968380000000545e-01 9.999999109999999636e-01 9.999999979999999455e-01 1.000000000000000000e+00 1.000000000000000000e+00 1.000000000000000000e+00 1.000000000000000000e+00 1.000000000000000000e+00 1.000000000000000000e+00 1.000000000000000000e+00 1.000000000000000000e+00 1.000000000000000000e+00 1.000000000000000000e+00 1.000000000000000000e+00 1.000000000000000000e+00 1.000000000000000000e+00 1.000000000000000000e+00 1.000000000000000000e+00 1.000000000000000000e+00 1.000000000000000000e+00 1.000000000000000000e+00 1.000000000000000000e+00 1.000000000000000000e+00 1.000000000000000000e+00 1.000000000000000000e+00 1.000000000000000000e+00 1.000000000000000000e+00 1.000000000000000000e+00 1.000000000000000000e+00 1.000000000000000000e+00 1.000000000000000000e+00 1.000000000000000000e+00 1.000000000000000000e+00 1.000000000000000000e+00 1.000000000000000000e+00 1.000000000000000000e+00 1.000000000000000000e+00 1.000000000000000000e+00 1.000000000000000000e+00
0.000000000000000000e+00 0.000000000000000000e+00 0.000000000000000000e+00 0.000000000000000000e+00 9.881312916824930884e-324 3.521621053568847657e-311 8.819999999999999952e-299 1.229999999999999949e-286 9.569999999999999620e-275 4.150000000000000227e-263 1.000000000000000015e-251 1.350000000000000092e-240 1.019999999999999972e-229 4.270000000000000123e-219 9.979999999999999006e-209 1.300000000000000035e-198 9.460000000000000303e-189 3.829999999999999685e-179 8.670000000000000655e-170 1.090000000000000013e-160 7.680000000000000640e-152 3.009999999999999874e-143 6.590000000000000329e-135 8.040000000000000737e-127 5.469999999999999874e-119 2.079999999999999932e-111 4.400000000000000234e-104 5.200000000000000136e-97 3.429999999999999876e-90 1.260000000000000080e-83 2.589999999999999895e-77 2.970000000000000146e-71 1.900000000000000086e-65 6.809999999999999768e-60 1.359999999999999891e-54 1.519999999999999964e-49 9.439999999999999875e-45 3.290000000000000020e-40 6.400000000000000424e-36 6.970000000000000178e-32 4.249999999999999626e-28 1.449999999999999935e-24 2.770000000000000024e-21 2.969999999999999989e-18 1.789999999999999898e-15 6.039999999999999507e-13 1.150000000000000035e-10 1.240000000000000019e-08 7.530000000000000326e-07 2.607210000000000064e-05 5.169330000000000192e-04 5.926556000000000358e-03 3.990154299999999765e-02 1.617791480000000115e-01 4.119567439999999858e-01 7.061401120000000420e-01 9.043598489999999934e-01 9.808420249999999507e-01 9.977167099999999511e-01 9.998413640000000102e-01 9.999936560000000085e-01 9.999998549999999931e-01 9.999999979999999455e-01 1.000000000000000000e+00 1.000000000000000000e+00 1.000000000000000000e+00 1.000000000000000000e+00 1.000000000000000000e+00 1.000000000000000000e+00 1.000000000000000000e+00 1.000000000000000000e+00 1.000000000000000000e+00 1.000000000000000000e+00 1.000000000000000000e+00 1.000000000000000000e+00 1.000000000000000000e+00 1.000000000000000000e+00 1.000000000000000000e+00 1.000000000000000000e+00 1.000000000000000000e+00 1.000000000000000000e+00 1.000000000000000000e+00 1.000000000000000000e+00 1.000000000000000000e+00 1.000000000000000000e+00 1.000000000000000000e+00 1.000000000000000000e+00 1.000000000000000000e+00 1.000000000000000000e+00 1.000000000000000000e+00 1.000000000000000000e+00 1.000000000000000000e+00 1.000000000000000000e+00 1.000000000000000000e+00 1.000000000000000000e+00 1.000000000000000000e+00 1.000000000000000000e+00 1.000000000000000000e+00 1.000000000000000000e+00 1.000000000000000000e+00
0.000000000000000000e+00 0.000000000000000000e+00 0.000000000000000000e+00 0.000000000000000000e+00 0.000000000000000000e+00 0.000000000000000000e+00 0.000000000000000000e+00 0.000000000000000000e+00 4.210567175386372788e-315 1.159999999999999978e-301 1.630000000000000081e-288 1.159999999999999949e-275 4.189999999999999945e-263 7.670000000000000743e-251 7.110000000000000288e-239 3.350000000000000102e-227 7.980000000000000449e-216 9.650000000000000409e-205 5.919999999999999399e-194 1.839999999999999960e-183 2.909999999999999932e-173 2.329999999999999847e-163 9.449999999999999794e-154 1.950000000000000074e-144 2.039999999999999873e-135 1.079999999999999981e-126 2.899999999999999804e-118 3.959999999999999884e-110 2.749999999999999865e-102 9.659999999999999635e-95 1.719999999999999892e-87 1.559999999999999940e-80 7.189999999999999332e-74 1.680000000000000062e-67 1.990000000000000096e-61 1.199999999999999957e-55 3.680000000000000028e-50 5.729999999999999826e-45 4.539999999999999728e-40 1.830000000000000002e-35 3.749999999999999875e-31 3.920000000000000237e-27 2.090000000000000033e-23 5.660000000000000120e-20 7.859999999999999777e-17 5.569999999999999869e-14 2.030000000000000034e-11 3.779999999999999768e-09 3.649999999999999994e-07 1.822029999999999901e-05 4.756299999999999981e-04 6.566230000000000157e-03 4.888573799999999803e-02 2.028871690000000061e-01 4.972270500000000037e-01 7.931646890000000338e-01 9.496897869999999520e-01 9.931733000000000366e-01 9.995002320000000440e-01 9.999806460000000286e-01 9.999996079999999843e-01 9.999999960000000021e-01 1.000000000000000000e+00 1.000000000000000000e+00 1.000000000000000000e+00 1.000000000000000000e+00 1.000000000000000000e+00 1.000000000000000000e+00 1.000000000000000000e+00 1.000000000000000000e+00 1.000000000000000000e+00 1.000000000000000000e+00 1.000000000000000000e+00 1.000000000000000000e+00 1.000000000000000000e+00 1.000000000000000000e+00 1.000000000000000000e+00 1.000000000000000000e+00 1.000000000000000000e+00 1.000000000000000000e+00 1.000000000000000000e+00 1.000000000000000000e+00 1.000000000000000000e+00 1.000000000000000000e+00 1.000000000000000000e+00 1.000000000000000000e+00 1.000000000000000000e+00 1.000000000000000000e+00 1.000000000000000000e+00 1.000000000000000000e+00 1.000000000000000000e+00 1.000000000000000000e+00 1.000000000000000000e+00 1.000000000000000000e+00 1.000000000000000000e+00 1.000000000000000000e+00 1.000000000000000000e+00 1.000000000000000000e+00 1.000000000000000000e+00 1.000000000000000000e+00
0.000000000000000000e+00 0.000000000000000000e+00 0.000000000000000000e+00 0.000000000000000000e+00 0.000000000000000000e+00 0.000000000000000000e+00 0.000000000000000000e+00 0.000000000000000000e+00 0.000000000000000000e+00 0.000000000000000000e+00 0.000000000000000000e+00 1.089937519939813253e-316 3.679999999999999926e-302 5.639999999999999968e-288 3.909999999999999856e-274 1.229999999999999954e-260 1.759999999999999996e-247 1.140000000000000008e-234 3.359999999999999718e-222 4.479999999999999710e-210 2.709999999999999922e-198 7.430000000000000142e-187 9.249999999999999962e-176 5.229999999999999717e-165 1.340000000000000056e-154 1.560000000000000116e-144 8.220000000000000559e-135 1.969999999999999904e-125 2.139999999999999982e-116 1.059999999999999977e-107 2.369999999999999905e-99 2.410000000000000068e-91 1.109999999999999984e-83 2.340000000000000029e-76 2.230000000000000088e-69 9.660000000000000451e-63 1.900000000000000098e-56 1.700000000000000072e-50 6.939999999999999681e-45 1.290000000000000080e-39 1.089999999999999919e-34 4.179999999999999788e-30 7.319999999999999937e-26 5.860000000000000365e-22 2.140000000000000169e-18 3.579999999999999797e-15 2.750000000000000197e-12 9.719999999999999522e-10 1.590000000000000076e-07 1.203560000000000044e-05 4.283350000000000113e-04 7.257257999999999938e-03 6.000424000000000035e-02 2.529597109999999760e-01 5.887490020000000213e-01 8.673306280000000479e-01 9.774325059999999787e-01 9.980916520000000514e-01 9.999223569999999839e-01 9.999985089999999799e-01 9.999999870000000346e-01 1.000000000000000000e+00 1.000000000000000000e+00 1.000000000000000000e+00 1.000000000000000000e+00 1.000000000000000000e+00 1.000000000000000000e+00 1.000000000000000000e+00 1.000000000000000000e+00 1.000000000000000000e+00 1.000000000000000000e+00 1.000000000000000000e+00 1.000000000000000000e+00 1.000000000000000000e+00 1.000000000000000000e+00 1.000000000000000000e+00 1.000000000000000000e+00 1.000000000000000000e+00 1.000000000000000000e+00 1.000000000000000000e+00 1.000000000000000000e+00 1.000000000000000000e+00 1.000000000000000000e+00 1.000000000000000000e+00 1.000000000000000000e+00 1.000000000000000000e+00 1.000000000000000000e+00 1.000000000000000000e+00 1.000000000000000000e+00 1.000000000000000000e+00 1.000000000000000000e+00 1.000000000000000000e+00 1.000000000000000000e+00 1.000000000000000000e+00 1.000000000000000000e+00 1.000000000000000000e+00 1.000000000000000000e+00 1.000000000000000000e+00 1.000000000000000000e+00 1.000000000000000000e+00
0.000000000000000000e+00 0.000000000000000000e+00 0.000000000000000000e+00 0.000000000000000000e+00 0.000000000000000000e+00 0.000000000000000000e+00 0.000000000000000000e+00 0.000000000000000000e+00 0.000000000000000000e+00 0.000000000000000000e+00 0.000000000000000000e+00 0.000000000000000000e+00 0.000000000000000000e+00 3.893237289229022768e-321 1.359999999999999924e-305 1.949999999999999864e-290 1.139999999999999947e-275 2.719999999999999920e-261 2.669999999999999959e-247 1.070000000000000095e-233 1.760000000000000010e-220 1.180000000000000046e-207 3.239999999999999969e-195 3.640000000000000012e-183 1.679999999999999954e-171 3.170000000000000135e-160 2.439999999999999836e-149 7.719999999999999283e-139 1.000000000000000054e-128 5.300000000000000385e-119 1.150000000000000074e-109 1.020000000000000031e-100 3.730000000000000196e-92 5.569999999999999809e-84 3.409999999999999973e-76 8.569999999999999929e-69 8.819999999999999623e-62 3.719999999999999668e-55 6.449999999999999865e-49 4.590000000000000047e-43 1.340000000000000085e-37 1.609999999999999933e-32 7.980000000000000329e-28 1.619999999999999968e-23 1.359999999999999889e-19 4.740000000000000108e-16 6.810000000000000265e-13 4.069999999999999904e-10 1.010000000000000044e-07 1.064350000000000067e-05 4.743530000000000034e-04 9.145369999999999888e-03 7.867416600000000371e-02 3.197445789999999732e-01 6.833972289999999949e-01 9.226106069999999715e-01 9.910694719999999514e-01 9.995403379999999727e-01 9.999897669999999739e-01 9.999999029999999678e-01 1.000000000000000000e+00 1.000000000000000000e+00 1.000000000000000000e+00 1.000000000000000000e+00 1.000000000000000000e+00 1.000000000000000000e+00 1.000000000000000000e+00 1.000000000000000000e+00 1.000000000000000000e+00 1.000000000000000000e+00 1.000000000000000000e+00 1.000000000000000000e+00 1.000000000000000000e+00 1.000000000000000000e+00 1.000000000000000000e+00 1.000000000000000000e+00 1.000000000000000000e+00 1.000000000000000000e+00 1.000000000000000000e+00 1.000000000000000000e+00 1.000000000000000000e+00 1.000000000000000000e+00 1.000000000000000000e+00 1.000000000000000000e+00 1.000000000000000000e+00 1.000000000000000000e+00 1.000000000000000000e+00 1.000000000000000000e+00 1.000000000000000000e+00 1.000000000000000000e+00 1.000000000000000000e+00 1.000000000000000000e+00 1.000000000000000000e+00 1.000000000000000000e+00 1.000000000000000000e+00 1.000000000000000000e+00 1.000000000000000000e+00 1.000000000000000000e+00 1.000000000000000000e+00 1.000000000000000000e+00
0.000000000000000000e+00 0.000000000000000000e+00 0.000000000000000000e+00 0.000000000000000000e+00 0.000000000000000000e+00 0.000000000000000000e+00 0.000000000000000000e+00 0.000000000000000000e+00 0.000000000000000000e+00 0.000000000000000000e+00 0.000000000000000000e+00 0.000000000000000000e+00 0.000000000000000000e+00 1.242750713936418038e-314 2.439999999999999922e-299 1.979999999999999986e-284 6.629999999999999693e-270 9.199999999999999496e-256 5.280000000000000205e-242 1.249999999999999931e-228 1.230000000000000006e-215 4.980000000000000023e-203 8.370000000000000619e-191 5.809999999999999760e-179 1.670000000000000085e-167 1.980000000000000124e-156 9.750000000000000726e-146 1.980000000000000030e-135 1.670000000000000019e-125 5.820000000000000457e-116 8.399999999999999650e-107 5.020000000000000060e-98 1.240000000000000055e-89 1.270000000000000091e-81 5.389999999999999998e-74 9.480000000000000045e-67 6.899999999999999824e-60 2.080000000000000018e-53 2.610000000000000140e-47 1.360000000000000089e-41 2.929999999999999904e-36 2.629999999999999921e-31 9.799999999999999516e-27 1.520000000000000046e-22 9.849999999999999588e-19 2.659999999999999836e-15 3.020000000000000056e-12 1.439999999999999990e-09 2.890000000000000070e-07 2.467799999999999988e-05 9.085830000000000252e-04 1.468328300000000010e-02 1.077713530000000003e-01 3.826970989999999850e-01 7.394523629999999459e-01 9.431433399999999967e-01 9.941619250000000019e-01 9.997317580000000259e-01 9.999946349999999651e-01 9.999999539999999687e-01 1.000000000000000000e+00 1.000000000000000000e+00 1.000000000000000000e+00 1.000000000000000000e+00 1.000000000000000000e+00 1.000000000000000000e+00 1.000000000000000000e+00 1.000000000000000000e+00 1.000000000000000000e+00 1.000000000000000000e+00 1.000000000000000000e+00 1.000000000000000000e+00 1.000000000000000000e+00 1.000000000000000000e+00 1.000000000000000000e+00 1.000000000000000000e+00 1.000000000000000000e+00 1.000000000000000000e+00 1.000000000000000000e+00 1.000000000000000000e+00 1.000000000000000000e+00 1.000000000000000000e+00 1.000000000000000000e+00 1.000000000000000000e+00 1.000000000000000000e+00 1.000000000000000000e+00 1.000000000000000000e+00 1.000000000000000000e+00 1.000000000000000000e+00 1.000000000000000000e+00 1.000000000000000000e+00 1.000000000000000000e+00 1.000000000000000000e+00 1.000000000000000000e+00 1.000000000000000000e+00 1.000000000000000000e+00 1.000000000000000000e+00 1.000000000000000000e+00 1.000000000000000000e+00 1.000000000000000000e+00
0.000000000000000000e+00 0.000000000000000000e+00 0.000000000000000000e+00 0.000000000000000000e+00 0.000000000000000000e+00 0.000000000000000000e+00 0.000000000000000000e+00 0.000000000000000000e+00 0.000000000000000000e+00 0.000000000000000000e+00 0.000000000000000000e+00 6.450058330219419969e-316 3.190000000000000198e-301 7.019999999999999680e-287 6.849999999999999826e-273 2.980000000000000185e-259 5.740000000000000307e-246 4.920000000000000352e-233 1.879999999999999899e-220 3.179999999999999896e-208 2.389999999999999965e-196 7.999999999999999940e-185 1.189999999999999984e-173 7.870000000000000573e-163 2.309999999999999861e-152 3.020000000000000169e-142 1.760000000000000050e-132 4.539999999999999852e-123 5.220000000000000156e-114 2.670000000000000025e-105 6.070000000000000117e-97 6.149999999999999740e-89 2.770000000000000034e-81 5.550000000000000305e-74 4.950000000000000236e-67 1.969999999999999922e-60 3.479999999999999713e-54 2.750000000000000233e-48 9.650000000000000100e-43 1.509999999999999989e-37 1.059999999999999936e-32 3.309999999999999883e-28 4.620000000000000143e-24 2.890000000000000246e-20 8.080000000000000147e-17 1.019999999999999945e-13 5.750000000000000177e-11 1.469999999999999928e-08 1.709999999999999933e-06 9.096820000000000090e-05 2.242173999999999990e-03 2.613108199999999992e-02 1.491650350000000014e-01 4.446956930000000030e-01 7.769319289999999656e-01 9.518256870000000314e-01 9.948228340000000447e-01 9.997346010000000005e-01 9.999936630000000326e-01 9.999999309999999531e-01 1.000000000000000000e+00 1.000000000000000000e+00 1.000000000000000000e+00 1.000000000000000000e+00 1.000000000000000000e+00 1.000000000000000000e+00 1.000000000000000000e+00 1.000000000000000000e+00 1.000000000000000000e+00 1.000000000000000000e+00 1.000000000000000000e+00 1.000000000000000000e+00 1.000000000000000000e+00 1.000000000000000000e+00 1.000000000000000000e+00 1.000000000000000000e+00 1.000000000000000000e+00 1.000000000000000000e+00 1.000000000000000000e+00 1.000000000000000000e+00 1.000000000000000000e+00 1.000000000000000000e+00 1.000000000000000000e+00 1.000000000000000000e+00 1.000000000000000000e+00 1.000000000000000000e+00 1.000000000000000000e+00 1.000000000000000000e+00 1.000000000000000000e+00 1.000000000000000000e+00 1.000000000000000000e+00 1.000000000000000000e+00 1.000000000000000000e+00 1.000000000000000000e+00 1.000000000000000000e+00 1.000000000000000000e+00 1.000000000000000000e+00 1.000000000000000000e+00 1.000000000000000000e+00 1.000000000000000000e+00
