0.000000000000000000e+00 0.000000000000000000e+00 0.000000000000000000e+00 0.000000000000000000e+00 0.000000000000000000e+00 0.000000000000000000e+00 0.000000000000000000e+00 0.000000000000000000e+00 0.000000000000000000e+00 0.000000000000000000e+00 0.000000000000000000e+00 0.000000000000000000e+00 0.000000000000000000e+00 0.000000000000000000e+00 0.000000000000000000e+00 0.000000000000000000e+00 0.000000000000000000e+00 0.000000000000000000e+00 0.000000000000000000e+00 0.000000000000000000e+00 0.000000000000000000e+00 0.000000000000000000e+00 0.000000000000000000e+00 0.000000000000000000e+00 0.000000000000000000e+00 0.000000000000000000e+00 0.000000000000000000e+00 0.000000000000000000e+00 0.000000000000000000e+00 0.000000000000000000e+00 0.000000000000000000e+00 0.000000000000000000e+00 0.000000000000000000e+00 0.000000000000000000e+00 0.000000000000000000e+00 0.000000000000000000e+00 0.000000000000000000e+00 0.000000000000000000e+00 0.000000000000000000e+00 0.000000000000000000e+00 0.000000000000000000e+00 0.000000000000000000e+00 0.000000000000000000e+00 0.000000000000000000e+00 0.000000000000000000e+00 8.250090737656706315e-244 4.085982336355890643e-141 1.320660815703967314e-66 3.189415458668148485e-20 1.411615696736177872e-01 9.999999999986006749e-01 1.000000000000000000e+00 1.000000000000000000e+00 1.000000000000000000e+00 1.000000000000000000e+00 1.000000000000000000e+00 1.000000000000000000e+00 1.000000000000000000e+00 1.000000000000000000e+00 1.000000000000000000e+00 1.000000000000000000e+00 1.000000000000000000e+00 1.000000000000000000e+00 1.000000000000000000e+00 1.000000000000000000e+00 1.000000000000000000e+00 1.000000000000000000e+00 1.000000000000000000e+00 1.000000000000000000e+00 1.000000000000000000e+00 1.000000000000000000e+00 1.000000000000000000e+00 1.000000000000000000e+00 1.000000000000000000e+00 1.000000000000000000e+00 1.000000000000000000e+00 1.000000000000000000e+00 1.000000000000000000e+00 1.000000000000000000e+00 1.000000000000000000e+00 1.000000000000000000e+00 1.000000000000000000e+00 1.000000000000000000e+00 1.000000000000000000e+00 1.000000000000000000e+00 1.000000000000000000e+00 1.000000000000000000e+00 1.000000000000000000e+00 1.000000000000000000e+00 1.000000000000000000e+00 1.000000000000000000e+00 1.000000000000000000e+00 1.000000000000000000e+00 1.000000000000000000e+00 1.000000000000000000e+00 1.000000000000000000e+00 1.000000000000000000e+00 1.000000000000000000e+00 1.000000000000000000e+00 1.000000000000000000e+00
0.000000000000000000e+00 0.000000000000000000e+00 0.000000000000000000e+00 0.000000000000000000e+00 0.000000000000000000e+00 0.000000000000000000e+00 0.000000000000000000e+00 0.000000000000000000e+00 0.000000000000000000e+00 0.000000000000000000e+00 0.000000000000000000e+00 0.000000000000000000e+00 0.000000000000000000e+00 0.000000000000000000e+00 0.000000000000000000e+00 0.000000000000000000e+00 0.000000000000000000e+00 0.000000000000000000e+00 0.000000000000000000e+00 0.000000000000000000e+00 0.000000000000000000e+00 0.000000000000000000e+00 0.000000000000000000e+00 0.000000000000000000e+00 0.000000000000000000e+00 0.000000000000000000e+00 0.000000000000000000e+00 0.000000000000000000e+00 0.000000000000000000e+00 0.000000000000000000e+00 0.000000000000000000e+00 0.000000000000000000e+00 0.000000000000000000e+00 0.000000000000000000e+00 0.000000000000000000e+00 0.000000000000000000e+00 0.000000000000000000e+00 0.000000000000000000e+00 0.000000000000000000e+00 0.000000000000000000e+00 0.000000000000000000e+00 0.000000000000000000e+00 0.000000000000000000e+00 0.000000000000000000e+00 0.000000000000000000e+00 2.163654100899549618e-277 5.590412783180430961e-157 6.376027710304016871e-71 3.784153399696810095e-19 5.137638083146077728e-01 1.000000000000000000e+00 1.000000000000000000e+00 1.000000000000000000e+00 1.000000000000000000e+00 1.000000000000000000e+00 1.000000000000000000e+00 1.000000000000000000e+00 1.000000000000000000e+00 1.000000000000000000e+00 1.000000000000000000e+00 1.000000000000000000e+00 1.000000000000000000e+00 1.000000000000000000e+00 1.000000000000000000e+00 1.000000000000000000e+00 1.000000000000000000e+00 1.000000000000000000e+00 1.000000000000000000e+00 1.000000000000000000e+00 1.000000000000000000e+00 1.000000000000000000e+00 1.000000000000000000e+00 1.000000000000000000e+00 1.000000000000000000e+00 1.000000000000000000e+00 1.000000000000000000e+00 1.000000000000000000e+00 1.000000000000000000e+00 1.000000000000000000e+00 1.000000000000000000e+00 1.000000000000000000e+00 1.000000000000000000e+00 1.000000000000000000e+00 1.000000000000000000e+00 1.000000000000000000e+00 1.000000000000000000e+00 1.000000000000000000e+00 1.000000000000000000e+00 1.000000000000000000e+00 1.000000000000000000e+00 1.000000000000000000e+00 1.000000000000000000e+00 1.000000000000000000e+00 1.000000000000000000e+00 1.000000000000000000e+00 1.000000000000000000e+00 1.000000000000000000e+00 1.000000000000000000e+00 1.000000000000000000e+00 1.000000000000000000e+00
0.000000000000000000e+00 0.000000000000000000e+00 0.000000000000000000e+00 0.000000000000000000e+00 0.000000000000000000e+00 0.000000000000000000e+00 0.000000000000000000e+00 0.000000000000000000e+00 0.000000000000000000e+00 0.000000000000000000e+00 0.000000000000000000e+00 0.000000000000000000e+00 0.000000000000000000e+00 0.000000000000000000e+00 0.000000000000000000e+00 0.000000000000000000e+00 0.000000000000000000e+00 0.000000000000000000e+00 0.000000000000000000e+00 0.000000000000000000e+00 0.000000000000000000e+00 0.000000000000000000e+00 0.000000000000000000e+00 0.000000000000000000e+00 0.000000000000000000e+00 0.000000000000000000e+00 0.000000000000000000e+00 0.000000000000000000e+00 0.000000000000000000e+00 0.000000000000000000e+00 0.000000000000000000e+00 0.000000000000000000e+00 0.000000000000000000e+00 0.000000000000000000e+00 0.000000000000000000e+00 0.000000000000000000e+00 0.000000000000000000e+00 0.000000000000000000e+00 0.000000000000000000e+00 0.000000000000000000e+00 0.000000000000000000e+00 0.000000000000000000e+00 0.000000000000000000e+00 0.000000000000000000e+00 0.000000000000000000e+00 0.000000000000000000e+00 4.743913504999456600e-216 3.450571417055650551e-92 6.372465680745862216e-21 9.563598340966348310e-01 1.000000000000000000e+00 1.000000000000000000e+00 1.000000000000000000e+00 1.000000000000000000e+00 1.000000000000000000e+00 1.000000000000000000e+00 1.000000000000000000e+00 1.000000000000000000e+00 1.000000000000000000e+00 1.000000000000000000e+00 1.000000000000000000e+00 1.000000000000000000e+00 1.000000000000000000e+00 1.000000000000000000e+00 1.000000000000000000e+00 1.000000000000000000e+00 1.000000000000000000e+00 1.000000000000000000e+00 1.000000000000000000e+00 1.000000000000000000e+00 1.000000000000000000e+00 1.000000000000000000e+00 1.000000000000000000e+00 1.000000000000000000e+00 1.000000000000000000e+00 1.000000000000000000e+00 1.000000000000000000e+00 1.000000000000000000e+00 1.000000000000000000e+00 1.000000000000000000e+00 1.000000000000000000e+00 1.000000000000000000e+00 1.000000000000000000e+00 1.000000000000000000e+00 1.000000000000000000e+00 1.000000000000000000e+00 1.000000000000000000e+00 1.000000000000000000e+00 1.000000000000000000e+00 1.000000000000000000e+00 1.000000000000000000e+00 1.000000000000000000e+00 1.000000000000000000e+00 1.000000000000000000e+00 1.000000000000000000e+00 1.000000000000000000e+00 1.000000000000000000e+00 1.000000000000000000e+00 1.000000000000000000e+00 1.000000000000000000e+00
0.000000000000000000e+00 0.000000000000000000e+00 0.000000000000000000e+00 0.000000000000000000e+00 0.000000000000000000e+00 0.000000000000000000e+00 0.000000000000000000e+00 0.000000000000000000e+00 0.000000000000000000e+00 0.000000000000000000e+00 0.000000000000000000e+00 0.000000000000000000e+00 0.000000000000000000e+00 0.000000000000000000e+00 0.000000000000000000e+00 0.000000000000000000e+00 0.000000000000000000e+00 0.000000000000000000e+00 0.000000000000000000e+00 0.000000000000000000e+00 0.000000000000000000e+00 0.000000000000000000e+00 0.000000000000000000e+00 0.000000000000000000e+00 0.000000000000000000e+00 0.000000000000000000e+00 0.000000000000000000e+00 0.000000000000000000e+00 0.000000000000000000e+00 0.000000000000000000e+00 0.000000000000000000e+00 0.000000000000000000e+00 0.000000000000000000e+00 0.000000000000000000e+00 0.000000000000000000e+00 0.000000000000000000e+00 0.000000000000000000e+00 0.000000000000000000e+00 0.000000000000000000e+00 0.000000000000000000e+00 0.000000000000000000e+00 0.000000000000000000e+00 0.000000000000000000e+00 0.000000000000000000e+00 0.000000000000000000e+00 0.000000000000000000e+00 0.000000000000000000e+00 0.000000000000000000e+00 3.852506600346318380e-135 1.000000000000000000e+00 1.000000000000000000e+00 1.000000000000000000e+00 1.000000000000000000e+00 1.000000000000000000e+00 1.000000000000000000e+00 1.000000000000000000e+00 1.000000000000000000e+00 1.000000000000000000e+00 1.000000000000000000e+00 1.000000000000000000e+00 1.000000000000000000e+00 1.000000000000000000e+00 1.000000000000000000e+00 1.000000000000000000e+00 1.000000000000000000e+00 1.000000000000000000e+00 1.000000000000000000e+00 1.000000000000000000e+00 1.000000000000000000e+00 1.000000000000000000e+00 1.000000000000000000e+00 1.000000000000000000e+00 1.000000000000000000e+00 1.000000000000000000e+00 1.000000000000000000e+00 1.000000000000000000e+00 1.000000000000000000e+00 1.000000000000000000e+00 1.000000000000000000e+00 1.000000000000000000e+00 1.000000000000000000e+00 1.000000000000000000e+00 1.000000000000000000e+00 1.000000000000000000e+00 1.000000000000000000e+00 1.000000000000000000e+00 1.000000000000000000e+00 1.000000000000000000e+00 1.000000000000000000e+00 1.000000000000000000e+00 1.000000000000000000e+00 1.000000000000000000e+00 1.000000000000000000e+00 1.000000000000000000e+00 1.000000000000000000e+00 1.000000000000000000e+00 1.000000000000000000e+00 1.000000000000000000e+00 1.000000000000000000e+00 1.000000000000000000e+00
0.000000000000000000e+00 0.000000000000000000e+00 0.000000000000000000e+00 0.000000000000000000e+00 0.000000000000000000e+00 0.000000000000000000e+00 0.000000000000000000e+00 0.000000000000000000e+00 0.000000000000000000e+00 0.000000000000000000e+00 0.000000000000000000e+00 0.000000000000000000e+00 0.000000000000000000e+00 0.000000000000000000e+00 0.000000000000000000e+00 0.000000000000000000e+00 0.000000000000000000e+00 0.000000000000000000e+00 0.000000000000000000e+00 0.000000000000000000e+00 0.000000000000000000e+00 0.000000000000000000e+00 0.000000000000000000e+00 0.000000000000000000e+00 0.000000000000000000e+00 0.000000000000000000e+00 0.000000000000000000e+00 0.000000000000000000e+00 0.000000000000000000e+00 0.000000000000000000e+00 0.000000000000000000e+00 0.000000000000000000e+00 0.000000000000000000e+00 0.000000000000000000e+00 0.000000000000000000e+00 0.000000000000000000e+00 0.000000000000000000e+00 0.000000000000000000e+00 0.000000000000000000e+00 0.000000000000000000e+00 0.000000000000000000e+00 0.000000000000000000e+00 0.000000000000000000e+00 0.000000000000000000e+00 3.846946737385341355e-314 1.234305220681770458e-189 1.240619273320649836e-96 4.286002521347330932e-35 7.771585281024048666e-05 9.999989313824357851e-01 1.000000000000000000e+00 1.000000000000000000e+00 1.000000000000000000e+00 1.000000000000000000e+00 1.000000000000000000e+00 1.000000000000000000e+00 1.000000000000000000e+00 1.000000000000000000e+00 1.000000000000000000e+00 1.000000000000000000e+00 1.000000000000000000e+00 1.000000000000000000e+00 1.000000000000000000e+00 1.000000000000000000e+00 1.000000000000000000e+00 1.000000000000000000e+00 1.000000000000000000e+00 1.000000000000000000e+00 1.000000000000000000e+00 1.000000000000000000e+00 1.000000000000000000e+00 1.000000000000000000e+00 1.000000000000000000e+00 1.000000000000000000e+00 1.000000000000000000e+00 1.000000000000000000e+00 1.000000000000000000e+00 1.000000000000000000e+00 1.000000000000000000e+00 1.000000000000000000e+00 1.000000000000000000e+00 1.000000000000000000e+00 1.000000000000000000e+00 1.000000000000000000e+00 1.000000000000000000e+00 1.000000000000000000e+00 1.000000000000000000e+00 1.000000000000000000e+00 1.000000000000000000e+00 1.000000000000000000e+00 1.000000000000000000e+00 1.000000000000000000e+00 1.000000000000000000e+00 1.000000000000000000e+00 1.000000000000000000e+00 1.000000000000000000e+00 1.000000000000000000e+00 1.000000000000000000e+00 1.000000000000000000e+00 1.000000000000000000e+00
0.000000000000000000e+00 0.000000000000000000e+00 0.000000000000000000e+00 0.000000000000000000e+00 0.000000000000000000e+00 0.000000000000000000e+00 0.000000000000000000e+00 0.000000000000000000e+00 0.000000000000000000e+00 0.000000000000000000e+00 0.000000000000000000e+00 0.000000000000000000e+00 0.000000000000000000e+00 0.000000000000000000e+00 0.000000000000000000e+00 0.000000000000000000e+00 0.000000000000000000e+00 0.000000000000000000e+00 0.000000000000000000e+00 0.000000000000000000e+00 0.000000000000000000e+00 0.000000000000000000e+00 0.000000000000000000e+00 0.000000000000000000e+00 0.000000000000000000e+00 0.000000000000000000e+00 0.000000000000000000e+00 0.000000000000000000e+00 0.000000000000000000e+00 0.000000000000000000e+00 0.000000000000000000e+00 0.000000000000000000e+00 0.000000000000000000e+00 0.000000000000000000e+00 0.000000000000000000e+00 0.000000000000000000e+00 0.000000000000000000e+00 0.000000000000000000e+00 0.000000000000000000e+00 0.000000000000000000e+00 0.000000000000000000e+00 0.000000000000000000e+00 3.889686125627038162e-269 3.024854833760488933e-190 4.020380071393410608e-125 9.317713966533860334e-74 3.928353356463070720e-36 3.387012610076286910e-12 1.095826619572722038e-01 9.999947069400322297e-01 1.000000000000000000e+00 1.000000000000000000e+00 1.000000000000000000e+00 1.000000000000000000e+00 1.000000000000000000e+00 1.000000000000000000e+00 1.000000000000000000e+00 1.000000000000000000e+00 1.000000000000000000e+00 1.000000000000000000e+00 1.000000000000000000e+00 1.000000000000000000e+00 1.000000000000000000e+00 1.000000000000000000e+00 1.000000000000000000e+00 1.000000000000000000e+00 1.000000000000000000e+00 1.000000000000000000e+00 1.000000000000000000e+00 1.000000000000000000e+00 1.000000000000000000e+00 1.000000000000000000e+00 1.000000000000000000e+00 1.000000000000000000e+00 1.000000000000000000e+00 1.000000000000000000e+00 1.000000000000000000e+00 1.000000000000000000e+00 1.000000000000000000e+00 1.000000000000000000e+00 1.000000000000000000e+00 1.000000000000000000e+00 1.000000000000000000e+00 1.000000000000000000e+00 1.000000000000000000e+00 1.000000000000000000e+00 1.000000000000000000e+00 1.000000000000000000e+00 1.000000000000000000e+00 1.000000000000000000e+00 1.000000000000000000e+00 1.000000000000000000e+00 1.000000000000000000e+00 1.000000000000000000e+00 1.000000000000000000e+00 1.000000000000000000e+00 1.000000000000000000e+00 1.000000000000000000e+00 1.000000000000000000e+00 1.000000000000000000e+00
0.000000000000000000e+00 0.000000000000000000e+00 0.000000000000000000e+00 0.000000000000000000e+00 0.000000000000000000e+00 0.000000000000000000e+00 0.000000000000000000e+00 0.000000000000000000e+00 0.000000000000000000e+00 0.000000000000000000e+00 0.000000000000000000e+00 0.000000000000000000e+00 0.000000000000000000e+00 0.000000000000000000e+00 0.000000000000000000e+00 0.000000000000000000e+00 0.000000000000000000e+00 0.000000000000000000e+00 0.000000000000000000e+00 0.000000000000000000e+00 0.000000000000000000e+00 0.000000000000000000e+00 0.000000000000000000e+00 0.000000000000000000e+00 0.000000000000000000e+00 0.000000000000000000e+00 0.000000000000000000e+00 0.000000000000000000e+00 0.000000000000000000e+00 0.000000000000000000e+00 0.000000000000000000e+00 0.000000000000000000e+00 0.000000000000000000e+00 0.000000000000000000e+00 0.000000000000000000e+00 0.000000000000000000e+00 0.000000000000000000e+00 0.000000000000000000e+00 0.000000000000000000e+00 4.518080409204298301e-272 5.696616678573198144e-215 1.212186772330714820e-164 4.374926430015763513e-121 2.698795767245517544e-84 2.882543636976143572e-54 5.460914658768364529e-31 1.935694343501869079e-14 1.506375098627947128e-04 6.318816225133500053e-01 9.999909808069298300e-01 9.999999999999998890e-01 1.000000000000000000e+00 1.000000000000000000e+00 1.000000000000000000e+00 1.000000000000000000e+00 1.000000000000000000e+00 1.000000000000000000e+00 1.000000000000000000e+00 1.000000000000000000e+00 1.000000000000000000e+00 1.000000000000000000e+00 1.000000000000000000e+00 1.000000000000000000e+00 1.000000000000000000e+00 1.000000000000000000e+00 1.000000000000000000e+00 1.000000000000000000e+00 1.000000000000000000e+00 1.000000000000000000e+00 1.000000000000000000e+00 1.000000000000000000e+00 1.000000000000000000e+00 1.000000000000000000e+00 1.000000000000000000e+00 1.000000000000000000e+00 1.000000000000000000e+00 1.000000000000000000e+00 1.000000000000000000e+00 1.000000000000000000e+00 1.000000000000000000e+00 1.000000000000000000e+00 1.000000000000000000e+00 1.000000000000000000e+00 1.000000000000000000e+00 1.000000000000000000e+00 1.000000000000000000e+00 1.000000000000000000e+00 1.000000000000000000e+00 1.000000000000000000e+00 1.000000000000000000e+00 1.000000000000000000e+00 1.000000000000000000e+00 1.000000000000000000e+00 1.000000000000000000e+00 1.000000000000000000e+00 1.000000000000000000e+00 1.000000000000000000e+00 1.000000000000000000e+00 1.000000000000000000e+00 1.000000000000000000e+00
0.000000000000000000e+00 0.000000000000000000e+00 0.000000000000000000e+00 0.000000000000000000e+00 0.000000000000000000e+00 0.000000000000000000e+00 0.000000000000000000e+00 0.000000000000000000e+00 0.000000000000000000e+00 0.000000000000000000e+00 0.000000000000000000e+00 0.000000000000000000e+00 0.000000000000000000e+00 0.000000000000000000e+00 0.000000000000000000e+00 0.000000000000000000e+00 0.000000000000000000e+00 0.000000000000000000e+00 0.000000000000000000e+00 0.000000000000000000e+00 0.000000000000000000e+00 0.000000000000000000e+00 0.000000000000000000e+00 0.000000000000000000e+00 0.000000000000000000e+00 0.000000000000000000e+00 0.000000000000000000e+00 0.000000000000000000e+00 0.000000000000000000e+00 0.000000000000000000e+00 0.000000000000000000e+00 0.000000000000000000e+00 0.000000000000000000e+00 0.000000000000000000e+00 0.000000000000000000e+00 0.000000000000000000e+00 5.918786589410821424e-296 8.922355976978600537e-248 6.600352627835604622e-204 2.400631914351571602e-164 4.304158485994558196e-129 3.818208866096845623e-98 1.685068645110923146e-71 3.731661224565767257e-49 4.208175437265678702e-31 2.485548903742016781e-17 8.203426525714126985e-08 1.854915854580382883e-02 8.569390471055063907e-01 9.999876769275294341e-01 9.999999999999142908e-01 1.000000000000000000e+00 1.000000000000000000e+00 1.000000000000000000e+00 1.000000000000000000e+00 1.000000000000000000e+00 1.000000000000000000e+00 1.000000000000000000e+00 1.000000000000000000e+00 1.000000000000000000e+00 1.000000000000000000e+00 1.000000000000000000e+00 1.000000000000000000e+00 1.000000000000000000e+00 1.000000000000000000e+00 1.000000000000000000e+00 1.000000000000000000e+00 1.000000000000000000e+00 1.000000000000000000e+00 1.000000000000000000e+00 1.000000000000000000e+00 1.000000000000000000e+00 1.000000000000000000e+00 1.000000000000000000e+00 1.000000000000000000e+00 1.000000000000000000e+00 1.000000000000000000e+00 1.000000000000000000e+00 1.000000000000000000e+00 1.000000000000000000e+00 1.000000000000000000e+00 1.000000000000000000e+00 1.000000000000000000e+00 1.000000000000000000e+00 1.000000000000000000e+00 1.000000000000000000e+00 1.000000000000000000e+00 1.000000000000000000e+00 1.000000000000000000e+00 1.000000000000000000e+00 1.000000000000000000e+00 1.000000000000000000e+00 1.000000000000000000e+00 1.000000000000000000e+00 1.000000000000000000e+00 1.000000000000000000e+00 1.000000000000000000e+00 1.000000000000000000e+00 1.000000000000000000e+00 1.000000000000000000e+00
0.000000000000000000e+00 0.000000000000000000e+00 0.000000000000000000e+00 0.000000000000000000e+00 0.000000000000000000e+00 0.000000000000000000e+00 0.000000000000000000e+00 0.000000000000000000e+00 0.000000000000000000e+00 0.000000000000000000e+00 0.000000000000000000e+00 0.000000000000000000e+00 0.000000000000000000e+00 0.000000000000000000e+00 0.000000000000000000e+00 0.000000000000000000e+00 0.000000000000000000e+00 0.000000000000000000e+00 0.000000000000000000e+00 0.000000000000000000e+00 0.000000000000000000e+00 0.000000000000000000e+00 0.000000000000000000e+00 0.000000000000000000e+00 0.000000000000000000e+00 0.000000000000000000e+00 0.000000000000000000e+00 0.000000000000000000e+00 0.000000000000000000e+00 0.000000000000000000e+00 0.000000000000000000e+00 0.000000000000000000e+00 9.703292974048501935e-293 4.252747772504415583e-256 6.357712738462161881e-222 3.244445253370436419e-190 5.657157248315755557e-161 3.374403089290967989e-134 6.896317481671183774e-110 4.839142144508198895e-88 1.169238201190151218e-68 9.768182549787338679e-52 2.839181091833938209e-37 2.899666601150173165e-25 1.058731860821487412e-15 1.429878621446347059e-08 7.744532601299532019e-04 2.174279412529797340e-01 9.455925364228147112e-01 9.999666828667282958e-01 9.999999999069815182e-01 1.000000000000000000e+00 1.000000000000000000e+00 1.000000000000000000e+00 1.000000000000000000e+00 1.000000000000000000e+00 1.000000000000000000e+00 1.000000000000000000e+00 1.000000000000000000e+00 1.000000000000000000e+00 1.000000000000000000e+00 1.000000000000000000e+00 1.000000000000000000e+00 1.000000000000000000e+00 1.000000000000000000e+00 1.000000000000000000e+00 1.000000000000000000e+00 1.000000000000000000e+00 1.000000000000000000e+00 1.000000000000000000e+00 1.000000000000000000e+00 1.000000000000000000e+00 1.000000000000000000e+00 1.000000000000000000e+00 1.000000000000000000e+00 1.000000000000000000e+00 1.000000000000000000e+00 1.000000000000000000e+00 1.000000000000000000e+00 1.000000000000000000e+00 1.000000000000000000e+00 1.000000000000000000e+00 1.000000000000000000e+00 1.000000000000000000e+00 1.000000000000000000e+00 1.000000000000000000e+00 1.000000000000000000e+00 1.000000000000000000e+00 1.000000000000000000e+00 1.000000000000000000e+00 1.000000000000000000e+00 1.000000000000000000e+00 1.000000000000000000e+00 1.000000000000000000e+00 1.000000000000000000e+00 1.000000000000000000e+00 1.000000000000000000e+00 1.000000000000000000e+00 1.000000000000000000e+00 1.000000000000000000e+00
0.000000000000000000e+00 0.000000000000000000e+00 0.000000000000000000e+00 0.000000000000000000e+00 0.000000000000000000e+00 0.000000000000000000e+00 0.000000000000000000e+00 0.000000000000000000e+00 0.000000000000000000e+00 0.000000000000000000e+00 0.000000000000000000e+00 0.000000000000000000e+00 0.000000000000000000e+00 0.000000000000000000e+00 0.000000000000000000e+00 0.000000000000000000e+00 0.000000000000000000e+00 0.000000000000000000e+00 0.000000000000000000e+00 0.000000000000000000e+00 0.000000000000000000e+00 0.000000000000000000e+00 0.000000000000000000e+00 0.000000000000000000e+00 0.000000000000000000e+00 0.000000000000000000e+00 0.000000000000000000e+00 4.446590812571218898e-323 9.149528438016970743e-292 4.547664632838377197e-262 5.610912727442900112e-234 1.719079332280914467e-207 1.308485129409050511e-182 2.475625814645076031e-159 1.165007762687891996e-137 1.364747094508465769e-117 3.983803784735733567e-99 2.901576432894649573e-82 5.282081310204070851e-67 2.408873141323279823e-53 2.760929080002294568e-41 7.990022504168570176e-31 5.879860105804730266e-22 1.113053201158049966e-14 5.532229620655667603e-09 7.524726742115030750e-05 3.095387422779096939e-02 5.224646071563292526e-01 9.761277949961237876e-01 9.999524828753731942e-01 9.999999971653010800e-01 9.999999999999953371e-01 1.000000000000000000e+00 1.000000000000000000e+00 1.000000000000000000e+00 1.000000000000000000e+00 1.000000000000000000e+00 1.000000000000000000e+00 1.000000000000000000e+00 1.000000000000000000e+00 1.000000000000000000e+00 1.000000000000000000e+00 1.000000000000000000e+00 1.000000000000000000e+00 1.000000000000000000e+00 1.000000000000000000e+00 1.000000000000000000e+00 1.000000000000000000e+00 1.000000000000000000e+00 1.000000000000000000e+00 1.000000000000000000e+00 1.000000000000000000e+00 1.000000000000000000e+00 1.000000000000000000e+00 1.000000000000000000e+00 1.000000000000000000e+00 1.000000000000000000e+00 1.000000000000000000e+00 1.000000000000000000e+00 1.000000000000000000e+00 1.000000000000000000e+00 1.000000000000000000e+00 1.000000000000000000e+00 1.000000000000000000e+00 1.000000000000000000e+00 1.000000000000000000e+00 1.000000000000000000e+00 1.000000000000000000e+00 1.000000000000000000e+00 1.000000000000000000e+00 1.000000000000000000e+00 1.000000000000000000e+00 1.000000000000000000e+00 1.000000000000000000e+00 1.000000000000000000e+00 1.000000000000000000e+00 1.000000000000000000e+00 1.000000000000000000e+00 1.000000000000000000e+00 1.000000000000000000e+00
0.000000000000000000e+00 0.000000000000000000e+00 0.000000000000000000e+00 0.000000000000000000e+00 0.000000000000000000e+00 0.000000000000000000e+00 0.000000000000000000e+00 0.000000000000000000e+00 0.000000000000000000e+00 0.000000000000000000e+00 0.000000000000000000e+00 0.000000000000000000e+00 0.000000000000000000e+00 0.000000000000000000e+00 0.000000000000000000e+00 0.000000000000000000e+00 0.000000000000000000e+00 0.000000000000000000e+00 0.000000000000000000e+00 0.000000000000000000e+00 0.000000000000000000e+00 0.000000000000000000e+00 0.000000000000000000e+00 0.000000000000000000e+00 6.571128562106778603e-303 8.120951478056625599e-277 6.582174795407958768e-252 3.499615969974519938e-228 1.220864185598834776e-205 2.795346016188654707e-184 4.202156499788675504e-164 4.149079764971586490e-145 2.692050701829048650e-127 1.148470244340902504e-110 3.223829350774225302e-95 5.959738341098221541e-81 7.263997668886321651e-68 5.845904392322355088e-56 3.112395016244827269e-45 1.099127124348383979e-35 2.584180653370060084e-27 4.067154675088314054e-20 4.321510005656303999e-14 3.144147852207720944e-09 1.607561783443524871e-05 6.097822330564187272e-03 1.962213090387653347e-01 7.869956293224629196e-01 9.928029759144100241e-01 9.999792092971115931e-01 9.999999955311846822e-01 9.999999999999323874e-01 1.000000000000000000e+00 1.000000000000000000e+00 1.000000000000000000e+00 1.000000000000000000e+00 1.000000000000000000e+00 1.000000000000000000e+00 1.000000000000000000e+00 1.000000000000000000e+00 1.000000000000000000e+00 1.000000000000000000e+00 1.000000000000000000e+00 1.000000000000000000e+00 1.000000000000000000e+00 1.000000000000000000e+00 1.000000000000000000e+00 1.000000000000000000e+00 1.000000000000000000e+00 1.000000000000000000e+00 1.000000000000000000e+00 1.000000000000000000e+00 1.000000000000000000e+00 1.000000000000000000e+00 1.000000000000000000e+00 1.000000000000000000e+00 1.000000000000000000e+00 1.000000000000000000e+00 1.000000000000000000e+00 1.000000000000000000e+00 1.000000000000000000e+00 1.000000000000000000e+00 1.000000000000000000e+00 1.000000000000000000e+00 1.000000000000000000e+00 1.000000000000000000e+00 1.000000000000000000e+00 1.000000000000000000e+00 1.000000000000000000e+00 1.000000000000000000e+00 1.000000000000000000e+00 1.000000000000000000e+00 1.000000000000000000e+00 1.000000000000000000e+00 1.000000000000000000e+00 1.000000000000000000e+00 1.000000000000000000e+00 1.000000000000000000e+00 1.000000000000000000e+00 1.000000000000000000e+00
0.000000000000000000e+00 0.000000000000000000e+00 0.000000000000000000e+00 0.000000000000000000e+00 0.000000000000000000e+00 0.000000000000000000e+00 0.000000000000000000e+00 0.000000000000000000e+00 0.000000000000000000e+00 0.000000000000000000e+00 0.000000000000000000e+00 0.000000000000000000e+00 0.000000000000000000e+00 0.000000000000000000e+00 0.000000000000000000e+00 0.000000000000000000e+00 0.000000000000000000e+00 0.000000000000000000e+00 0.000000000000000000e+00 0.000000000000000000e+00 2.341333728064113418e-308 2.449690366314856805e-285 3.233774402125827724e-263 5.386629058431953289e-242 1.132398028225416753e-221 3.004905224713602532e-202 1.006694967079890207e-183 4.258918306463120965e-166 2.275881722278195067e-149 1.536678748936945084e-133 1.311467547279592049e-118 1.415341316554395005e-104 1.932503418845886100e-91 3.340490758323060505e-79 7.315957008242880651e-68 2.032024783291388061e-57 7.166839875260754886e-48 3.214964539066065423e-39 1.838323623143403697e-31 1.343909357212502621e-24 1.261491696901923628e-18 1.530214114097533049e-13 2.423187832548327403e-09 5.097051884605366218e-06 1.471323090578905996e-03 6.247566825838418714e-02 4.621692315289584463e-01 9.105868972329862476e-01 9.973130804277290373e-01 9.999879503828652538e-01 9.999999925374589704e-01 9.999999999993841593e-01 1.000000000000000000e+00 1.000000000000000000e+00 1.000000000000000000e+00 1.000000000000000000e+00 1.000000000000000000e+00 1.000000000000000000e+00 1.000000000000000000e+00 1.000000000000000000e+00 1.000000000000000000e+00 1.000000000000000000e+00 1.000000000000000000e+00 1.000000000000000000e+00 1.000000000000000000e+00 1.000000000000000000e+00 1.000000000000000000e+00 1.000000000000000000e+00 1.000000000000000000e+00 1.000000000000000000e+00 1.000000000000000000e+00 1.000000000000000000e+00 1.000000000000000000e+00 1.000000000000000000e+00 1.000000000000000000e+00 1.000000000000000000e+00 1.000000000000000000e+00 1.000000000000000000e+00 1.000000000000000000e+00 1.000000000000000000e+00 1.000000000000000000e+00 1.000000000000000000e+00 1.000000000000000000e+00 1.000000000000000000e+00 1.000000000000000000e+00 1.000000000000000000e+00 1.000000000000000000e+00 1.000000000000000000e+00 1.000000000000000000e+00 1.000000000000000000e+00 1.000000000000000000e+00 1.000000000000000000e+00 1.000000000000000000e+00 1.000000000000000000e+00 1.000000000000000000e+00 1.000000000000000000e+00 1.000000000000000000e+00 1.000000000000000000e+00 1.000000000000000000e+00 1.000000000000000000e+00
0.000000000000000000e+00 0.000000000000000000e+00 0.000000000000000000e+00 0.000000000000000000e+00 0.000000000000000000e+00 0.000000000000000000e+00 0.000000000000000000e+00 0.000000000000000000e+00 0.000000000000000000e+00 0.000000000000000000e+00 0.000000000000000000e+00 0.000000000000000000e+00 0.000000000000000000e+00 0.000000000000000000e+00 0.000000000000000000e+00 4.684526252539652415e-307 2.033602620197187238e-287 1.961173508389200450e-268 4.201948759563974566e-250 2.000366113074923611e-232 2.116098657014016572e-215 4.974837554888744312e-199 2.599521469929215123e-183 3.019544730761308374e-168 7.798184358770373406e-154 4.478472048758980267e-140 5.720616766188636052e-127 1.625695164071720786e-114 1.028117658561454351e-102 1.447437097786059984e-91 4.538186267696560485e-81 3.170275775182542115e-71 4.937344652845376609e-62 1.715446451290151044e-53 1.330846380639189397e-45 2.307944293267358645e-38 8.959561480817147631e-32 7.800546224116822630e-26 1.526999286836366414e-20 6.744681478552156156e-16 6.756422466007578013e-12 1.546993607594178941e-08 8.198629654353596389e-06 1.027986404527744466e-03 3.179658077653068488e-02 2.649962346164135285e-01 7.254090376065743806e-01 9.660741458361258305e-01 9.988671489826376204e-01 9.999906552631461221e-01 9.999999817502209787e-01 9.999999999917472682e-01 9.999999999999991118e-01 1.000000000000000000e+00 1.000000000000000000e+00 1.000000000000000000e+00 1.000000000000000000e+00 1.000000000000000000e+00 1.000000000000000000e+00 1.000000000000000000e+00 1.000000000000000000e+00 1.000000000000000000e+00 1.000000000000000000e+00 1.000000000000000000e+00 1.000000000000000000e+00 1.000000000000000000e+00 1.000000000000000000e+00 1.000000000000000000e+00 1.000000000000000000e+00 1.000000000000000000e+00 1.000000000000000000e+00 1.000000000000000000e+00 1.000000000000000000e+00 1.000000000000000000e+00 1.000000000000000000e+00 1.000000000000000000e+00 1.000000000000000000e+00 1.000000000000000000e+00 1.000000000000000000e+00 1.000000000000000000e+00 1.000000000000000000e+00 1.000000000000000000e+00 1.000000000000000000e+00 1.000000000000000000e+00 1.000000000000000000e+00 1.000000000000000000e+00 1.000000000000000000e+00 1.000000000000000000e+00 1.000000000000000000e+00 1.000000000000000000e+00 1.000000000000000000e+00 1.000000000000000000e+00 1.000000000000000000e+00 1.000000000000000000e+00 1.000000000000000000e+00 1.000000000000000000e+00 1.000000000000000000e+00 1.000000000000000000e+00 1.000000000000000000e+00 1.000000000000000000e+00
0.000000000000000000e+00 0.000000000000000000e+00 0.000000000000000000e+00 0.000000000000000000e+00 0.000000000000000000e+00 6.026343165992528528e-315 1.764757521247057961e-299 2.095623677132436018e-284 1.009145630305914322e-269 1.970711950926987266e-255 1.560770574149751351e-241 5.013268882743268209e-228 6.531156176321195090e-215 3.451193831130705758e-202 7.397485168731097287e-190 6.432237210421828875e-178 2.268995998803351580e-166 3.247378132749948209e-155 1.885805188075466236e-144 4.443929913030655781e-134 4.250014529333337102e-124 1.649751491887268237e-114 2.599621901820411482e-105 1.663151302945001441e-96 4.320746328659788125e-88 4.559084436674257798e-80 1.954284876592660679e-72 3.404119906383978029e-65 2.410256919391202064e-58 6.939402427735608615e-52 8.127738957982582711e-46 3.874654393763210352e-40 7.522930558195397064e-35 5.953479021754700205e-30 1.922239584862276432e-25 2.535331478316271528e-21 1.368197915134429541e-17 3.027420707310832799e-14 2.754621068632904507e-11 1.034854178368427278e-08 1.614709513612987862e-06 1.055902930678727689e-04 2.936019355897954118e-03 3.558172786074517702e-02 1.965460034631683894e-01 5.383930442505491243e-01 8.524030885708229199e-01 9.770985537878391636e-01 9.983988208433403067e-01 9.999515096663783575e-01 9.999993778001087241e-01 9.999999966613086766e-01 9.999999999925696104e-01 9.999999999999931166e-01 1.000000000000000000e+00 1.000000000000000000e+00 1.000000000000000000e+00 1.000000000000000000e+00 1.000000000000000000e+00 1.000000000000000000e+00 1.000000000000000000e+00 1.000000000000000000e+00 1.000000000000000000e+00 1.000000000000000000e+00 1.000000000000000000e+00 1.000000000000000000e+00 1.000000000000000000e+00 1.000000000000000000e+00 1.000000000000000000e+00 1.000000000000000000e+00 1.000000000000000000e+00 1.000000000000000000e+00 1.000000000000000000e+00 1.000000000000000000e+00 1.000000000000000000e+00 1.000000000000000000e+00 1.000000000000000000e+00 1.000000000000000000e+00 1.000000000000000000e+00 1.000000000000000000e+00 1.000000000000000000e+00 1.000000000000000000e+00 1.000000000000000000e+00 1.000000000000000000e+00 1.000000000000000000e+00 1.000000000000000000e+00 1.000000000000000000e+00 1.000000000000000000e+00 1.000000000000000000e+00 1.000000000000000000e+00 1.000000000000000000e+00 1.000000000000000000e+00 1.000000000000000000e+00 1.000000000000000000e+00 1.000000000000000000e+00 1.000000000000000000e+00 1.000000000000000000e+00 1.000000000000000000e+00 1.000000000000000000e+00 1.000000000000000000e+00
9.336058679946466028e-276 1.631215820358458861e-263 1.495573662131909399e-251 7.195547104334918128e-240 1.816734116114700042e-228 2.407150628726203467e-217 1.673837521006490181e-206 6.108524896760495652e-196 1.170007122698004551e-185 1.176216325318551982e-175 6.206565848802818419e-166 1.719101808671474284e-156 2.499541566705215871e-147 1.907885217314079330e-138 7.645470038918490364e-130 1.608591812686158544e-121 1.777092126462753505e-113 1.030938278271706480e-105 3.140900957916561916e-98 5.025965699442577184e-91 4.224533001402493208e-84 1.865469935847677031e-77 4.328245970868344099e-71 5.277425969739972366e-65 3.382217746871451837e-59 1.139580761175218872e-53 2.019121830132154334e-48 1.881835153945764119e-43 9.228947902373937634e-39 2.382603856762446740e-34 3.239609087263242149e-30 2.321297025382599723e-26 8.771612300756219750e-23 1.749552610816325927e-19 1.844005090871904399e-16 1.028515123569486457e-13 3.041520605023575309e-11 4.780756793269597130e-09 4.008040242925354557e-07 1.801062883013244774e-05 4.369383661952694169e-04 5.786319964614111515e-03 4.257453762810310682e-02 1.792551606882028248e-01 4.542805373822410564e-01 7.544309916537730309e-01 9.321312309084442971e-01 9.891393736917080126e-01 9.990276848126951048e-01 9.999522825611836252e-01 9.999987323373491499e-01 9.999999819172971094e-01 9.999999998622519648e-01 9.999999999994417799e-01 9.999999999999987788e-01 1.000000000000000000e+00 1.000000000000000000e+00 1.000000000000000000e+00 1.000000000000000000e+00 1.000000000000000000e+00 1.000000000000000000e+00 1.000000000000000000e+00 1.000000000000000000e+00 1.000000000000000000e+00 1.000000000000000000e+00 1.000000000000000000e+00 1.000000000000000000e+00 1.000000000000000000e+00 1.000000000000000000e+00 1.000000000000000000e+00 1.000000000000000000e+00 1.000000000000000000e+00 1.000000000000000000e+00 1.000000000000000000e+00 1.000000000000000000e+00 1.000000000000000000e+00 1.000000000000000000e+00 1.000000000000000000e+00 1.000000000000000000e+00 1.000000000000000000e+00 1.000000000000000000e+00 1.000000000000000000e+00 1.000000000000000000e+00 1.000000000000000000e+00 1.000000000000000000e+00 1.000000000000000000e+00 1.000000000000000000e+00 1.000000000000000000e+00 1.000000000000000000e+00 1.000000000000000000e+00 1.000000000000000000e+00 1.000000000000000000e+00 1.000000000000000000e+00 1.000000000000000000e+00 1.000000000000000000e+00 1.000000000000000000e+00 1.000000000000000000e+00 1.000000000000000000e+00 1.000000000000000000e+00 1.000000000000000000e+00
7.286250654411068885e-188 2.098918253760843751e-179 3.841819692278961689e-171 4.468277672465078023e-163 3.302308224612324362e-155 1.550896623430175425e-147 4.628608622814983005e-140 8.778820738616375594e-133 1.058173935178342366e-125 8.106466485031166624e-119 3.947115971066557594e-112 1.221585489083872552e-105 2.403186517748860487e-99 3.005363235810564948e-93 2.389357688004753509e-87 1.207735547636922645e-81 3.881540625174702937e-76 7.932626246120127247e-71 1.030988445075770572e-65 8.522422000299855676e-61 4.481249440448796228e-56 1.499075118142750131e-51 3.190842474294822702e-47 4.322392211240104917e-43 3.727095041636219006e-39 2.046203005803752160e-35 7.154513896262390073e-32 1.593699294529087748e-28 2.262530334872169375e-25 2.048060214137586234e-22 1.182741078227813336e-19 4.360383799008378321e-17 1.027078441073467959e-14 1.547283192992164701e-12 1.492741707653041765e-10 9.237861497179416938e-09 3.675197706723295010e-07 9.427362342173973498e-06 1.565530818175413523e-04 1.692752642552049170e-03 1.201820426879848629e-02 5.674308762175866300e-02 1.817052803445685927e-01 4.070830699264825214e-01 6.695879866973056815e-01 8.670612438690452617e-01 9.629857380254944754e-01 9.930583285984393438e-01 9.991380845326540694e-01 9.999299322378198962e-01 9.999962984942236677e-01 9.999998735833632857e-01 9.999999972189965725e-01 9.999999999606988821e-01 9.999999999996439515e-01 9.999999999999980016e-01 1.000000000000000000e+00 1.000000000000000000e+00 1.000000000000000000e+00 1.000000000000000000e+00 1.000000000000000000e+00 1.000000000000000000e+00 1.000000000000000000e+00 1.000000000000000000e+00 1.000000000000000000e+00 1.000000000000000000e+00 1.000000000000000000e+00 1.000000000000000000e+00 1.000000000000000000e+00 1.000000000000000000e+00 1.000000000000000000e+00 1.000000000000000000e+00 1.000000000000000000e+00 1.000000000000000000e+00 1.000000000000000000e+00 1.000000000000000000e+00 1.000000000000000000e+00 1.000000000000000000e+00 1.000000000000000000e+00 1.000000000000000000e+00 1.000000000000000000e+00 1.000000000000000000e+00 1.000000000000000000e+00 1.000000000000000000e+00 1.000000000000000000e+00 1.000000000000000000e+00 1.000000000000000000e+00 1.000000000000000000e+00 1.000000000000000000e+00 1.000000000000000000e+00 1.000000000000000000e+00 1.000000000000000000e+00 1.000000000000000000e+00 1.000000000000000000e+00 1.000000000000000000e+00 1.000000000000000000e+00 1.000000000000000000e+00 1.000000000000000000e+00 1.000000000000000000e+00 1.000000000000000000e+00
5.232425437110861224e-117 1.236788129388108724e-111 2.175332607140338070e-106 2.847126213937441852e-101 2.773013638752878233e-96 2.009907785155743951e-91 1.084163739338301758e-86 4.352365105057150706e-82 1.300427010743354791e-77 2.891991419784025880e-73 4.787186170779375878e-69 5.898748779202373769e-65 5.410806445465383047e-61 3.695008477737081212e-57 1.878676374199417164e-53 7.112244619709139610e-50 2.005018878209471736e-46 4.209500680139238186e-43 6.582507443476926951e-40 7.667520938920846561e-37 6.653994471815430859e-34 4.302717093296907116e-31 2.073550171368850788e-28 7.448819859466651237e-26 1.995100654024248113e-23 3.985346480199739014e-21 5.939236399102947299e-19 6.605748577050875074e-17 5.485727097749042037e-15 3.403288618532869069e-13 1.578321762628102298e-11 5.476032964086601974e-10 1.422762744574639040e-08 2.771556739897915646e-07 4.054269523016755969e-06 4.462402680415563408e-05 3.705417620611320276e-04 2.329456861613379316e-03 1.114106377267445880e-02 4.081284193881783845e-02 1.156266044818096000e-01 2.568963934859477272e-01 4.567004443648665091e-01 6.683797794575558893e-01 8.363673681768406531e-01 9.362244892294173670e-01 9.806811239811348280e-01 9.955021518821733917e-01 9.992013823272660744e-01 9.998924568296314597e-01 9.999890604869888788e-01 9.999991618928317783e-01 9.999999517475968158e-01 9.999999979159301944e-01 9.999999999325630551e-01 9.999999999983668619e-01 9.999999999999704681e-01 9.999999999999995559e-01 1.000000000000000000e+00 1.000000000000000000e+00 1.000000000000000000e+00 1.000000000000000000e+00 1.000000000000000000e+00 1.000000000000000000e+00 1.000000000000000000e+00 1.000000000000000000e+00 1.000000000000000000e+00 1.000000000000000000e+00 1.000000000000000000e+00 1.000000000000000000e+00 1.000000000000000000e+00 1.000000000000000000e+00 1.000000000000000000e+00 1.000000000000000000e+00 1.000000000000000000e+00 1.000000000000000000e+00 1.000000000000000000e+00 1.000000000000000000e+00 1.000000000000000000e+00 1.000000000000000000e+00 1.000000000000000000e+00 1.000000000000000000e+00 1.000000000000000000e+00 1.000000000000000000e+00 1.000000000000000000e+00 1.000000000000000000e+00 1.000000000000000000e+00 1.000000000000000000e+00 1.000000000000000000e+00 1.000000000000000000e+00 1.000000000000000000e+00 1.000000000000000000e+00 1.000000000000000000e+00 1.000000000000000000e+00 1.000000000000000000e+00 1.000000000000000000e+00 1.000000000000000000e+00 1.000000000000000000e+00 1.000000000000000000e+00 1.000000000000000000e+00
3.714914951254943600e-88 4.859411168177392319e-84 5.043449108865705107e-80 4.153309187912106180e-76 2.713925672862223778e-72 1.407195040514314454e-68 5.790021440329103670e-65 1.890574803154472328e-61 4.899088053121909385e-58 1.007548467755999543e-54 1.644635222733178135e-51 2.130845744273144223e-48 2.191500532563352625e-45 1.789243732100218042e-42 1.159765629739856119e-39 5.968729807637417125e-37 2.439197436130243418e-34 7.916124591718264406e-32 2.040477724442356561e-29 4.177959169870640041e-27 6.796367474070982366e-25 8.785088601813637330e-23 9.025247558251724855e-21 7.370817521774703226e-19 4.786643017028400549e-17 2.472516587627300866e-15 1.016241531935629552e-13 3.324980445861796434e-12 8.664341930263931724e-11 1.799286798362165338e-09 2.979913572733345172e-08 3.939471404820728195e-07 4.161888152947268417e-06 3.518629818527158439e-05 2.384891860922311833e-04 1.298934571215512243e-03 5.702431465392994100e-03 2.026125137754328925e-02 5.858973725162823498e-02 1.389468807049867305e-01 2.731202940670424129e-01 4.515512252228863210e-01 6.405453189936060054e-01 7.999875352994665345e-01 9.071216517531861534e-01 9.644545647540290201e-01 9.888891380926927432e-01 9.971817992044338386e-01 9.994227239710884447e-01 9.999048421920238017e-01 9.999874108901116720e-01 9.999986660276483086e-01 9.999998869661762546e-01 9.999999923504873101e-01 9.999999995869660596e-01 9.999999999822208885e-01 9.999999999993902655e-01 9.999999999999833467e-01 9.999999999999995559e-01 1.000000000000000000e+00 1.000000000000000000e+00 1.000000000000000000e+00 1.000000000000000000e+00 1.000000000000000000e+00 1.000000000000000000e+00 1.000000000000000000e+00 1.000000000000000000e+00 1.000000000000000000e+00 1.000000000000000000e+00 1.000000000000000000e+00 1.000000000000000000e+00 1.000000000000000000e+00 1.000000000000000000e+00 1.000000000000000000e+00 1.000000000000000000e+00 1.000000000000000000e+00 1.000000000000000000e+00 1.000000000000000000e+00 1.000000000000000000e+00 1.000000000000000000e+00 1.000000000000000000e+00 1.000000000000000000e+00 1.000000000000000000e+00 1.000000000000000000e+00 1.000000000000000000e+00 1.000000000000000000e+00 1.000000000000000000e+00 1.000000000000000000e+00 1.000000000000000000e+00 1.000000000000000000e+00 1.000000000000000000e+00 1.000000000000000000e+00 1.000000000000000000e+00 1.000000000000000000e+00 1.000000000000000000e+00 1.000000000000000000e+00 1.000000000000000000e+00 1.000000000000000000e+00 1.000000000000000000e+00 1.000000000000000000e+00
5.811384083563029795e-60 4.473267030806661284e-57 2.908509552688916753e-54 1.597465949973490653e-51 7.411812038702906910e-49 2.905135699646032047e-46 9.620037056139992882e-44 2.691386571995711104e-41 6.361902513666506002e-39 1.270674147386454826e-36 2.144591814348843292e-34 3.058778446271893219e-32 3.687032722992098429e-30 3.756363755136550055e-28 3.234893296056720066e-26 2.355040708076678748e-24 1.449548169040367541e-22 7.544288237808101847e-21 3.320609863401810741e-19 1.236238056758264212e-17 3.893600034569954445e-16 1.037665040268521412e-14 2.340587214438010396e-13 4.469672257278374290e-12 7.228543324997016531e-11 9.904102908144287390e-10 1.150172991661259841e-08 1.132728373342962985e-07 9.466286411127109624e-07 6.718297883337348404e-06 4.052967353098997102e-05 2.080775785745186783e-04 9.104264501619697535e-04 3.401152037536298890e-03 1.087385184470613352e-02 2.984201835305631129e-02 7.057859929370072227e-02 1.446018228586215815e-01 2.584132284037950478e-01 4.064758337387097686e-01 5.694622396596117353e-01 7.212740145853830942e-01 8.409222688471802432e-01 9.207125420083003275e-01 9.657350000557953784e-01 9.872298462554502940e-01 9.959125095880957401e-01 9.988798691572428057e-01 9.997378326424025685e-01 9.999476926042080160e-01 9.999911167623459773e-01 9.999987174259408196e-01 9.999998427193277362e-01 9.999999836316253443e-01 9.999999985552636694e-01 9.999999998919095745e-01 9.999999999931482586e-01 9.999999999996320721e-01 9.999999999999833467e-01 9.999999999999993339e-01 1.000000000000000000e+00 1.000000000000000000e+00 1.000000000000000000e+00 1.000000000000000000e+00 1.000000000000000000e+00 1.000000000000000000e+00 1.000000000000000000e+00 1.000000000000000000e+00 1.000000000000000000e+00 1.000000000000000000e+00 1.000000000000000000e+00 1.000000000000000000e+00 1.000000000000000000e+00 1.000000000000000000e+00 1.000000000000000000e+00 1.000000000000000000e+00 1.000000000000000000e+00 1.000000000000000000e+00 1.000000000000000000e+00 1.000000000000000000e+00 1.000000000000000000e+00 1.000000000000000000e+00 1.000000000000000000e+00 1.000000000000000000e+00 1.000000000000000000e+00 1.000000000000000000e+00 1.000000000000000000e+00 1.000000000000000000e+00 1.000000000000000000e+00 1.000000000000000000e+00 1.000000000000000000e+00 1.000000000000000000e+00 1.000000000000000000e+00 1.000000000000000000e+00 1.000000000000000000e+00 1.000000000000000000e+00 1.000000000000000000e+00 1.000000000000000000e+00 1.000000000000000000e+00 1.000000000000000000e+00
1.599827045743066590e-44 2.514716818215431613e-42 3.460988135586477096e-40 4.170831481741250542e-38 4.401235297688091715e-36 4.067011197689914306e-34 3.291138098478008615e-32 2.332436440385268423e-30 1.447743582158824940e-28 7.870804685202766868e-27 3.748197957627742017e-25 1.563633992638875719e-23 5.714703069441414828e-22 1.829948963644789028e-20 5.134714972930407048e-19 1.262630626403652643e-17 2.721294470316424803e-16 5.141356018951549735e-15 8.516372559131631845e-14 1.237052278271922773e-12 1.576053331245655806e-11 1.761610288837063498e-10 1.727936277498890899e-09 1.487877030001112392e-08 1.125107559392719686e-07 7.474877245520609042e-07 4.365442572525484430e-06 2.242551411393078556e-05 1.014093551970394829e-04 4.040520500976353094e-04 1.420079231612337905e-03 4.408714522287514662e-03 1.211138711292143386e-02 2.950614796887007438e-02 6.392612993519873610e-02 1.236054163674914497e-01 2.142750858703432737e-01 3.349812416076352051e-01 4.757895317780783673e-01 6.197223317260587283e-01 7.486435065284062773e-01 8.498295745200592499e-01 9.194196161789879307e-01 9.613568904717497698e-01 9.835018944831603882e-01 9.937482275689303313e-01 9.979022802282260241e-01 9.993779156431994437e-01 9.998371998478003952e-01 9.999624477050398363e-01 9.999923728092019459e-01 9.999986370309603689e-01 9.999997858550941920e-01 9.999999704345167162e-01 9.999999964148174048e-01 9.999999996183094320e-01 9.999999999643356396e-01 9.999999999970761166e-01 9.999999999997897238e-01 9.999999999999866773e-01 9.999999999999993339e-01 1.000000000000000000e+00 1.000000000000000000e+00 1.000000000000000000e+00 1.000000000000000000e+00 1.000000000000000000e+00 1.000000000000000000e+00 1.000000000000000000e+00 1.000000000000000000e+00 1.000000000000000000e+00 1.000000000000000000e+00 1.000000000000000000e+00 1.000000000000000000e+00 1.000000000000000000e+00 1.000000000000000000e+00 1.000000000000000000e+00 1.000000000000000000e+00 1.000000000000000000e+00 1.000000000000000000e+00 1.000000000000000000e+00 1.000000000000000000e+00 1.000000000000000000e+00 1.000000000000000000e+00 1.000000000000000000e+00 1.000000000000000000e+00 1.000000000000000000e+00 1.000000000000000000e+00 1.000000000000000000e+00 1.000000000000000000e+00 1.000000000000000000e+00 1.000000000000000000e+00 1.000000000000000000e+00 1.000000000000000000e+00 1.000000000000000000e+00 1.000000000000000000e+00 1.000000000000000000e+00 1.000000000000000000e+00 1.000000000000000000e+00 1.000000000000000000e+00 1.000000000000000000e+00
7.276044149445823548e-33 3.299174109874492313e-31 1.348663484104408478e-29 4.970596968406175062e-28 1.651732684408181597e-26 4.949013288044743610e-25 1.337113954485338007e-23 3.257726428063186645e-22 7.157890417925251563e-21 1.418437813418375292e-19 2.535268907756146662e-18 4.087552888801665311e-17 5.945241476495695932e-16 7.801678800723446600e-15 9.237831160157078712e-14 9.871254333040181460e-13 9.520483840770728722e-12 8.289001387766125969e-11 6.516038399366103038e-10 4.625900192347077156e-09 2.966513790324284304e-08 1.718921804282841369e-07 9.002572827093181251e-07 4.263261482527655942e-06 1.826307522194686711e-05 7.080895544435615000e-05 2.486292758865761652e-04 7.911981360037515648e-04 2.283866244154498116e-03 5.986496887682202055e-03 1.426782080698761786e-02 3.096851556804463071e-02 6.133660442787797901e-02 1.111276136521742869e-01 1.847376333298433593e-01 2.828620442413450897e-01 4.008051306750857190e-01 5.286325337795150237e-01 6.535524905948778551e-01 7.636293352835819004e-01 8.510906270032936316e-01 9.137506614525900961e-01 9.542286422858943240e-01 9.778061964991333621e-01 9.901892627028274774e-01 9.960534064617602157e-01 9.985573530192620728e-01 9.995213734417980334e-01 9.998560185624028041e-01 9.999607593569843633e-01 9.999903174250643900e-01 9.999978381630092450e-01 9.999995634614977646e-01 9.999999203086986643e-01 9.999999868527559288e-01 9.999999980404257194e-01 9.999999997361985749e-01 9.999999999679313190e-01 9.999999999964804820e-01 9.999999999996513900e-01 9.999999999999688027e-01 9.999999999999975575e-01 9.999999999999997780e-01 1.000000000000000000e+00 1.000000000000000000e+00 1.000000000000000000e+00 1.000000000000000000e+00 1.000000000000000000e+00 1.000000000000000000e+00 1.000000000000000000e+00 1.000000000000000000e+00 1.000000000000000000e+00 1.000000000000000000e+00 1.000000000000000000e+00 1.000000000000000000e+00 1.000000000000000000e+00 1.000000000000000000e+00 1.000000000000000000e+00 1.000000000000000000e+00 1.000000000000000000e+00 1.000000000000000000e+00 1.000000000000000000e+00 1.000000000000000000e+00 1.000000000000000000e+00 1.000000000000000000e+00 1.000000000000000000e+00 1.000000000000000000e+00 1.000000000000000000e+00 1.000000000000000000e+00 1.000000000000000000e+00 1.000000000000000000e+00 1.000000000000000000e+00 1.000000000000000000e+00 1.000000000000000000e+00 1.000000000000000000e+00 1.000000000000000000e+00 1.000000000000000000e+00 1.000000000000000000e+00 1.000000000000000000e+00 1.000000000000000000e+00
6.890917536359872648e-24 1.184836113638210832e-22 1.879380875663877452e-21 2.750216900119696246e-20 3.713101485499538389e-19 4.625391628980620346e-18 5.316530703789472680e-17 5.639038636248513066e-16 5.519634934022833281e-15 4.986306509196229189e-14 4.157663311437828776e-13 3.200102548527563503e-12 2.273892354293279608e-11 1.491831974221205799e-10 9.038007566603698385e-10 5.057014700022547230e-09 2.613718030751863232e-08 1.248102497744283739e-07 5.507622561014566214e-07 2.246514992486079777e-06 8.472478027772694588e-06 2.955365855242522499e-05 9.538456186278227280e-05 2.849735931706897556e-04 7.885286926829138858e-04 2.022011090580222350e-03 4.808598840809426289e-03 1.061447556738783632e-02 2.177076031757031391e-02 4.154179041764618358e-02 7.385633350923276330e-02 1.225672946602209407e-01 1.902871663330247820e-01 2.771165943209573657e-01 3.797951196828497911e-01 4.917787395032711673e-01 6.044185072023313676e-01 7.089125103831694918e-01 7.983157423290716537e-01 8.688624899712986682e-01 9.202032436570722895e-01 9.546626929643511339e-01 9.759938545869326632e-01 9.881719631302683382e-01 9.945841071429172286e-01 9.976978559571333394e-01 9.990923588162136104e-01 9.996683413030019727e-01 9.998877488491506593e-01 9.999648293455655201e-01 9.999898032377325663e-01 9.999972655729839621e-01 9.999993219747634887e-01 9.999998445919245915e-01 9.999999670816135389e-01 9.999999935576617816e-01 9.999999988353296398e-01 9.999999998055350003e-01 9.999999999700158737e-01 9.999999999957313035e-01 9.999999999994388933e-01 9.999999999999319433e-01 9.999999999999924505e-01 9.999999999999992228e-01 1.000000000000000000e+00 1.000000000000000000e+00 1.000000000000000000e+00 1.000000000000000000e+00 1.000000000000000000e+00 1.000000000000000000e+00 1.000000000000000000e+00 1.000000000000000000e+00 1.000000000000000000e+00 1.000000000000000000e+00 1.000000000000000000e+00 1.000000000000000000e+00 1.000000000000000000e+00 1.000000000000000000e+00 1.000000000000000000e+00 1.000000000000000000e+00 1.000000000000000000e+00 1.000000000000000000e+00 1.000000000000000000e+00 1.000000000000000000e+00 1.000000000000000000e+00 1.000000000000000000e+00 1.000000000000000000e+00 1.000000000000000000e+00 1.000000000000000000e+00 1.000000000000000000e+00 1.000000000000000000e+00 1.000000000000000000e+00 1.000000000000000000e+00 1.000000000000000000e+00 1.000000000000000000e+00 1.000000000000000000e+00 1.000000000000000000e+00 1.000000000000000000e+00 1.000000000000000000e+00 1.000000000000000000e+00
2.488516654858919651e-17 2.007160313854170810e-16 1.522817713550493310e-15 1.086826330438544089e-14 7.296972770963801123e-14 4.609160021647109958e-13 2.739213692752855894e-12 1.531744846204570523e-11 8.060049960592615687e-11 3.991330846304581854e-10 1.860236951973648226e-09 8.160855908346783243e-09 3.370323293128560914e-08 1.310488528085997175e-07 4.798272135238587271e-07 1.654620979064701016e-06 5.374712740270081137e-06 1.644927291630737958e-05 4.744351321406305031e-05 1.289923922775513718e-04 3.307074243110109317e-04 7.997826890219350690e-04 1.825272834284908047e-03 3.932958219214252073e-03 8.005504309356205675e-03 1.540347681543377013e-02 2.803763761874953492e-02 4.832228775630490608e-02 7.894026380458311898e-02 1.223886473288848531e-01 1.803527683022635997e-01 2.530526357065133736e-01 3.387755470113225087e-01 4.338030409203355586e-01 5.328385184097204075e-01 6.298719787051365593e-01 7.192521979968777845e-01 7.966538837753589508e-01 8.596695316889846339e-01 9.079015235944795092e-01 9.426080033602510788e-01 9.660867131669979013e-01 9.810189837358134213e-01 9.899472071460494460e-01 9.949659089065147066e-01 9.976180973811432651e-01 9.989357578026314410e-01 9.995512012615945796e-01 9.998214463020052012e-01 9.999330070824545835e-01 9.999763031922181966e-01 9.999920999866640514e-01 9.999975183860450034e-01 9.999992656325049634e-01 9.999997953173553888e-01 9.999999462767823477e-01 9.999999867233124728e-01 9.999999969110948683e-01 9.999999993235229034e-01 9.999999998605599849e-01 9.999999999729501932e-01 9.999999999950620611e-01 9.999999999991517896e-01 9.999999999998629985e-01 9.999999999999791278e-01 9.999999999999970024e-01 9.999999999999995559e-01 1.000000000000000000e+00 1.000000000000000000e+00 1.000000000000000000e+00 1.000000000000000000e+00 1.000000000000000000e+00 1.000000000000000000e+00 1.000000000000000000e+00 1.000000000000000000e+00 1.000000000000000000e+00 1.000000000000000000e+00 1.000000000000000000e+00 1.000000000000000000e+00 1.000000000000000000e+00 1.000000000000000000e+00 1.000000000000000000e+00 1.000000000000000000e+00 1.000000000000000000e+00 1.000000000000000000e+00 1.000000000000000000e+00 1.000000000000000000e+00 1.000000000000000000e+00 1.000000000000000000e+00 1.000000000000000000e+00 1.000000000000000000e+00 1.000000000000000000e+00 1.000000000000000000e+00 1.000000000000000000e+00 1.000000000000000000e+00 1.000000000000000000e+00 1.000000000000000000e+00 1.000000000000000000e+00 1.000000000000000000e+00 1.000000000000000000e+00
1.577809411495016600e-16 1.208952277753713677e-15 8.712344927236877994e-15 5.905491986915600480e-14 3.765288164064407508e-13 2.258342845399934995e-12 1.274272105534876456e-11 6.764712057999285871e-11 3.379005849491024001e-10 1.588263806369484510e-09 7.025810768844438689e-09 2.925240097823152616e-08 1.146502056654828965e-07 4.230582024293807676e-07 1.469971213855557255e-06 4.810402590073879067e-06 1.482889584799185725e-05 4.307190945681918130e-05 1.179111305531666963e-04 3.043162640464749566e-04 7.407291928987950027e-04 1.701122617362162050e-03 3.687735427118406326e-03 7.550430059219433512e-03 1.461004755593024902e-02 2.673796203937263069e-02 4.632215601828675033e-02 7.604841855091436231e-02 1.184605701592085641e-01 1.753400998917463149e-01 2.470431514064657941e-01 3.320072453909707066e-01 4.266417516709793967e-01 5.257203838909986215e-01 6.232253905063759314e-01 7.134220072395893730e-01 7.918497884971347212e-01 8.559509411006200885e-01 9.051977168178850786e-01 9.407613063909094908e-01 9.649019542603404220e-01 9.803050304326978992e-01 9.895430915300614805e-01 9.947510628781177644e-01 9.975108160744191599e-01 9.988854443429420193e-01 9.995290399620959665e-01 9.998122789534928945e-01 9.999294457275720305e-01 9.999750039380901345e-01 9.999916548807544769e-01 9.999973751986992454e-01 9.999992223813258807e-01 9.999997830508313701e-01 9.999999430105166454e-01 9.999999859068018360e-01 9.999999967194823647e-01 9.999999992813137784e-01 9.999999998518328548e-01 9.999999999712567700e-01 9.999999999947537521e-01 9.999999999990991650e-01 9.999999999998544498e-01 9.999999999999779066e-01 9.999999999999968914e-01 9.999999999999995559e-01 1.000000000000000000e+00 1.000000000000000000e+00 1.000000000000000000e+00 1.000000000000000000e+00 1.000000000000000000e+00 1.000000000000000000e+00 1.000000000000000000e+00 1.000000000000000000e+00 1.000000000000000000e+00 1.000000000000000000e+00 1.000000000000000000e+00 1.000000000000000000e+00 1.000000000000000000e+00 1.000000000000000000e+00 1.000000000000000000e+00 1.000000000000000000e+00 1.000000000000000000e+00 1.000000000000000000e+00 1.000000000000000000e+00 1.000000000000000000e+00 1.000000000000000000e+00 1.000000000000000000e+00 1.000000000000000000e+00 1.000000000000000000e+00 1.000000000000000000e+00 1.000000000000000000e+00 1.000000000000000000e+00 1.000000000000000000e+00 1.000000000000000000e+00 1.000000000000000000e+00 1.000000000000000000e+00 1.000000000000000000e+00 1.000000000000000000e+00 1.000000000000000000e+00
1.772979472965735888e-17 1.512851771027429302e-16 1.210877023257195643e-15 9.091551216364249508e-15 6.403768636918871901e-14 4.231757004365188824e-13 2.623757257231667448e-12 1.526433188673215276e-11 8.333355374801699868e-11 4.269632683012945323e-10 2.053215473278143188e-09 9.268336488952311798e-09 3.927786092144893198e-08 1.562912558969201752e-07 5.840256594915811281e-07 2.049830137341033040e-06 6.758977090339962294e-06 2.094216365577106762e-05 6.098932621773448806e-05 1.669969231781271357e-04 4.300663779910231374e-04 1.042096639703538139e-03 2.376985756347341824e-03 5.106516853097843416e-03 1.033893131079148715e-02 1.974240004989311070e-02 3.558572953457404819e-02 6.061094053276065707e-02 9.766897752333991711e-02 1.491160687050445688e-01 2.160757398335394763e-01 2.977791400549897327e-01 3.912425188496493345e-01 4.914770777763386445e-01 5.922556541955621423e-01 6.872491104640338078e-01 7.711939176214898106e-01 8.407393379429783931e-01 8.947547390858314742e-01 9.340862650070858031e-01 9.609358635076221677e-01 9.781192292140208355e-01 9.884290632438410551e-01 9.942282570694493948e-01 9.972863841665076112e-01 9.987982553244179051e-01 9.994989756402009595e-01 9.998034456964390859e-01 9.999274719537258882e-01 9.999748362435212368e-01 9.999917935112936362e-01 9.999974850179831343e-01 9.999992758884129751e-01 9.999998041701478879e-01 9.999999502635046333e-01 9.999999881389427525e-01 9.999999973444142487e-01 9.999999994418776739e-01 9.999999998899018472e-01 9.999999999796170824e-01 9.999999999964588326e-01 9.999999999994226840e-01 9.999999999999116262e-01 9.999999999999873435e-01 9.999999999999982236e-01 9.999999999999997780e-01 1.000000000000000000e+00 1.000000000000000000e+00 1.000000000000000000e+00 1.000000000000000000e+00 1.000000000000000000e+00 1.000000000000000000e+00 1.000000000000000000e+00 1.000000000000000000e+00 1.000000000000000000e+00 1.000000000000000000e+00 1.000000000000000000e+00 1.000000000000000000e+00 1.000000000000000000e+00 1.000000000000000000e+00 1.000000000000000000e+00 1.000000000000000000e+00 1.000000000000000000e+00 1.000000000000000000e+00 1.000000000000000000e+00 1.000000000000000000e+00 1.000000000000000000e+00 1.000000000000000000e+00 1.000000000000000000e+00 1.000000000000000000e+00 1.000000000000000000e+00 1.000000000000000000e+00 1.000000000000000000e+00 1.000000000000000000e+00 1.000000000000000000e+00 1.000000000000000000e+00 1.000000000000000000e+00 1.000000000000000000e+00 1.000000000000000000e+00 1.000000000000000000e+00
8.383027769053685092e-17 6.181153953602141184e-16 4.301134410412633945e-15 2.824636068947118552e-14 1.750778084186560686e-13 1.024268845021948293e-12 5.656379476227703521e-12 2.948729041787609630e-11 1.451228853870064438e-10 6.743383974060191673e-10 2.958698964906097185e-09 1.225882246693980656e-08 4.797012015904977594e-08 1.773051776372109933e-07 6.191008225759283485e-07 2.042484374149595118e-06 6.367807613605567385e-06 1.876467763514087298e-05 5.227688912467479723e-05 1.377230126470221244e-04 3.432081987927229627e-04 8.092964485971680232e-04 1.806435771327008456e-03 3.818510551867551010e-03 7.647934711570572759e-03 1.452216957390132374e-02 2.616121101755582157e-02 4.474834359639680292e-02 7.274526317530947972e-02 1.125203439646562664e-01 1.658188595616422178e-01 2.331820414917084028e-01 3.134853945196358627e-01 4.037772341227840456e-01 4.995334874478064568e-01 5.953167560539744940e-01 6.856850381545260831e-01 7.661017334287187897e-01 8.335980625598143900e-01 8.870320635772276363e-01 9.269307568928646379e-01 9.550305340675944166e-01 9.736964819795054238e-01 9.853914731201706134e-01 9.923026511698879171e-01 9.961548280957686075e-01 9.981800000828180419e-01 9.991841965352925570e-01 9.996538483931978192e-01 9.998610215408620938e-01 9.999472181879363042e-01 9.999810438389560296e-01 9.999935637198598126e-01 9.999979344279237292e-01 9.999993735587013877e-01 9.999998204941931146e-01 9.999999514077962948e-01 9.999999875753602385e-01 9.999999969996247184e-01 9.999999993157845379e-01 9.999999998526698519e-01 9.999999999700476261e-01 9.999999999942512652e-01 9.999999999989583888e-01 9.999999999998219202e-01 9.999999999999712452e-01 9.999999999999955591e-01 9.999999999999993339e-01 9.999999999999998890e-01 1.000000000000000000e+00 1.000000000000000000e+00 1.000000000000000000e+00 1.000000000000000000e+00 1.000000000000000000e+00 1.000000000000000000e+00 1.000000000000000000e+00 1.000000000000000000e+00 1.000000000000000000e+00 1.000000000000000000e+00 1.000000000000000000e+00 1.000000000000000000e+00 1.000000000000000000e+00 1.000000000000000000e+00 1.000000000000000000e+00 1.000000000000000000e+00 1.000000000000000000e+00 1.000000000000000000e+00 1.000000000000000000e+00 1.000000000000000000e+00 1.000000000000000000e+00 1.000000000000000000e+00 1.000000000000000000e+00 1.000000000000000000e+00 1.000000000000000000e+00 1.000000000000000000e+00 1.000000000000000000e+00 1.000000000000000000e+00 1.000000000000000000e+00 1.000000000000000000e+00 1.000000000000000000e+00
3.337560134821245103e-14 1.644983751887799700e-13 7.756775149564033630e-13 3.499500864983786166e-12 1.510622839330022541e-11 6.239537548753621870e-11 2.466143715299040092e-10 9.327800125788453697e-10 3.376466733701689630e-09 1.169763807316333804e-08 3.878995414416494524e-08 1.231294275391449453e-07 3.741671909822847254e-07 1.088615770653822057e-06 3.032753201382308281e-06 8.091085032652007254e-06 2.067490026900352965e-05 5.060735223814553712e-05 1.186838913571787023e-04 2.667235632317498280e-04 5.745348022950330603e-04 1.186485984468948129e-03 2.349741839094090460e-03 4.464010073161077050e-03 8.138283592884243065e-03 1.424362028584126756e-02 2.394368557802317721e-02 3.867924907645477889e-02 6.008280969880313432e-02 8.980854565859480720e-02 1.292821352866413698e-01 1.794017978028498439e-01 2.402485276830604588e-01 3.108793072396346946e-01 3.892725190195099882e-01 4.724662596561961525e-01 5.568833931893246714e-01 6.387861104663004053e-01 7.147651448877632152e-01 7.821584809237477343e-01 8.393152703211949062e-01 8.856649063562842539e-01 9.216027813312184236e-01 9.482459539283776273e-01 9.671322530751831348e-01 9.799329925738993197e-01 9.882286421270729537e-01 9.933689926674074133e-01 9.964145159350643599e-01 9.981397887736097596e-01 9.990742905764300463e-01 9.995582721205673593e-01 9.997979365311342459e-01 9.999114125682025955e-01 9.999627850331214152e-01 9.999850223318401676e-01 9.999942259539100764e-01 9.999978681252367219e-01 9.999992462436233520e-01 9.999997448260276034e-01 9.999999172951380411e-01 9.999999743390544094e-01 9.999999923788100986e-01 9.999999978335609718e-01 9.999999994105976953e-01 9.999999998465418649e-01 9.999999999617656954e-01 9.999999999908846249e-01 9.999999999979205523e-01 9.999999999995461408e-01 9.999999999999051870e-01 9.999999999999811262e-01 9.999999999999964473e-01 9.999999999999993339e-01 9.999999999999998890e-01 1.000000000000000000e+00 1.000000000000000000e+00 1.000000000000000000e+00 1.000000000000000000e+00 1.000000000000000000e+00 1.000000000000000000e+00 1.000000000000000000e+00 1.000000000000000000e+00 1.000000000000000000e+00 1.000000000000000000e+00 1.000000000000000000e+00 1.000000000000000000e+00 1.000000000000000000e+00 1.000000000000000000e+00 1.000000000000000000e+00 1.000000000000000000e+00 1.000000000000000000e+00 1.000000000000000000e+00 1.000000000000000000e+00 1.000000000000000000e+00 1.000000000000000000e+00 1.000000000000000000e+00 1.000000000000000000e+00 1.000000000000000000e+00 1.000000000000000000e+00
4.766553230641789056e-19 3.890667069464929225e-18 3.003425005558774029e-17 2.192799947169978871e-16 1.514218111982291813e-15 9.890180700164172981e-15 6.110365007304821574e-14 3.571081670644710023e-13 1.974361499054171211e-12 1.032701051530026884e-11 5.110612033460977130e-11 2.393060391155319218e-10 1.060357041168673747e-09 4.446385967014263480e-09 1.764662533904542015e-08 6.629231129881812162e-08 2.357569084226549304e-07 7.938240878478059174e-07 2.531094895872581589e-06 7.643470726979193451e-06 2.186521537757526632e-05 5.926408252699201550e-05 1.522334914818736359e-04 3.707067574847117261e-04 8.560328783438987590e-04 1.875202945618183008e-03 3.898397957833576403e-03 7.695107323725266721e-03 1.443039083777563833e-02 2.572532473437193212e-02 4.363101713500470297e-02 7.046458705983869863e-02 1.084787962049608839e-01 1.593877133166970994e-01 2.238376273340000888e-01 3.009690891107364985e-01 3.882303804011797976e-01 4.815542294480707475e-01 5.759048209741537416e-01 6.660780448427775502e-01 7.475468827754171430e-01 8.171271889576356973e-01 8.733046278334166690e-01 9.161810149887754662e-01 9.471163557344119965e-01 9.682158422214803828e-01 9.818199129810825099e-01 9.901116517604477973e-01 9.948891634443755017e-01 9.974913412575554528e-01 9.988311748507852084e-01 9.994833181235174280e-01 9.997833814969380173e-01 9.999138964545241093e-01 9.999675606227379498e-01 9.999884192051764487e-01 9.999960833001217964e-01 9.999987453246788061e-01 9.999996193775474440e-01 9.999998906696507817e-01 9.999999702690378633e-01 9.999999923467823848e-01 9.999999981353533407e-01 9.999999995700461497e-01 9.999999999061834899e-01 9.999999999806299389e-01 9.999999999962160269e-01 9.999999999993006705e-01 9.999999999998776534e-01 9.999999999999797939e-01 9.999999999999968914e-01 9.999999999999995559e-01 1.000000000000000000e+00 1.000000000000000000e+00 1.000000000000000000e+00 1.000000000000000000e+00 1.000000000000000000e+00 1.000000000000000000e+00 1.000000000000000000e+00 1.000000000000000000e+00 1.000000000000000000e+00 1.000000000000000000e+00 1.000000000000000000e+00 1.000000000000000000e+00 1.000000000000000000e+00 1.000000000000000000e+00 1.000000000000000000e+00 1.000000000000000000e+00 1.000000000000000000e+00 1.000000000000000000e+00 1.000000000000000000e+00 1.000000000000000000e+00 1.000000000000000000e+00 1.000000000000000000e+00 1.000000000000000000e+00 1.000000000000000000e+00 1.000000000000000000e+00 1.000000000000000000e+00 1.000000000000000000e+00 1.000000000000000000e+00
7.811332933345933383e-19 6.046928715106689198e-18 4.436624734439492888e-17 3.085278625909560040e-16 2.033653084730200162e-15 1.270628051815342903e-14 7.525561643828665699e-14 4.225321943038900358e-13 2.249077763284879559e-12 1.135006564275350589e-11 5.430868637307468504e-11 2.464039412359780501e-10 1.060148671780932240e-09 4.325769048017084446e-09 1.674085851780566525e-08 6.145463299105658496e-08 2.140146699838869667e-07 7.071303879666075105e-07 2.217092755940603404e-06 6.597285353060101270e-06 1.863462901684345897e-05 4.997318800823094277e-05 1.272659474146642941e-04 3.078629418119843046e-04 7.076185872366748961e-04 1.545903234666055198e-03 3.211238387752391767e-03 6.345428961990826587e-03 1.193351545274979296e-02 2.137227958412559609e-02 3.647592355621172983e-02 5.937211279289125732e-02 9.225422974555660960e-02 1.369917222633775800e-01 1.946549555222836236e-01 2.650661919195551608e-01 3.465179935279201207e-01 4.357817681464181692e-01 5.284574268913911910e-01 6.196106477954921310e-01 7.045471261068555480e-01 7.795248640365946002e-01 8.422275576342258541e-01 8.919046008838314998e-01 9.291901739911607727e-01 9.557021003268797443e-01 9.735610917023829192e-01 9.849580123971699575e-01 9.918482282006773065e-01 9.957945503584386682e-01 9.979357952802052623e-01 9.990364571220250456e-01 9.995724448633329651e-01 9.998197133582118479e-01 9.999277808987957483e-01 9.999725248002910849e-01 9.999900750803780713e-01 9.999965965483615937e-01 9.999988922596153573e-01 9.999996578547882820e-01 9.999998997295518333e-01 9.999999721215850901e-01 9.999999926473436274e-01 9.999999981606894073e-01 9.999999995636263961e-01 9.999999999018214236e-01 9.999999999790543104e-01 9.999999999957629448e-01 9.999999999991873167e-01 9.999999999998522293e-01 9.999999999999744649e-01 9.999999999999957812e-01 9.999999999999993339e-01 9.999999999999998890e-01 1.000000000000000000e+00 1.000000000000000000e+00 1.000000000000000000e+00 1.000000000000000000e+00 1.000000000000000000e+00 1.000000000000000000e+00 1.000000000000000000e+00 1.000000000000000000e+00 1.000000000000000000e+00 1.000000000000000000e+00 1.000000000000000000e+00 1.000000000000000000e+00 1.000000000000000000e+00 1.000000000000000000e+00 1.000000000000000000e+00 1.000000000000000000e+00 1.000000000000000000e+00 1.000000000000000000e+00 1.000000000000000000e+00 1.000000000000000000e+00 1.000000000000000000e+00 1.000000000000000000e+00 1.000000000000000000e+00 1.000000000000000000e+00 1.000000000000000000e+00 1.000000000000000000e+00
7.079756186310175168e-24 9.524744069551892183e-23 1.198118839487566996e-21 1.409202351250295106e-20 1.549851975101861576e-19 1.593926681224095175e-18 1.532946706883973187e-17 1.378755812452903928e-16 1.159770504389948833e-15 9.124436120499346906e-15 6.714542791555916683e-14 4.622032883170503451e-13 2.976380363981298818e-12 1.793158026532996942e-11 1.010794960387184970e-10 5.331701207200657353e-10 2.631936800222137415e-09 1.216035460814599682e-08 5.259430461163218648e-08 2.129711558571444707e-07 8.075489340206615152e-07 2.867934216242410374e-06 9.541565725890064251e-06 2.974621045035413718e-05 8.692257813632216017e-05 2.381600239194841607e-04 6.120816255680568791e-04 1.476215808419984723e-03 3.342862475375576407e-03 7.111845562817981775e-03 1.422509695305093289e-02 2.677368092047818782e-02 4.746577789918742657e-02 7.935897554054618941e-02 1.253079560657154035e-01 1.871862543153883507e-01 2.650769965543894324e-01 3.567240659508322809e-01 4.575185495247903189e-01 5.611378117759987516e-01 6.607081101934382250e-01 7.501425225196137747e-01 8.252295515846670426e-01 8.841560184276512357e-01 9.273815982722329876e-01 9.570200730279120327e-01 9.760157619134208762e-01 9.873956482821314440e-01 9.937680612906423239e-01 9.971034955065568584e-01 9.987353544262345117e-01 9.994816207252152918e-01 9.998006166951882712e-01 9.999280713798386344e-01 9.999756711305183288e-01 9.999922872952993202e-01 9.999977089649205730e-01 9.999993624881791110e-01 9.999998338575551982e-01 9.999999594562027916e-01 9.999999907371430741e-01 9.999999980190399373e-01 9.999999996034871774e-01 9.999999999257260797e-01 9.999999999869813028e-01 9.999999999978650411e-01 9.999999999996724842e-01 9.999999999999529265e-01 9.999999999999936717e-01 9.999999999999992228e-01 9.999999999999998890e-01 1.000000000000000000e+00 1.000000000000000000e+00 1.000000000000000000e+00 1.000000000000000000e+00 1.000000000000000000e+00 1.000000000000000000e+00 1.000000000000000000e+00 1.000000000000000000e+00 1.000000000000000000e+00 1.000000000000000000e+00 1.000000000000000000e+00 1.000000000000000000e+00 1.000000000000000000e+00 1.000000000000000000e+00 1.000000000000000000e+00 1.000000000000000000e+00 1.000000000000000000e+00 1.000000000000000000e+00 1.000000000000000000e+00 1.000000000000000000e+00 1.000000000000000000e+00 1.000000000000000000e+00 1.000000000000000000e+00 1.000000000000000000e+00 1.000000000000000000e+00 1.000000000000000000e+00 1.000000000000000000e+00 1.000000000000000000e+00 1.000000000000000000e+00
4.616271572910334612e-27 9.043647453918317236e-26 1.640136342747484362e-24 2.753695446981395287e-23 4.280241793038572383e-22 6.159640052212264572e-21 8.207232178293303242e-20 1.012543940750188811e-18 1.156725020071671006e-17 1.223688586105733097e-16 1.198847762576165067e-15 1.087777348342634340e-14 9.141813399098769802e-14 7.116689328332641072e-13 5.132368310361810925e-12 3.429233443602581156e-11 2.123078597894851130e-10 1.218094765170743838e-09 6.477463850414381579e-09 3.193071012979884251e-08 1.459390930387103989e-07 6.185640100310121948e-07 2.431926950997774418e-06 8.871293422407301030e-06 3.003509774688273442e-05 9.441322485032931989e-05 2.756634957698395625e-04 7.479617484001992384e-04 1.887038217250508552e-03 4.429706470685153448e-03 9.682956858096810129e-03 1.972840390500816762e-02 3.750768811125741731e-02 6.663256248639204404e-02 1.107915858394134950e-01 1.727615391817644008e-01 2.532529911821892465e-01 3.500196355709132012e-01 4.576932372481020694e-01 5.685853407566091589e-01 6.742913981982969762e-01 7.675538694233235981e-01 8.437129232832647485e-01 9.012759198395600135e-01 9.415450275039708439e-01 9.676189741963815427e-01 9.832449434498022889e-01 9.919124010799433844e-01 9.963621968750336899e-01 9.984766152766200165e-01 9.994065298595453672e-01 9.997850553573169874e-01 9.999276639632661556e-01 9.999773910824565348e-01 9.999934396468963538e-01 9.999982333668705481e-01 9.999995586262144798e-01 9.999998977192778860e-01 9.999999780209787303e-01 9.999999956211258478e-01 9.999999991913164354e-01 9.999999998615833885e-01 9.999999999780452287e-01 9.999999999967733588e-01 9.999999999995606847e-01 9.999999999999445999e-01 9.999999999999935607e-01 9.999999999999993339e-01 1.000000000000000000e+00 1.000000000000000000e+00 1.000000000000000000e+00 1.000000000000000000e+00 1.000000000000000000e+00 1.000000000000000000e+00 1.000000000000000000e+00 1.000000000000000000e+00 1.000000000000000000e+00 1.000000000000000000e+00 1.000000000000000000e+00 1.000000000000000000e+00 1.000000000000000000e+00 1.000000000000000000e+00 1.000000000000000000e+00 1.000000000000000000e+00 1.000000000000000000e+00 1.000000000000000000e+00 1.000000000000000000e+00 1.000000000000000000e+00 1.000000000000000000e+00 1.000000000000000000e+00 1.000000000000000000e+00 1.000000000000000000e+00 1.000000000000000000e+00 1.000000000000000000e+00 1.000000000000000000e+00 1.000000000000000000e+00 1.000000000000000000e+00 1.000000000000000000e+00 1.000000000000000000e+00 1.000000000000000000e+00
