0.000000000000000000e+00 0.000000000000000000e+00 0.000000000000000000e+00 0.000000000000000000e+00 0.000000000000000000e+00 0.000000000000000000e+00 0.000000000000000000e+00 0.000000000000000000e+00 0.000000000000000000e+00 0.000000000000000000e+00 0.000000000000000000e+00 0.000000000000000000e+00 0.000000000000000000e+00 0.000000000000000000e+00 7.905050333459944707e-323 2.090525851585167159e-305 1.868191764029798704e-288 5.436184828986744968e-272 5.151055979695303190e-256 1.589469400792896579e-240 1.597308683525404992e-225 5.228004379955865068e-211 5.573476080775310110e-197 1.935511057456134070e-183 2.189700524796290043e-170 8.071202035415923341e-158 9.694075818658216566e-146 3.794423949347233227e-134 4.840837031535257415e-123 2.013273922880798925e-112 2.730084288889454061e-102 1.207356220305549665e-92 1.741772310079115151e-83 8.199222159778956339e-75 1.259883943104212268e-66 6.321854464924529357e-59 1.036405000948740644e-51 5.554513744583135873e-45 9.738987158307751765e-39 5.591531164453812391e-33 1.052448301035911176e-27 6.503903344098667892e-23 1.322235421191984352e-18 8.866815790157448700e-15 1.968687392509737421e-11 1.455115369045819048e-08 3.610109653103469876e-06 3.046627183804576371e-04 8.947900531434894306e-03 9.541885510505501711e-02 4.018958704886411715e-01 7.913800862077711162e-01 9.693192262495035072e-01 9.983081506833746399e-01 9.999669919402436324e-01 9.999997789415651095e-01 9.999999995003734377e-01 9.999999999996227462e-01 9.999999999999998890e-01 1.000000000000000000e+00 1.000000000000000000e+00 1.000000000000000000e+00 1.000000000000000000e+00 1.000000000000000000e+00 1.000000000000000000e+00 1.000000000000000000e+00 1.000000000000000000e+00 1.000000000000000000e+00 1.000000000000000000e+00 1.000000000000000000e+00 1.000000000000000000e+00 1.000000000000000000e+00 1.000000000000000000e+00 1.000000000000000000e+00 1.000000000000000000e+00 1.000000000000000000e+00 1.000000000000000000e+00 1.000000000000000000e+00 1.000000000000000000e+00 1.000000000000000000e+00 1.000000000000000000e+00 1.000000000000000000e+00 1.000000000000000000e+00 1.000000000000000000e+00 1.000000000000000000e+00 1.000000000000000000e+00 1.000000000000000000e+00 1.000000000000000000e+00 1.000000000000000000e+00 1.000000000000000000e+00 1.000000000000000000e+00 1.000000000000000000e+00 1.000000000000000000e+00 1.000000000000000000e+00 1.000000000000000000e+00 1.000000000000000000e+00 1.000000000000000000e+00 1.000000000000000000e+00 1.000000000000000000e+00 1.000000000000000000e+00
0.000000000000000000e+00 0.000000000000000000e+00 0.000000000000000000e+00 0.000000000000000000e+00 0.000000000000000000e+00 0.000000000000000000e+00 0.000000000000000000e+00 0.000000000000000000e+00 0.000000000000000000e+00 0.000000000000000000e+00 0.000000000000000000e+00 0.000000000000000000e+00 0.000000000000000000e+00 0.000000000000000000e+00 8.399115979301191251e-323 2.286977700319392393e-305 2.025705764793322982e-288 5.844641406906099130e-272 5.493243954615361531e-256 1.681953387751134552e-240 1.677799275560459845e-225 5.453014418930176571e-211 5.774795036149828440e-197 1.992856290955253039e-183 2.241274692854847805e-170 8.215589908113755755e-158 9.816512511623483202e-146 3.823904416376151453e-134 4.856820536714314619e-123 2.011707816962643731e-112 2.717868960086713536e-102 1.197948747979340770e-92 1.723075970665339676e-83 8.090134259744679470e-75 1.240347451161064918e-66 6.212217487979808042e-59 1.016905164280536209e-51 5.443836361984473821e-45 9.537617417281549376e-39 5.473720786544815083e-33 1.030235947987582624e-27 6.368712870622470501e-23 1.295641233936886216e-18 8.697559544630548189e-15 1.933808657137140997e-11 1.431828541984106144e-08 3.559710940536503329e-06 3.011253869165463428e-04 8.867355861785924248e-03 9.482369180545689724e-02 4.004683314712942366e-01 7.902683780753907428e-01 9.690380814929872022e-01 9.982850576877844162e-01 9.999663757607140102e-01 9.999997735999944792e-01 9.999999994853275842e-01 9.999999999996089795e-01 9.999999999999998890e-01 1.000000000000000000e+00 1.000000000000000000e+00 1.000000000000000000e+00 1.000000000000000000e+00 1.000000000000000000e+00 1.000000000000000000e+00 1.000000000000000000e+00 1.000000000000000000e+00 1.000000000000000000e+00 1.000000000000000000e+00 1.000000000000000000e+00 1.000000000000000000e+00 1.000000000000000000e+00 1.000000000000000000e+00 1.000000000000000000e+00 1.000000000000000000e+00 1.000000000000000000e+00 1.000000000000000000e+00 1.000000000000000000e+00 1.000000000000000000e+00 1.000000000000000000e+00 1.000000000000000000e+00 1.000000000000000000e+00 1.000000000000000000e+00 1.000000000000000000e+00 1.000000000000000000e+00 1.000000000000000000e+00 1.000000000000000000e+00 1.000000000000000000e+00 1.000000000000000000e+00 1.000000000000000000e+00 1.000000000000000000e+00 1.000000000000000000e+00 1.000000000000000000e+00 1.000000000000000000e+00 1.000000000000000000e+00 1.000000000000000000e+00 1.000000000000000000e+00 1.000000000000000000e+00 1.000000000000000000e+00 1.000000000000000000e+00
0.000000000000000000e+00 0.000000000000000000e+00 0.000000000000000000e+00 0.000000000000000000e+00 0.000000000000000000e+00 0.000000000000000000e+00 0.000000000000000000e+00 0.000000000000000000e+00 0.000000000000000000e+00 0.000000000000000000e+00 0.000000000000000000e+00 0.000000000000000000e+00 0.000000000000000000e+00 0.000000000000000000e+00 1.037537856266617743e-322 2.786772158632122088e-305 2.423556760509844238e-288 6.870599606567331417e-272 6.349627097096880889e-256 1.913103499231255959e-240 1.879283422595915049e-225 6.019206894809429655e-211 6.286545997480284440e-197 2.141149196275137632e-183 2.378394867751078023e-170 8.617236501575668169e-158 1.018472477229914007e-145 3.927211522818782904e-134 4.941250137190671431e-123 2.028987939218494083e-112 2.719537420850223626e-102 1.190087295039064064e-92 1.700752203979043577e-83 7.939812077172825215e-75 1.211260076048852618e-66 6.040900791247414694e-59 9.854116597698497142e-52 5.260721743623335503e-45 9.198215127510511387e-39 5.272170582367629855e-33 9.917576673979042532e-28 6.131974062699892091e-23 1.248616810245758339e-18 8.395586606777023806e-15 1.871051797522785450e-11 1.389584473636154545e-08 3.467544300170080848e-06 2.946042389766274547e-04 8.717658429353781352e-03 9.370834414073322960e-02 3.977702695500163199e-01 7.881487534452140675e-01 9.684971597766535156e-01 9.982402071494205220e-01 9.999651672882866604e-01 9.999997630169581431e-01 9.999999994552010163e-01 9.999999999995811129e-01 9.999999999999998890e-01 1.000000000000000000e+00 1.000000000000000000e+00 1.000000000000000000e+00 1.000000000000000000e+00 1.000000000000000000e+00 1.000000000000000000e+00 1.000000000000000000e+00 1.000000000000000000e+00 1.000000000000000000e+00 1.000000000000000000e+00 1.000000000000000000e+00 1.000000000000000000e+00 1.000000000000000000e+00 1.000000000000000000e+00 1.000000000000000000e+00 1.000000000000000000e+00 1.000000000000000000e+00 1.000000000000000000e+00 1.000000000000000000e+00 1.000000000000000000e+00 1.000000000000000000e+00 1.000000000000000000e+00 1.000000000000000000e+00 1.000000000000000000e+00 1.000000000000000000e+00 1.000000000000000000e+00 1.000000000000000000e+00 1.000000000000000000e+00 1.000000000000000000e+00 1.000000000000000000e+00 1.000000000000000000e+00 1.000000000000000000e+00 1.000000000000000000e+00 1.000000000000000000e+00 1.000000000000000000e+00 1.000000000000000000e+00 1.000000000000000000e+00 1.000000000000000000e+00 1.000000000000000000e+00 1.000000000000000000e+00 1.000000000000000000e+00
0.000000000000000000e+00 0.000000000000000000e+00 0.000000000000000000e+00 0.000000000000000000e+00 0.000000000000000000e+00 0.000000000000000000e+00 0.000000000000000000e+00 0.000000000000000000e+00 0.000000000000000000e+00 0.000000000000000000e+00 0.000000000000000000e+00 0.000000000000000000e+00 0.000000000000000000e+00 0.000000000000000000e+00 1.729229760444362905e-322 4.400487468147630850e-305 3.676868998145017286e-288 1.003068960102331132e-271 8.934722927481629065e-256 2.598684460794353349e-240 2.468169860021484459e-225 7.655527776327896664e-211 7.755082945525641746e-197 2.565931716948706775e-183 2.773263984991351499e-170 9.791958373474995887e-158 1.129614516058034937e-145 4.258235910845473660e-134 5.246040638143135592e-123 2.112557138814322319e-112 2.781268227591360844e-102 1.197374367179836439e-92 1.686086012574586647e-83 7.768200410052419736e-75 1.171393326690394114e-66 5.783695173604773227e-59 9.354970048010752960e-52 4.959901045277873738e-45 8.626115426357275246e-39 4.925666393395059616e-33 9.245344150134467020e-28 5.712623170908844552e-23 1.164272318582652193e-18 7.847545710597310757e-15 1.755841896839178458e-11 1.311136197391352133e-08 3.294369536150766560e-06 2.822018051520161757e-04 8.429317783357434882e-03 9.153117271824531831e-02 3.924290073680902768e-01 7.838897381587934809e-01 9.673930396272658605e-01 9.981471230361369518e-01 9.999626146878808353e-01 9.999997402438507432e-01 9.999999993890908989e-01 9.999999999995186073e-01 9.999999999999998890e-01 1.000000000000000000e+00 1.000000000000000000e+00 1.000000000000000000e+00 1.000000000000000000e+00 1.000000000000000000e+00 1.000000000000000000e+00 1.000000000000000000e+00 1.000000000000000000e+00 1.000000000000000000e+00 1.000000000000000000e+00 1.000000000000000000e+00 1.000000000000000000e+00 1.000000000000000000e+00 1.000000000000000000e+00 1.000000000000000000e+00 1.000000000000000000e+00 1.000000000000000000e+00 1.000000000000000000e+00 1.000000000000000000e+00 1.000000000000000000e+00 1.000000000000000000e+00 1.000000000000000000e+00 1.000000000000000000e+00 1.000000000000000000e+00 1.000000000000000000e+00 1.000000000000000000e+00 1.000000000000000000e+00 1.000000000000000000e+00 1.000000000000000000e+00 1.000000000000000000e+00 1.000000000000000000e+00 1.000000000000000000e+00 1.000000000000000000e+00 1.000000000000000000e+00 1.000000000000000000e+00 1.000000000000000000e+00 1.000000000000000000e+00 1.000000000000000000e+00 1.000000000000000000e+00 1.000000000000000000e+00 1.000000000000000000e+00
0.000000000000000000e+00 0.000000000000000000e+00 0.000000000000000000e+00 0.000000000000000000e+00 0.000000000000000000e+00 0.000000000000000000e+00 0.000000000000000000e+00 0.000000000000000000e+00 0.000000000000000000e+00 0.000000000000000000e+00 0.000000000000000000e+00 0.000000000000000000e+00 0.000000000000000000e+00 0.000000000000000000e+00 1.175876237102166775e-321 2.598065471547874215e-304 1.887909899092046286e-287 4.502463058485033508e-271 3.524350535796347504e-255 9.055084261759830399e-240 7.636900489420682835e-225 2.114377157854692476e-210 1.921856579095622926e-196 5.735465322143419298e-183 5.620377393136117130e-170 1.808656144156844583e-157 1.911569788988273600e-145 6.636270214589958222e-134 7.568697490480548520e-123 2.836308473777080650e-112 3.493037877159620493e-102 1.414051434724002809e-92 1.882125543295100565e-83 8.239121658337267600e-75 1.186620753676563880e-66 5.624956481289474113e-59 8.780416374678622797e-52 4.516032567335981549e-45 7.658795937302324501e-39 4.286647842542466971e-33 7.927297781268329451e-28 4.850897002626966476e-23 9.841267300520859077e-19 6.636692143985980620e-15 1.493185890581165539e-11 1.126782753856407997e-08 2.874879900549171409e-06 2.512109852238795051e-04 7.685129564318060776e-03 8.571728005479134493e-02 3.776409919758731970e-01 7.716356265879105170e-01 9.640831567290195636e-01 9.978555810630682643e-01 9.999542370410188230e-01 9.999996616783861647e-01 9.999999991485596373e-01 9.999999999992781330e-01 9.999999999999997780e-01 1.000000000000000000e+00 1.000000000000000000e+00 1.000000000000000000e+00 1.000000000000000000e+00 1.000000000000000000e+00 1.000000000000000000e+00 1.000000000000000000e+00 1.000000000000000000e+00 1.000000000000000000e+00 1.000000000000000000e+00 1.000000000000000000e+00 1.000000000000000000e+00 1.000000000000000000e+00 1.000000000000000000e+00 1.000000000000000000e+00 1.000000000000000000e+00 1.000000000000000000e+00 1.000000000000000000e+00 1.000000000000000000e+00 1.000000000000000000e+00 1.000000000000000000e+00 1.000000000000000000e+00 1.000000000000000000e+00 1.000000000000000000e+00 1.000000000000000000e+00 1.000000000000000000e+00 1.000000000000000000e+00 1.000000000000000000e+00 1.000000000000000000e+00 1.000000000000000000e+00 1.000000000000000000e+00 1.000000000000000000e+00 1.000000000000000000e+00 1.000000000000000000e+00 1.000000000000000000e+00 1.000000000000000000e+00 1.000000000000000000e+00 1.000000000000000000e+00 1.000000000000000000e+00 1.000000000000000000e+00 1.000000000000000000e+00
0.000000000000000000e+00 0.000000000000000000e+00 0.000000000000000000e+00 0.000000000000000000e+00 0.000000000000000000e+00 0.000000000000000000e+00 0.000000000000000000e+00 0.000000000000000000e+00 0.000000000000000000e+00 0.000000000000000000e+00 0.000000000000000000e+00 0.000000000000000000e+00 0.000000000000000000e+00 0.000000000000000000e+00 1.113500449314709399e-318 1.529892319846731006e-301 7.011968015328380375e-285 1.072130357397013050e-268 5.468975685579979147e-253 9.307634483574554352e-238 5.285354290324224547e-223 1.001473629342202616e-208 6.332391215769145661e-195 1.336270474958859968e-181 9.411502640184050173e-169 2.212613754665881129e-156 1.736535361598713992e-144 4.550388789153934100e-133 3.981648088781333305e-122 1.163584296003443387e-111 1.135885661172391410e-101 3.704813881834862262e-92 4.038322065172224521e-83 1.471511871329128923e-74 1.793090183880549301e-66 7.309546776016378494e-59 9.973263598368759697e-52 4.557166462204265420e-45 6.978660038606176972e-39 3.584695251799525614e-33 6.183288459581287937e-28 3.586710068073011873e-23 7.009718330461459908e-19 4.627382301875725304e-15 1.035461240151572145e-11 7.894165286822102113e-09 2.066249837751883679e-06 1.879568790569917771e-04 6.066093403669910698e-03 7.212970246712925582e-02 3.401890559005146253e-01 7.376825573581250461e-01 9.539460230524038353e-01 9.968576546380653047e-01 9.999218092260818702e-01 9.999993134661657734e-01 9.999999979116518389e-01 9.999999999978232967e-01 9.999999999999992228e-01 1.000000000000000000e+00 1.000000000000000000e+00 1.000000000000000000e+00 1.000000000000000000e+00 1.000000000000000000e+00 1.000000000000000000e+00 1.000000000000000000e+00 1.000000000000000000e+00 1.000000000000000000e+00 1.000000000000000000e+00 1.000000000000000000e+00 1.000000000000000000e+00 1.000000000000000000e+00 1.000000000000000000e+00 1.000000000000000000e+00 1.000000000000000000e+00 1.000000000000000000e+00 1.000000000000000000e+00 1.000000000000000000e+00 1.000000000000000000e+00 1.000000000000000000e+00 1.000000000000000000e+00 1.000000000000000000e+00 1.000000000000000000e+00 1.000000000000000000e+00 1.000000000000000000e+00 1.000000000000000000e+00 1.000000000000000000e+00 1.000000000000000000e+00 1.000000000000000000e+00 1.000000000000000000e+00 1.000000000000000000e+00 1.000000000000000000e+00 1.000000000000000000e+00 1.000000000000000000e+00 1.000000000000000000e+00 1.000000000000000000e+00 1.000000000000000000e+00 1.000000000000000000e+00 1.000000000000000000e+00 1.000000000000000000e+00
0.000000000000000000e+00 0.000000000000000000e+00 0.000000000000000000e+00 0.000000000000000000e+00 0.000000000000000000e+00 0.000000000000000000e+00 0.000000000000000000e+00 0.000000000000000000e+00 0.000000000000000000e+00 0.000000000000000000e+00 0.000000000000000000e+00 0.000000000000000000e+00 0.000000000000000000e+00 1.086944420850742397e-322 6.266563356101112235e-306 1.317382480972626070e-289 9.814103436612021926e-274 2.590988428029402515e-258 2.424253250350390508e-243 8.039179847744408014e-229 9.449146305433638758e-215 3.936849814711305581e-201 5.814492765827147178e-188 3.044500875471397206e-175 5.651972012521931508e-163 3.720542182394942198e-151 8.685254068675882261e-140 7.190887164229546777e-129 2.111866737352283009e-118 2.200407596421088857e-108 8.135240766103597326e-99 1.067475240847626487e-89 4.972428610573570433e-81 8.224747333546230650e-73 4.832370589562157987e-65 1.008898195961969776e-57 7.488270901398016049e-51 1.976974112642172364e-44 1.857787578991482112e-38 6.219074157074369540e-33 7.424046337762305893e-28 3.164585062476393781e-23 4.825089315168701189e-19 2.637609933368588997e-15 5.185771156578541848e-12 3.683652426995091954e-09 9.517424934284488672e-07 9.038022910529850621e-05 3.209525312884368119e-03 4.394352332093750396e-02 2.458112368667084158e-01 6.297492536241263705e-01 9.115095181034839067e-01 9.910825737203386998e-01 9.996479131132112173e-01 9.999947562162636583e-01 9.999999711504004019e-01 9.999999999420885466e-01 9.999999999999579225e-01 1.000000000000000000e+00 1.000000000000000000e+00 1.000000000000000000e+00 1.000000000000000000e+00 1.000000000000000000e+00 1.000000000000000000e+00 1.000000000000000000e+00 1.000000000000000000e+00 1.000000000000000000e+00 1.000000000000000000e+00 1.000000000000000000e+00 1.000000000000000000e+00 1.000000000000000000e+00 1.000000000000000000e+00 1.000000000000000000e+00 1.000000000000000000e+00 1.000000000000000000e+00 1.000000000000000000e+00 1.000000000000000000e+00 1.000000000000000000e+00 1.000000000000000000e+00 1.000000000000000000e+00 1.000000000000000000e+00 1.000000000000000000e+00 1.000000000000000000e+00 1.000000000000000000e+00 1.000000000000000000e+00 1.000000000000000000e+00 1.000000000000000000e+00 1.000000000000000000e+00 1.000000000000000000e+00 1.000000000000000000e+00 1.000000000000000000e+00 1.000000000000000000e+00 1.000000000000000000e+00 1.000000000000000000e+00 1.000000000000000000e+00 1.000000000000000000e+00 1.000000000000000000e+00 1.000000000000000000e+00 1.000000000000000000e+00
0.000000000000000000e+00 0.000000000000000000e+00 0.000000000000000000e+00 0.000000000000000000e+00 0.000000000000000000e+00 0.000000000000000000e+00 0.000000000000000000e+00 0.000000000000000000e+00 0.000000000000000000e+00 0.000000000000000000e+00 1.711964114223052890e-313 1.133833401227477555e-298 3.268200876871702682e-284 4.100026315029971313e-270 2.238708320014425207e-256 5.320556808728748217e-243 5.504050332671285044e-230 2.478517215131607692e-217 4.858540470231072289e-205 4.146159239968585678e-193 1.540410131303337652e-181 2.491743063173887386e-170 1.754993551247133813e-159 5.382511912476195644e-149 7.188973642024974021e-139 4.181771324406255189e-129 1.059518891758534339e-119 1.169394007082319096e-110 5.623043744282592865e-102 1.178154472023042042e-93 1.075779358627128261e-85 4.281680185104142794e-78 7.429624896765717500e-71 5.621949617193539257e-64 1.855655585835495251e-57 2.672651007986713403e-51 1.680319625005320403e-45 4.613702122700695909e-40 5.535544442800989317e-35 2.904179861159361420e-30 6.668210959560876077e-26 6.707846523929336171e-22 2.960329477420787717e-18 5.741920188002093788e-15 4.906516633466637502e-12 1.853175841395421725e-09 3.108253505489468641e-07 2.331150909111934225e-05 7.901598912378886329e-04 1.231716696997559382e-02 9.099330043139139401e-02 3.364259012156146644e-01 6.879997634154049191e-01 9.196340794296645749e-01 9.896946375483488545e-01 9.993755410625859703e-01 9.999826265392891544e-01 9.999997817598851313e-01 9.999999987749096375e-01 9.999999999969473308e-01 9.999999999999966693e-01 1.000000000000000000e+00 1.000000000000000000e+00 1.000000000000000000e+00 1.000000000000000000e+00 1.000000000000000000e+00 1.000000000000000000e+00 1.000000000000000000e+00 1.000000000000000000e+00 1.000000000000000000e+00 1.000000000000000000e+00 1.000000000000000000e+00 1.000000000000000000e+00 1.000000000000000000e+00 1.000000000000000000e+00 1.000000000000000000e+00 1.000000000000000000e+00 1.000000000000000000e+00 1.000000000000000000e+00 1.000000000000000000e+00 1.000000000000000000e+00 1.000000000000000000e+00 1.000000000000000000e+00 1.000000000000000000e+00 1.000000000000000000e+00 1.000000000000000000e+00 1.000000000000000000e+00 1.000000000000000000e+00 1.000000000000000000e+00 1.000000000000000000e+00 1.000000000000000000e+00 1.000000000000000000e+00 1.000000000000000000e+00 1.000000000000000000e+00 1.000000000000000000e+00 1.000000000000000000e+00 1.000000000000000000e+00 1.000000000000000000e+00 1.000000000000000000e+00 1.000000000000000000e+00
1.425715129138294148e-295 1.092057967653978694e-284 5.210028548644125714e-274 1.548182546240786155e-263 2.865486905303289564e-253 3.303511553188752959e-243 2.372257063027282116e-233 1.061118846241156805e-223 2.956589450651627611e-214 5.131586356052952538e-205 5.548242020210566051e-196 3.736908485671548169e-187 1.567955500878739017e-178 4.098556228170694120e-170 6.674465848319213904e-162 6.771799721060235840e-154 4.280635474487808844e-146 1.685949998824726483e-138 4.137428402569191276e-131 6.326800679719635154e-124 6.028729446709756034e-117 3.579953190296760793e-110 1.324838009048030524e-103 3.055683339290476405e-97 4.392814862903203845e-91 3.936391060490182794e-85 2.198920406911999308e-79 7.658006251232412922e-74 1.662877579979964691e-68 2.251602530382013545e-63 1.901360838274412693e-58 1.001475093498841671e-53 3.290698926856341424e-49 6.746644173863339542e-45 8.632367638892831404e-41 6.894760537388029246e-37 3.438563545327287436e-33 1.071138305396558826e-29 2.084932906700463954e-26 2.536972611071452177e-23 1.930882573556403933e-20 9.198202448411064096e-18 2.744824440682791741e-15 5.136137161398503538e-13 6.034400879792320392e-11 4.458986309819424019e-09 2.076835404628816095e-07 6.115392922237299120e-06 1.143113932870440554e-04 1.364394315871864365e-03 1.048841992181283322e-02 5.261000319391394286e-02 1.757423853454400386e-01 4.038596832839891348e-01 6.718309792391640167e-01 8.714597654878863953e-01 9.657469000230745060e-01 9.939635532788264616e-01 9.993089190034487590e-01 9.999491907227215926e-01 9.999976193360073928e-01 9.999999292854586663e-01 9.999999986733552060e-01 9.999999999843233178e-01 9.999999999998835376e-01 9.999999999999994449e-01 1.000000000000000000e+00 1.000000000000000000e+00 1.000000000000000000e+00 1.000000000000000000e+00 1.000000000000000000e+00 1.000000000000000000e+00 1.000000000000000000e+00 1.000000000000000000e+00 1.000000000000000000e+00 1.000000000000000000e+00 1.000000000000000000e+00 1.000000000000000000e+00 1.000000000000000000e+00 1.000000000000000000e+00 1.000000000000000000e+00 1.000000000000000000e+00 1.000000000000000000e+00 1.000000000000000000e+00 1.000000000000000000e+00 1.000000000000000000e+00 1.000000000000000000e+00 1.000000000000000000e+00 1.000000000000000000e+00 1.000000000000000000e+00 1.000000000000000000e+00 1.000000000000000000e+00 1.000000000000000000e+00 1.000000000000000000e+00 1.000000000000000000e+00 1.000000000000000000e+00 1.000000000000000000e+00 1.000000000000000000e+00 1.000000000000000000e+00 1.000000000000000000e+00
6.497896932283794141e-150 9.415653676800603791e-145 1.104977203498276388e-139 1.050234836826684579e-134 8.084536730792987539e-130 5.040401537552933329e-125 2.545202839966960473e-120 1.040958153937913416e-115 3.448295494901563241e-111 9.252160199709698052e-107 2.010744363241988678e-102 3.539595938027962047e-98 5.047103603456035198e-94 5.829504194026125440e-90 5.454207733354674441e-86 4.133832333558090686e-82 2.538086306825478548e-78 1.262421250577709609e-74 5.086974103155227526e-71 1.660680195111039088e-67 4.392368422166713390e-64 9.412695882502961187e-61 1.634366265361730488e-57 2.299449778677595619e-54 2.621551520074388062e-51 2.422007129656355413e-48 1.813425473148276485e-45 1.100419733514397128e-42 5.412291185471236258e-40 2.157748689817616363e-37 6.973547230842724970e-35 1.827174461983649382e-32 3.881721925886693289e-30 6.687086655232075849e-28 9.342727484823010146e-26 1.058760613366571213e-23 9.733761967989922021e-22 7.261123345433817041e-20 4.396023544208902617e-18 2.160509620019985491e-16 8.622160286840143111e-15 2.795012601826124601e-13 7.362551302366988944e-12 1.576702625239464810e-10 2.746545248626565366e-09 3.894274836451778909e-08 4.497994499189940382e-07 4.236369189575158816e-06 3.257517025311885972e-05 2.048202617263209077e-04 1.055154353833070036e-03 4.465151340333818088e-03 1.557429250865503649e-02 4.497818949024329216e-02 1.082132305013208118e-01 2.187136654309835282e-01 3.756205127268401056e-01 5.566725027562213768e-01 7.264394159422258301e-01 8.557961263763885773e-01 9.358904746509602024e-01 9.761877631253607079e-01 9.926613586478802986e-01 9.981329184816276623e-01 9.996093393447891273e-01 9.999329678023793910e-01 9.999905884087197938e-01 9.999989205604473685e-01 9.999998990037122226e-01 9.999999922995234103e-01 9.999999995219677196e-01 9.999999999758557578e-01 9.999999999990083488e-01 9.999999999999669154e-01 9.999999999999991118e-01 1.000000000000000000e+00 1.000000000000000000e+00 1.000000000000000000e+00 1.000000000000000000e+00 1.000000000000000000e+00 1.000000000000000000e+00 1.000000000000000000e+00 1.000000000000000000e+00 1.000000000000000000e+00 1.000000000000000000e+00 1.000000000000000000e+00 1.000000000000000000e+00 1.000000000000000000e+00 1.000000000000000000e+00 1.000000000000000000e+00 1.000000000000000000e+00 1.000000000000000000e+00 1.000000000000000000e+00 1.000000000000000000e+00 1.000000000000000000e+00 1.000000000000000000e+00 1.000000000000000000e+00 1.000000000000000000e+00 1.000000000000000000e+00 1.000000000000000000e+00
2.525497520586639336e-93 2.353512636911072731e-90 1.959430494995536865e-87 1.457440937823659564e-84 9.685099313928945216e-82 5.750077077131686787e-79 3.050032202378735340e-76 1.445444111796214725e-73 6.120255143775432193e-71 2.315339116122631490e-68 7.826045652142066043e-66 2.363518458533773768e-63 6.377801593872130510e-61 1.537748532618594127e-58 3.312907418289789444e-56 6.377504174755969820e-54 1.097028703476237623e-51 1.686241890885908705e-49 2.316145561711667536e-47 2.842928986448064975e-45 3.118395233231240444e-43 3.056841061771877107e-41 2.677956564557914634e-39 2.096701051134810037e-37 1.467189394494915524e-35 9.176308886517829546e-34 5.129780638949365075e-32 2.563283374291128490e-30 1.144935906151054195e-28 4.571659191278240255e-27 1.631916538793283901e-25 5.208095343761518710e-24 1.486088506852418482e-22 3.791628722810324523e-21 8.650794978766040891e-20 1.765113112717521503e-18 3.221191914059128544e-17 5.258162684814583512e-16 7.678491372338474426e-15 1.003227550774368439e-13 1.172921517647529482e-12 1.227317581911893530e-11 1.149597168803955200e-10 9.641148861512844927e-10 7.241248424845251367e-09 4.872176274991941021e-08 2.937650633712744467e-07 1.587855788814582056e-06 7.697512382897072917e-06 3.348480592244190056e-05 1.307904416101532440e-04 4.590516135504141759e-04 1.449098966575099266e-03 4.118738173407290523e-03 1.055470965137306032e-02 2.442689539578090860e-02 5.115995971038386075e-02 9.722049254345865865e-02 1.681763589152133476e-01 2.659066089990933524e-01 3.862584453272928653e-01 5.187720663373110996e-01 6.492247183561467017e-01 7.640479623323643832e-01 8.544109448973957743e-01 9.179929037725607088e-01 9.579927239638018621e-01 9.804915878808779794e-01 9.918061729814066085e-01 9.968934890760506873e-01 9.989385530550369818e-01 9.996735553873148383e-01 9.999097278559327950e-01 9.999775736941423077e-01 9.999949983735840764e-01 9.999989991833053704e-01 9.999998204156350656e-01 9.999999711153507720e-01 9.999999958371463826e-01 9.999999994625925481e-01 9.999999999378721416e-01 9.999999999935695882e-01 9.999999999994042543e-01 9.999999999999505951e-01 9.999999999999963363e-01 9.999999999999997780e-01 1.000000000000000000e+00 1.000000000000000000e+00 1.000000000000000000e+00 1.000000000000000000e+00 1.000000000000000000e+00 1.000000000000000000e+00 1.000000000000000000e+00 1.000000000000000000e+00 1.000000000000000000e+00 1.000000000000000000e+00 1.000000000000000000e+00 1.000000000000000000e+00 1.000000000000000000e+00 1.000000000000000000e+00
2.858882820475114924e-78 6.704016412927327351e-76 1.442748897248934089e-73 2.849488352491619226e-71 5.164961971693885513e-69 8.592020653266729161e-67 1.311763267863828634e-64 1.838026722154930776e-62 2.363680822510275119e-60 2.789787891984469501e-58 3.022065139735788616e-56 3.004636577609484220e-54 2.741833454064436439e-52 2.296450012052629171e-50 1.765411181158963063e-48 1.245702136730190038e-46 8.068056021221637060e-45 4.796420836997493132e-43 2.617382019752764119e-41 1.311072411311266202e-39 6.028437782552266410e-38 2.544549022367166939e-36 9.859498548846660928e-35 3.507094954489995583e-33 1.145250260715538882e-31 3.433410804666285435e-30 9.450110053483119614e-29 2.388074796365454812e-27 5.540823153812512800e-26 1.180409032113064249e-24 2.309088349912381657e-23 4.147799847544600832e-22 6.842035828774258907e-21 1.036492518734682781e-19 1.442066627433497549e-18 1.842766056945670151e-17 2.162971709672049034e-16 2.332170219553801881e-15 2.310121446733912613e-14 2.102397185839993914e-13 1.758104623468726719e-12 1.351058906762181426e-11 9.542427479100012390e-11 6.195274101523423409e-10 3.697847962241420421e-09 2.029566323907048035e-08 1.024501208501200575e-07 4.757496860228667472e-07 2.032908475493681279e-06 7.995845104891269973e-06 2.895829560935194458e-05 9.661035650299148677e-05 2.970481263560293241e-04 8.422281384624072170e-04 2.203560761138376959e-03 5.324278704110966577e-03 1.189196702470086443e-02 2.458133360197157710e-02 4.708940130957529197e-02 8.374232559470011494e-02 1.385387597112001379e-01 2.137478147774844461e-01 3.085160640962110179e-01 4.181464658135340962e-01 5.345791502513015381e-01 6.481049870588542205e-01 7.497275984978664098e-01 8.332420383989713741e-01 8.962518130095233904e-01 9.398962369077143997e-01 9.676500878999263477e-01 9.838528986759456085e-01 9.925370798613704082e-01 9.968101242582986243e-01 9.987403778819836653e-01 9.995408718186529207e-01 9.998456378130514688e-01 9.999521594149580750e-01 9.999863392034165077e-01 9.999964075738179137e-01 9.999991303041134705e-01 9.999998062361821205e-01 9.999999602826363798e-01 9.999999925117019073e-01 9.999999987016654490e-01 9.999999997930296702e-01 9.999999999696698172e-01 9.999999999959148234e-01 9.999999999994942934e-01 9.999999999999424904e-01 9.999999999999940048e-01 9.999999999999994449e-01 1.000000000000000000e+00 1.000000000000000000e+00 1.000000000000000000e+00 1.000000000000000000e+00 1.000000000000000000e+00 1.000000000000000000e+00 1.000000000000000000e+00 1.000000000000000000e+00
9.498690214422880705e-93 4.891134159554767121e-90 2.291516187709963501e-87 9.768027897691129158e-85 3.788477484825701616e-82 1.336902673675113524e-79 4.292553376139475946e-77 1.254053866783837710e-74 3.333536273763674223e-72 8.062817230321574922e-70 1.774456775722073919e-67 3.553412164682968957e-65 6.474885755026640868e-63 1.073569281988740478e-60 1.619738260814646756e-58 2.223730032635003993e-56 2.778099012619207539e-54 3.158261953206252241e-52 3.267307841318699557e-50 3.075959090495984178e-48 2.635282661599984525e-46 2.054650870632750919e-44 1.457879406736733426e-42 9.414277870713829978e-41 5.532787581357107165e-39 2.959395083826134600e-37 1.440704760139105815e-35 6.383693838940809260e-34 2.574583170926279651e-32 9.451339938104466860e-31 3.158248144721495977e-29 9.606861339439969017e-28 2.660213526414219745e-26 6.706098206502431673e-25 1.539083179521901530e-23 3.215993513397571813e-22 6.118616582585848806e-21 1.059992197432607413e-19 1.672215785284621490e-18 2.402447454882617716e-17 3.143564160627551853e-16 3.746590167735461150e-15 4.067599855079641440e-14 4.023240061694121778e-13 3.625787622378460151e-12 2.977671620265987418e-11 2.228773546208479773e-10 1.520705180748497588e-09 9.460177849088855216e-09 5.366928645128314756e-08 2.777381847131542293e-07 1.311463568049788853e-06 5.652430482594547368e-06 2.224559481409093081e-05 7.998030242780407588e-05 2.628379515648255021e-04 7.900203295895862022e-04 2.173533199140454623e-03 5.478619763402615105e-03 1.266586241693737173e-02 2.689320807475292785e-02 5.253034862345005301e-02 9.458375402880497829e-02 1.573780404370984098e-01 2.427327871739685394e-01 3.483475798205604712e-01 4.673106048262176682e-01 5.892909302457104426e-01 7.031475257801554912e-01 7.998899588294567931e-01 8.747182322405410160e-01 9.274052438036860524e-01 9.611751196133607733e-01 9.808785604164742544e-01 9.913435735984386099e-01 9.964032262248178062e-01 9.986300338444301650e-01 9.995221540680637728e-01 9.998474960674901268e-01 9.999554976408551177e-01 9.999881331327248324e-01 9.999971098405631142e-01 9.999993573803585001e-01 9.999998696013863153e-01 9.999999758597937216e-01 9.999999959239593839e-01 9.999999993724311143e-01 9.999999999119116856e-01 9.999999999887299040e-01 9.999999999986859400e-01 9.999999999998603339e-01 9.999999999999864553e-01 9.999999999999988898e-01 9.999999999999998890e-01 1.000000000000000000e+00 1.000000000000000000e+00 1.000000000000000000e+00 1.000000000000000000e+00 1.000000000000000000e+00 1.000000000000000000e+00
4.284469009625498226e-97 2.869306465685022255e-94 1.742321508149149072e-91 9.592993367828947285e-89 4.789141560510693618e-86 2.167914937999166826e-83 8.898388137590775520e-81 3.311834900455066686e-78 1.117681602160543312e-75 3.420295870108029580e-73 9.490949610498286930e-71 2.388144314293418975e-68 5.449053901324811741e-66 1.127447325797159673e-63 2.115394134545699337e-61 3.599247905638416606e-59 5.553458403045032880e-57 7.770568483865045821e-55 9.860209531475791998e-53 1.134672554927991110e-50 1.184168252157881294e-48 1.120785744826718342e-46 9.620695642657063999e-45 7.489864512065061101e-43 5.288525087791859324e-41 3.386869471032717303e-39 1.967326780498356909e-37 1.036526355058386868e-35 4.953617765109474473e-34 2.147416890234177059e-32 8.444548350567877570e-31 3.012439080092118212e-29 9.748970441572793341e-28 2.862306319957166286e-26 7.624478211549107466e-25 1.842732595527297982e-23 4.041067597566827239e-22 8.041500830581088052e-21 1.452156162164708710e-19 2.379882405833768516e-18 3.539952895124685220e-17 4.779435785512888750e-16 5.857796741682579218e-15 6.518030939853617156e-14 6.585279003717034043e-13 6.041779045010207829e-12 5.034457439117152226e-11 3.810747237917895105e-10 2.620711858728119805e-09 1.637847044795745422e-08 9.304197581740531856e-08 4.805719478550710681e-07 2.257631864942784264e-06 9.649995773716967391e-06 3.754672274736345214e-05 1.330494477584883198e-04 4.296518093952153170e-04 1.265318849617166419e-03 3.401288218146495800e-03 8.354225573102624230e-03 1.877354695134807877e-02 3.865862261137979761e-02 7.308794001815818731e-02 1.271689456647294714e-01 2.042376050463057813e-01 3.038764644742175669e-01 4.207452311304560322e-01 5.451071711498288730e-01 6.651665361893394079e-01 7.703201014361024113e-01 8.538748075165066842e-01 9.141080164945123432e-01 9.535009342788833830e-01 9.768740135066602548e-01 9.894553738427365186e-01 9.955993724230103314e-01 9.983213472094683016e-01 9.994153638719553978e-01 9.998142672436572953e-01 9.999462181051583798e-01 9.999858143566693336e-01 9.999965936321461024e-01 9.999992556736903015e-01 9.999998520573673000e-01 9.999999732616700054e-01 9.999999956070233509e-01 9.999999993440715773e-01 9.999999999110122939e-01 9.999999999890327729e-01 9.999999999987723154e-01 9.999999999998752109e-01 9.999999999999884537e-01 9.999999999999991118e-01 1.000000000000000000e+00 1.000000000000000000e+00 1.000000000000000000e+00 1.000000000000000000e+00 1.000000000000000000e+00 1.000000000000000000e+00 1.000000000000000000e+00
3.309582269552858796e-108 4.585393495373808250e-105 5.700312972238833379e-102 6.358321356157778276e-99 6.363720410512002251e-96 5.714889828181948782e-93 4.605070238416329346e-90 3.329660220075843086e-87 2.160243254655442406e-84 1.257617261098750810e-81 6.569640854711592001e-79 3.079544677473507421e-76 1.295352002404412664e-73 4.889342084880556284e-71 1.656073350488834873e-68 5.033623334601104519e-66 1.372965586290483751e-63 3.360643981574183329e-61 7.382029337166594060e-59 1.455212139315459210e-56 2.574432042414874233e-54 4.087416485677540173e-52 5.824208850182243366e-50 7.448252038786942382e-48 8.548905945655451476e-46 8.806746118993393124e-44 8.142914706934328749e-42 6.757954091518220077e-40 5.034239083021065933e-38 3.366269705885856774e-36 2.020573654779754298e-34 1.088745860567279281e-32 5.266486562343769600e-31 2.287051909867211686e-29 8.916842676100553011e-28 3.121385297427768258e-26 9.810878398255679366e-25 2.768967133532634667e-23 7.017859079626269092e-22 1.597344687621475803e-20 3.265374930348862917e-19 5.995764762883049194e-18 9.889489402323940053e-17 1.465433229997976612e-15 1.951063380290474341e-14 2.334243463905590934e-13 2.509883256782759917e-12 2.425854238930504008e-11 2.107950131661010935e-10 1.647146189389331048e-09 1.157670613183566945e-08 7.320477805173001081e-08 4.166147565013918526e-07 2.134678689212771457e-06 9.851952453521010042e-06 4.097574420460829795e-05 1.536774909762169165e-04 5.201012088611067135e-04 1.589786889323046778e-03 4.393625375277056787e-03 1.099262575937626045e-02 2.493816795352122792e-02 5.140049650975982154e-02 9.648829018661146673e-02 1.654694665813973564e-01 2.602337832445258958e-01 3.771307276525646124e-01 5.066118743131138302e-01 6.353939560472876558e-01 7.504077281079615247e-01 8.426413433105333084e-01 9.090573219978963504e-01 9.520009146460465255e-01 9.769333462672714630e-01 9.899311179504189928e-01 9.960153849006452287e-01 9.985726711871060202e-01 9.995377846865858285e-01 9.998648249303517810e-01 9.999643295410183264e-01 9.999915126723748493e-01 9.999981801991956187e-01 9.999996485623998677e-01 9.999999388976641423e-01 9.999999904392217198e-01 9.999999986540859531e-01 9.999999998295836523e-01 9.999999999805968542e-01 9.999999999980138110e-01 9.999999999998172573e-01 9.999999999999849010e-01 9.999999999999988898e-01 1.000000000000000000e+00 1.000000000000000000e+00 1.000000000000000000e+00 1.000000000000000000e+00 1.000000000000000000e+00 1.000000000000000000e+00 1.000000000000000000e+00 1.000000000000000000e+00
3.588226531807363989e-124 1.593235856214905664e-120 6.229843878811103551e-117 2.145231899105937467e-113 6.505408693049671346e-110 1.737327135066688189e-106 4.086004917269085651e-103 8.463114095686058082e-100 1.543758949519726592e-96 2.479995634560221473e-93 3.508721106295961810e-90 4.371977184217273652e-87 4.797808122380057344e-84 4.637126309965565698e-81 3.947311802154130837e-78 2.959416548499225102e-75 1.954199733045944596e-72 1.136570479538930483e-69 5.822307396173390252e-67 2.627074607183197367e-64 1.044084928831001892e-61 3.655051534087050502e-59 1.127078279744678756e-56 3.061447162665963722e-54 7.325232399912441878e-52 1.544004351637942948e-49 2.866945081744436103e-47 4.689710731865998765e-45 6.758363561921103038e-43 8.580642996613166094e-41 9.598336439385129577e-39 9.459893099049165027e-37 8.215012377478712538e-35 6.286096497684454065e-33 4.238629372561244234e-31 2.518627967955912798e-29 1.318929104788498812e-27 6.087300459498120414e-26 2.476301461009425294e-24 8.879538335686352930e-23 2.806863828216965163e-21 7.822331674071923008e-20 1.922114640130862869e-18 4.164854636979381557e-17 7.958900814920495309e-16 1.341531881649329225e-14 1.994864817162639545e-13 2.617397665127201960e-12 3.030818131699341448e-11 3.098040759498571446e-10 2.796212265941457126e-09 2.229185565165266700e-08 1.570273354684192963e-07 9.777878340597466341e-07 5.384873162207206863e-06 2.624404547723969202e-05 1.132728224286852356e-04 4.333523946967090396e-04 1.471097751444434007e-03 4.437084880684773365e-03 1.191018016874241699e-02 2.850952733618112786e-02 6.101424370506599443e-02 1.171282749767145609e-01 2.025307091524589653e-01 3.171204681537241887e-01 4.526707161430913451e-01 5.940334807504950021e-01 7.240056177445826080e-01 8.293582471950926571e-01 9.046450456671009110e-01 9.520766841584002993e-01 9.784211797336478389e-01 9.913208867374139199e-01 9.968893183843148265e-01 9.990083776762401779e-01 9.997192699695318652e-01 9.999295062085109542e-01 9.999843145107283338e-01 9.999969098950791668e-01 9.999994613832001722e-01 9.999999169824183021e-01 9.999999886907271485e-01 9.999999986388808937e-01 9.999999998553219527e-01 9.999999999864224165e-01 9.999999999988753441e-01 9.999999999999178435e-01 9.999999999999946709e-01 9.999999999999997780e-01 1.000000000000000000e+00 1.000000000000000000e+00 1.000000000000000000e+00 1.000000000000000000e+00 1.000000000000000000e+00 1.000000000000000000e+00 1.000000000000000000e+00 1.000000000000000000e+00 1.000000000000000000e+00 1.000000000000000000e+00
1.384147186309430670e-134 1.442880184479289002e-130 1.304724283638983384e-126 1.023413107954971030e-122 6.963544992217451691e-119 4.110177455030157115e-115 2.104482447017367169e-111 9.347351032944656726e-108 3.601591653041074574e-104 1.203836323924226399e-100 3.490696419593249351e-97 8.780782944949532276e-94 1.916178893322884508e-90 3.627654532785016244e-87 5.958110703635738411e-84 8.489654951342647620e-81 1.049486216974824174e-77 1.125577639760198688e-74 1.047353762949829310e-71 8.455479011875539199e-69 5.922677108205247237e-66 3.599495160372947116e-63 1.898095592899762741e-60 8.684751554826587121e-58 3.448022717834742503e-55 1.187866300468414798e-52 3.551091605784350341e-50 9.212258474317224827e-48 2.073931131810287768e-45 4.051927609843657016e-43 6.870439633858216885e-41 1.011068559507700753e-38 1.291424844645279758e-36 1.431762636863393958e-34 1.377872538560553358e-32 1.151086798442357650e-30 8.348248181013065325e-29 5.256549876962992104e-27 2.873805161965884760e-25 1.364273097952735316e-23 5.624359466034727158e-22 2.013804827608131309e-20 6.263025976321933107e-19 1.692113695544967557e-17 3.972064475369188858e-16 8.102434451391628130e-15 1.436507438683270143e-13 2.214039054265200502e-12 2.967242832095184074e-11 3.458858334557940425e-10 3.508045292013336525e-09 3.096811427116041227e-08 2.380535963352013367e-07 1.594314585387281036e-06 9.308630188170198501e-06 4.741752826312262766e-05 2.109273661281658118e-04 8.202716659787172900e-04 2.792671493227830148e-03 8.338309010180896402e-03 2.188216183510502053e-02 5.061482851436674424e-02 1.035641138539525746e-01 1.883260595640376955e-01 3.061960367309912723e-01 4.485830427016013200e-01 5.980015379894395577e-01 7.342105063525136144e-01 8.420737381571383739e-01 9.162739440217766429e-01 9.606140667232865304e-01 9.836307908670591793e-01 9.940093812021688624e-01 9.980745030316457989e-01 9.994575597354855567e-01 9.998662811363352443e-01 9.999711929604822025e-01 9.999945823510284493e-01 9.999991113024180311e-01 9.999998729372892026e-01 9.999999841749507290e-01 9.999999982839968826e-01 9.999999998380602051e-01 9.999999999867048572e-01 9.999999999990507593e-01 9.999999999999410472e-01 9.999999999999968914e-01 9.999999999999997780e-01 1.000000000000000000e+00 1.000000000000000000e+00 1.000000000000000000e+00 1.000000000000000000e+00 1.000000000000000000e+00 1.000000000000000000e+00 1.000000000000000000e+00 1.000000000000000000e+00 1.000000000000000000e+00 1.000000000000000000e+00 1.000000000000000000e+00 1.000000000000000000e+00
3.924582203177821950e-154 1.965810745918718390e-149 8.310104871891235774e-145 2.964772060301373423e-140 8.926881483120771579e-136 2.268483971760225071e-131 4.865227721416934518e-127 8.806561525065737167e-123 1.345394880819756877e-118 1.734754626954377445e-114 1.887887749038084543e-110 1.734080794141624211e-106 1.344383097037218119e-102 8.797173104866557137e-99 4.858875538546813315e-95 2.265204852528864327e-91 8.913847273699721190e-88 2.960848895201665051e-84 8.301727349126213017e-81 1.964853498929791100e-77 3.925637898927228737e-74 6.620916630361906529e-71 9.426792198562390402e-68 1.133074606221184067e-64 1.149776537897766975e-61 9.850112725258314850e-59 7.124512973118186049e-56 4.350807036041440969e-53 2.243368951947917596e-50 9.767078579328541687e-48 3.590707376908117876e-45 1.114721897626486292e-42 2.922441467123341021e-40 6.470553444696232829e-38 1.209982552485813897e-35 1.911116230959114254e-33 2.549743322882574160e-31 2.873700117584830683e-29 2.736276260217215567e-27 2.201374934117523245e-25 1.496547572488765045e-23 8.598087616735411560e-22 4.175292042368089157e-20 1.714003967525031352e-18 5.949108421264032984e-17 1.746194238991866634e-15 4.335424968527160208e-14 9.107136849470950250e-13 1.619099365715815399e-11 2.437017032689146109e-10 3.106815301121566315e-09 3.356256321471015044e-08 3.074179907984755631e-07 2.389135250011395021e-06 1.576730186333402182e-05 8.845670427027612520e-05 4.223972713979923244e-04 1.719616312551519154e-03 5.980741103484772322e-03 1.781717274782827765e-02 4.562195917700492820e-02 1.008595600547201182e-01 1.936660219123607918e-01 3.255398971392245988e-01 4.840228729912819383e-01 6.451070952940352043e-01 7.835817268761859911e-01 8.842590334527458129e-01 9.461648594674429980e-01 9.783578693682757343e-01 9.925161525956112119e-01 9.977819579015330120e-01 9.994381397133225153e-01 9.998786152991245846e-01 9.999776724655244919e-01 9.999965080036928855e-01 9.999995361340320299e-01 9.999999477105043777e-01 9.999999950016652539e-01 9.999999995950843434e-01 9.999999999722147814e-01 9.999999999983857357e-01 9.999999999999206191e-01 9.999999999999966693e-01 9.999999999999998890e-01 1.000000000000000000e+00 1.000000000000000000e+00 1.000000000000000000e+00 1.000000000000000000e+00 1.000000000000000000e+00 1.000000000000000000e+00 1.000000000000000000e+00 1.000000000000000000e+00 1.000000000000000000e+00 1.000000000000000000e+00 1.000000000000000000e+00 1.000000000000000000e+00 1.000000000000000000e+00 1.000000000000000000e+00 1.000000000000000000e+00
4.742364018362797517e-173 1.054278504464201094e-167 1.927762996628300034e-162 2.899301405996493893e-157 3.586561860885857278e-152 3.649324688665160835e-147 3.054218437850801039e-142 2.102545984549551005e-137 1.190565718857440117e-132 5.545345364813995267e-128 2.124595921193045952e-123 6.695793592231454741e-119 1.735847242920841353e-114 3.701781499679293130e-110 6.493911209532919314e-106 9.371412404305402722e-102 1.112536232415261435e-97 1.086529234599688461e-93 8.729613843047912208e-90 5.770105846198749592e-86 3.137740405233470659e-82 1.403798321923934758e-78 5.167227726532751340e-75 1.564901918357609371e-71 3.899470044916845588e-68 7.995142926524936867e-65 1.348848918169507992e-61 1.872544728935314433e-58 2.139190902987595560e-55 2.011098575727437604e-52 1.555977149873367337e-49 9.907872459725982212e-47 5.192639405218978616e-44 2.240019960959316357e-41 7.954253533650979819e-39 2.325205871131189974e-36 5.595921351916695318e-34 1.108836110465330019e-31 1.809214885765664054e-29 2.431006755033983397e-27 2.690339244194014682e-25 2.452509955343744877e-23 1.841885984221230576e-21 1.139821922897885280e-19 5.813235178942734714e-18 2.444004097202823600e-16 8.472278929436275935e-15 2.422376184464258001e-13 5.714472249900542508e-12 1.112705694051896857e-10 1.789217361447601203e-09 2.377246043172844856e-08 2.611646475625973377e-07 2.374381390543483149e-06 1.788273131287241427e-05 1.117189861059630294e-04 5.798819104540904558e-04 2.505987360123757089e-03 9.041089477484266085e-03 2.732812235992697000e-02 6.953450898025670401e-02 1.498831421596298896e-01 2.760545670306536747e-01 4.394867920744136014e-01 6.141154414598971600e-01 7.680358473661037522e-01 8.799477827671911001e-01 9.470671084747966928e-01 9.802715537091140074e-01 9.938204553726807111e-01 9.983802837299564636e-01 9.996459019335266483e-01 9.999355938576549585e-01 9.999902722836200297e-01 9.999987818095166237e-01 9.999998736673395561e-01 9.999999891609895331e-01 9.999999992312363917e-01 9.999999999549555874e-01 9.999999999978208542e-01 9.999999999999129585e-01 9.999999999999971134e-01 1.000000000000000000e+00 1.000000000000000000e+00 1.000000000000000000e+00 1.000000000000000000e+00 1.000000000000000000e+00 1.000000000000000000e+00 1.000000000000000000e+00 1.000000000000000000e+00 1.000000000000000000e+00 1.000000000000000000e+00 1.000000000000000000e+00 1.000000000000000000e+00 1.000000000000000000e+00 1.000000000000000000e+00 1.000000000000000000e+00 1.000000000000000000e+00 1.000000000000000000e+00 1.000000000000000000e+00
4.656359985580839193e-185 3.255399188517453928e-179 1.829691446384942413e-173 8.267443447215976412e-168 3.003228908397194501e-162 8.770689485910458688e-157 2.059262098307504206e-151 3.887110088989421934e-146 5.899081146203396575e-141 7.197629413372825725e-136 7.060699706267357358e-131 5.568843736037877475e-126 3.531405446821608588e-121 1.800536772185907302e-116 7.381341075791987675e-112 2.433071414349161316e-107 6.448647750450205996e-103 1.374311223020687807e-98 2.355120611597373377e-94 3.245356612672170667e-90 3.596194434644323897e-86 3.204544822792067468e-82 2.296380025857824846e-78 1.323390604035723057e-74 6.133562911596826837e-71 2.286297652800094683e-67 6.854309953105018920e-64 1.652809834708812156e-60 3.205743899746531307e-57 5.001517256581277665e-54 6.277168129495430974e-51 6.337804704356590144e-48 5.148176026800820127e-45 3.364622050631878340e-42 1.769372978745686693e-39 7.487517751375836384e-37 2.549944183928607637e-34 6.989420037937104078e-32 1.542118018600178999e-29 2.739140155641140331e-27 3.917346757379020182e-25 4.511487737865535515e-23 4.184810405700032587e-21 3.127154651756820602e-19 1.882968543310300614e-17 9.138509989942047781e-16 3.575889825463995209e-14 1.128575645615038365e-12 2.874124270396227830e-11 5.909293314463840917e-10 9.815065927463084589e-09 1.317981587114008874e-07 1.432154316171521745e-06 1.260778230168095930e-05 9.005131858285601431e-05 5.228206001104951633e-04 2.473280164921267624e-03 9.563733978372483333e-03 3.035639756022531777e-02 7.954699109783107402e-02 1.734372000641933309e-01 3.180305521868289076e-01 4.977032537336489870e-01 6.778513792240363767e-01 8.235956106026012247e-01 9.187347125642499890e-01 9.688438565953305659e-01 9.901371035987269753e-01 9.974367776956487575e-01 9.994554463584628401e-01 9.999057280354554100e-01 9.999867334406467023e-01 9.999984852040066929e-01 9.999998598696179242e-01 9.999999895097475555e-01 9.999999993650974250e-01 9.999999999689570540e-01 9.999999999987745358e-01 9.999999999999609201e-01 9.999999999999990008e-01 1.000000000000000000e+00 1.000000000000000000e+00 1.000000000000000000e+00 1.000000000000000000e+00 1.000000000000000000e+00 1.000000000000000000e+00 1.000000000000000000e+00 1.000000000000000000e+00 1.000000000000000000e+00 1.000000000000000000e+00 1.000000000000000000e+00 1.000000000000000000e+00 1.000000000000000000e+00 1.000000000000000000e+00 1.000000000000000000e+00 1.000000000000000000e+00 1.000000000000000000e+00 1.000000000000000000e+00 1.000000000000000000e+00 1.000000000000000000e+00
4.472593528647508747e-231 1.326449152538201867e-223 2.957596149602186028e-216 4.958021053706116055e-209 6.248898119380942881e-202 5.921458489956163785e-195 4.218799962658813566e-188 2.259900268024509496e-181 9.101963529482625288e-175 2.756335465354486690e-168 6.276047726649003813e-162 1.074493908136208932e-155 1.383222328900352463e-149 1.338928886638727702e-143 9.745590138627678353e-138 5.333987557155175216e-132 2.195319437359536484e-126 6.794453636437429017e-121 1.581365660501129649e-115 2.767843695227761606e-110 3.643288919661091334e-105 3.606621694332444156e-100 2.685193198359031951e-95 1.503600656105821030e-90 6.332667085602570834e-86 2.006108347354985746e-81 4.780281279694870089e-77 8.568467320172380903e-73 1.155378953151841473e-68 1.172034161308507915e-64 8.944903097605889366e-61 5.136390343481627024e-57 2.219308158577010581e-53 7.215853635873844902e-50 1.765652352164733699e-46 3.251703829828747579e-43 4.507655135441603237e-40 4.704086798227976606e-37 3.696087524811171817e-34 2.186835649031226820e-31 9.744743088723976811e-29 3.271060940014650652e-26 8.273071077402743326e-24 1.576940667539967618e-21 2.266015339032364777e-19 2.455610158333620270e-17 2.007622843747238742e-15 1.238914940792236839e-13 5.774178753739999422e-12 2.033924787148348843e-10 5.419405689916577217e-09 1.093472992055550496e-07 1.672989868713064309e-06 1.944292437486237814e-05 1.720262070406518848e-04 1.162234862850596365e-03 6.020307787555105247e-03 2.404333267076856281e-02 7.461568489716684238e-02 1.819650701900034917e-01 3.543689245013204037e-01 5.638738552789432923e-01 7.565188064423233882e-01 8.905574773141171629e-01 9.611212362417937971e-01 9.892247466020545055e-01 9.976910703838637318e-01 9.996199063863031586e-01 9.999521510312708861e-01 9.999954091535658840e-01 9.999996651461930952e-01 9.999999814679224608e-01 9.999999992229471335e-01 9.999999999753439450e-01 9.999999999994084732e-01 9.999999999999893419e-01 9.999999999999997780e-01 1.000000000000000000e+00 1.000000000000000000e+00 1.000000000000000000e+00 1.000000000000000000e+00 1.000000000000000000e+00 1.000000000000000000e+00 1.000000000000000000e+00 1.000000000000000000e+00 1.000000000000000000e+00 1.000000000000000000e+00 1.000000000000000000e+00 1.000000000000000000e+00 1.000000000000000000e+00 1.000000000000000000e+00 1.000000000000000000e+00 1.000000000000000000e+00 1.000000000000000000e+00 1.000000000000000000e+00 1.000000000000000000e+00 1.000000000000000000e+00 1.000000000000000000e+00 1.000000000000000000e+00 1.000000000000000000e+00
2.916742416121494875e-313 5.898338382927099638e-303 7.999055095179740251e-293 7.274940317693499417e-283 4.437174409962249324e-273 1.814991956999642149e-263 4.978965730690983412e-254 9.160204465548737129e-245 1.130260300625597958e-235 9.353304252914564294e-227 5.191242229089272919e-218 1.932430648748845016e-209 4.824697534578196474e-201 8.079368785054176395e-193 9.074736798275278779e-185 6.836731775136446489e-177 3.454857628763521887e-169 1.171085818507580871e-161 2.662776866755767795e-154 4.061435927046362448e-147 4.155615293408919538e-140 2.852430027084196060e-133 1.313507752613377908e-126 4.057919393543998993e-120 8.410924187534470659e-114 1.169691441984782258e-107 1.091454137489145111e-101 6.833878583839801030e-96 2.871306354923118790e-90 8.095941970138942516e-85 1.531998460160162672e-79 1.945730210512491566e-74 1.658722228972447649e-69 9.492234007743482697e-65 3.646767059568718238e-60 9.406720683238682410e-56 1.629335126683534002e-51 1.895318658126521491e-47 1.480876655632563558e-43 7.773102265121587143e-40 2.741531331203180677e-36 6.498489248240422562e-33 1.035533318544591363e-29 1.109631325684423899e-26 7.998513884747517046e-24 3.880045224249692331e-21 1.267293182698366549e-18 2.788628153728712739e-16 4.137088935063703728e-14 4.141732601982357573e-12 2.801196426091161556e-10 1.281754411259678907e-08 3.975358559682038133e-07 8.377791841862283789e-06 1.203686674719396411e-04 1.184503151328730741e-03 8.036320256747135279e-03 3.795439189301900995e-02 1.266010741320754140e-01 3.049282506965409478e-01 5.485701123953528047e-01 7.746886825474772476e-01 9.172341718923706644e-01 9.782581110367174482e-01 9.959915944262276444e-01 9.994877100820929172e-01 9.999549879879598979e-01 9.999972965217160947e-01 9.999998894562486251e-01 9.999999969318512649e-01 9.999999999423246910e-01 9.999999999992669197e-01 9.999999999999937828e-01 1.000000000000000000e+00 1.000000000000000000e+00 1.000000000000000000e+00 1.000000000000000000e+00 1.000000000000000000e+00 1.000000000000000000e+00 1.000000000000000000e+00 1.000000000000000000e+00 1.000000000000000000e+00 1.000000000000000000e+00 1.000000000000000000e+00 1.000000000000000000e+00 1.000000000000000000e+00 1.000000000000000000e+00 1.000000000000000000e+00 1.000000000000000000e+00 1.000000000000000000e+00 1.000000000000000000e+00 1.000000000000000000e+00 1.000000000000000000e+00 1.000000000000000000e+00 1.000000000000000000e+00 1.000000000000000000e+00 1.000000000000000000e+00 1.000000000000000000e+00 1.000000000000000000e+00 1.000000000000000000e+00
5.143192051458309362e-294 3.161618185333649392e-284 1.323412246647907559e-274 3.772197645824683545e-265 7.321701983950516462e-256 9.677272904280846751e-247 8.710088267717410059e-238 5.338587246605680591e-229 2.228282610935830947e-220 6.333745389995305182e-212 1.226038128566414099e-203 1.616245935402940561e-195 1.451037038245835055e-187 8.872072890544412889e-180 3.694500606285612349e-172 1.047802605130286689e-164 2.023978833057342584e-157 2.662843013348911575e-150 2.386213772997210933e-143 1.456495718165643195e-136 6.055610578256385865e-130 1.715020409862198116e-123 3.308705569706263029e-117 4.348510045369510465e-111 3.893442284020711036e-105 2.374962630224352818e-99 9.870294726349453080e-94 2.794963525877150476e-88 5.392862174817830080e-83 7.090656917265805645e-78 6.353412951048635229e-73 3.879838663992936385e-68 1.614887164684008255e-63 4.581762241802169822e-59 8.861948736156946595e-55 1.168643290169044985e-50 1.050864243226744935e-46 6.444454871650902639e-43 2.695703552034552955e-39 7.692825388576492462e-36 1.498030844664573182e-32 1.991060362768959701e-29 1.806765955619898589e-26 1.119745734032501655e-23 4.741431303257020486e-21 1.372389201632095770e-18 2.716874567207389870e-16 3.681171844197202252e-14 3.416610593304989814e-12 2.174490216621148663e-10 9.502852655235809398e-09 2.856502297337902046e-07 5.919473018664874265e-06 8.482400190481727308e-05 8.440210924637469745e-04 5.865953584904259714e-03 2.871882790371808186e-02 1.003035927554290496e-01 2.547290420868225658e-01 4.842299717186606678e-01 7.192456198131034206e-01 8.850746992363626164e-01 9.656878784980540420e-01 9.926772298976533904e-01 9.988976281407538904e-01 9.998839811972908276e-01 9.999915159122757524e-01 9.999995707911240039e-01 9.999999850256808820e-01 9.999999996405650737e-01 9.999999999940747397e-01 9.999999999999329425e-01 9.999999999999995559e-01 1.000000000000000000e+00 1.000000000000000000e+00 1.000000000000000000e+00 1.000000000000000000e+00 1.000000000000000000e+00 1.000000000000000000e+00 1.000000000000000000e+00 1.000000000000000000e+00 1.000000000000000000e+00 1.000000000000000000e+00 1.000000000000000000e+00 1.000000000000000000e+00 1.000000000000000000e+00 1.000000000000000000e+00 1.000000000000000000e+00 1.000000000000000000e+00 1.000000000000000000e+00 1.000000000000000000e+00 1.000000000000000000e+00 1.000000000000000000e+00 1.000000000000000000e+00 1.000000000000000000e+00 1.000000000000000000e+00 1.000000000000000000e+00 1.000000000000000000e+00 1.000000000000000000e+00 1.000000000000000000e+00
0.000000000000000000e+00 0.000000000000000000e+00 0.000000000000000000e+00 0.000000000000000000e+00 0.000000000000000000e+00 0.000000000000000000e+00 0.000000000000000000e+00 0.000000000000000000e+00 2.428203737404974479e-313 4.884846163557140992e-301 5.550719476301214187e-289 3.562770326469904523e-277 1.291738353122319073e-265 2.645562404843375001e-254 3.060746160878589706e-243 2.000378633521421477e-232 7.385554668601742573e-222 1.540462806212203749e-211 1.815216791143864202e-201 1.208447711507961795e-191 4.545306763390138133e-182 9.659385508958865495e-173 1.159853068258764999e-163 7.869392287960994632e-155 3.017055052755981883e-146 6.536569128633930396e-138 8.003200962056806487e-130 5.537957396987385724e-122 2.165881589064063727e-114 4.787942524023695265e-107 5.983086360177565330e-100 4.226688877807874340e-93 1.688163700239801606e-86 3.812530982838926913e-80 4.869086135299380513e-74 3.517011668971331129e-68 1.437000341420642486e-62 3.321771995637553230e-57 4.345064370516277935e-52 3.216859174332814076e-47 1.348305526977105651e-42 3.200326356352776769e-38 4.303299962355252897e-34 3.279366706331562714e-30 1.417013730228397892e-26 3.473867444391663403e-23 4.835314287826146684e-20 3.824736513184989016e-17 1.721227514480939523e-14 4.413348127783594128e-12 6.459785234394829550e-10 5.411185169051869944e-08 2.603186638893059380e-06 7.227626942170605221e-05 1.166512945759276857e-03 1.106447157955679772e-02 6.274912620947063757e-02 2.188601207572246632e-01 4.920219400938965482e-01 7.691498517913659683e-01 9.321634391583045742e-01 9.877166418891405453e-01 9.986685897795475331e-01 9.999151272439174010e-01 9.999968534740548698e-01 9.999999326545319089e-01 9.999999991720214254e-01 9.999999999941733275e-01 9.999999999999765743e-01 1.000000000000000000e+00 1.000000000000000000e+00 1.000000000000000000e+00 1.000000000000000000e+00 1.000000000000000000e+00 1.000000000000000000e+00 1.000000000000000000e+00 1.000000000000000000e+00 1.000000000000000000e+00 1.000000000000000000e+00 1.000000000000000000e+00 1.000000000000000000e+00 1.000000000000000000e+00 1.000000000000000000e+00 1.000000000000000000e+00 1.000000000000000000e+00 1.000000000000000000e+00 1.000000000000000000e+00 1.000000000000000000e+00 1.000000000000000000e+00 1.000000000000000000e+00 1.000000000000000000e+00 1.000000000000000000e+00 1.000000000000000000e+00 1.000000000000000000e+00 1.000000000000000000e+00 1.000000000000000000e+00 1.000000000000000000e+00 1.000000000000000000e+00 1.000000000000000000e+00 1.000000000000000000e+00
0.000000000000000000e+00 0.000000000000000000e+00 0.000000000000000000e+00 0.000000000000000000e+00 0.000000000000000000e+00 0.000000000000000000e+00 0.000000000000000000e+00 0.000000000000000000e+00 0.000000000000000000e+00 0.000000000000000000e+00 0.000000000000000000e+00 0.000000000000000000e+00 2.031153276617948668e-319 1.485791016759940864e-305 5.327759020639898736e-292 9.365160492758557616e-279 8.070133795126858330e-266 3.409203824964299248e-253 7.060649821949683609e-241 7.169181678059313371e-229 3.568966941741360558e-217 8.711230586965624765e-206 1.042552404238846581e-194 6.118099279667264373e-184 1.760580512663941308e-173 2.484496392057122947e-163 1.719445516893393002e-153 5.836236187198182143e-144 9.716306128671810922e-135 7.934616733545677145e-126 3.178653375195061005e-117 6.247307034752698872e-109 6.024480386591160154e-101 2.850843218945399045e-93 6.620795942326797615e-86 7.547334644406134905e-79 4.223723972186465637e-72 1.160641612986235596e-65 1.566375182092910181e-59 1.038478633262738978e-53 3.383221473585456513e-48 5.418054569320849556e-43 4.266902874280434605e-38 1.653291166819230274e-33 3.153608485844702370e-29 2.963462478791922286e-25 1.373125857797478881e-21 3.140700884169886651e-18 3.551167249334112431e-15 1.988653058757284159e-12 5.529451947255584681e-10 7.660266968414548548e-08 5.313528400260876546e-06 1.858906964163675236e-04 3.316947551260791133e-03 3.074022732927769383e-02 1.525957313879941213e-01 4.283000369542314667e-01 7.466408934717099211e-01 9.343016070714923460e-01 9.906956126017076869e-01 9.993079274962529679e-01 9.999735688107342924e-01 9.999994887482580586e-01 9.999999950349259814e-01 9.999999999759300318e-01 9.999999999999420464e-01 1.000000000000000000e+00 1.000000000000000000e+00 1.000000000000000000e+00 1.000000000000000000e+00 1.000000000000000000e+00 1.000000000000000000e+00 1.000000000000000000e+00 1.000000000000000000e+00 1.000000000000000000e+00 1.000000000000000000e+00 1.000000000000000000e+00 1.000000000000000000e+00 1.000000000000000000e+00 1.000000000000000000e+00 1.000000000000000000e+00 1.000000000000000000e+00 1.000000000000000000e+00 1.000000000000000000e+00 1.000000000000000000e+00 1.000000000000000000e+00 1.000000000000000000e+00 1.000000000000000000e+00 1.000000000000000000e+00 1.000000000000000000e+00 1.000000000000000000e+00 1.000000000000000000e+00 1.000000000000000000e+00 1.000000000000000000e+00 1.000000000000000000e+00 1.000000000000000000e+00 1.000000000000000000e+00 1.000000000000000000e+00 1.000000000000000000e+00
0.000000000000000000e+00 0.000000000000000000e+00 0.000000000000000000e+00 0.000000000000000000e+00 0.000000000000000000e+00 0.000000000000000000e+00 0.000000000000000000e+00 0.000000000000000000e+00 0.000000000000000000e+00 0.000000000000000000e+00 0.000000000000000000e+00 0.000000000000000000e+00 0.000000000000000000e+00 0.000000000000000000e+00 0.000000000000000000e+00 0.000000000000000000e+00 0.000000000000000000e+00 0.000000000000000000e+00 0.000000000000000000e+00 0.000000000000000000e+00 0.000000000000000000e+00 6.403090770102555213e-321 3.465584005414283913e-303 5.831604399049089180e-286 3.051548190357801204e-269 4.965890565978530701e-253 2.513305625234240846e-237 3.956342325768641580e-222 1.937202312939637491e-207 2.950694453867379267e-193 1.398238217071986829e-179 2.061530759505028182e-166 9.458004248396290710e-154 1.350410043161560472e-141 6.001376778236424282e-130 8.302832677032038609e-119 3.576621434512091754e-108 4.798264053634295545e-98 2.005245351882458592e-88 2.611250530877108371e-79 1.059923356870343309e-70 1.341589560301775191e-62 5.297765684200821294e-55 6.530492783761310641e-48 2.514711871648695350e-41 3.027633807660003163e-35 1.140974253855297004e-29 1.347811477055935861e-24 5.000151439741920398e-20 5.840424235671999029e-16 2.155524245274812457e-12 2.526580152076972166e-09 9.478633457339012974e-07 1.152275006595244447e-04 4.635752427822260185e-03 6.416770575662919529e-02 3.301421638947528159e-01 7.394522465513299059e-01 9.575408975002346335e-01 9.974764656466030832e-01 9.999488755683565433e-01 9.999996589125206281e-01 9.999999992646702029e-01 9.999999999994935163e-01 9.999999999999998890e-01 1.000000000000000000e+00 1.000000000000000000e+00 1.000000000000000000e+00 1.000000000000000000e+00 1.000000000000000000e+00 1.000000000000000000e+00 1.000000000000000000e+00 1.000000000000000000e+00 1.000000000000000000e+00 1.000000000000000000e+00 1.000000000000000000e+00 1.000000000000000000e+00 1.000000000000000000e+00 1.000000000000000000e+00 1.000000000000000000e+00 1.000000000000000000e+00 1.000000000000000000e+00 1.000000000000000000e+00 1.000000000000000000e+00 1.000000000000000000e+00 1.000000000000000000e+00 1.000000000000000000e+00 1.000000000000000000e+00 1.000000000000000000e+00 1.000000000000000000e+00 1.000000000000000000e+00 1.000000000000000000e+00 1.000000000000000000e+00 1.000000000000000000e+00 1.000000000000000000e+00 1.000000000000000000e+00 1.000000000000000000e+00 1.000000000000000000e+00 1.000000000000000000e+00 1.000000000000000000e+00
0.000000000000000000e+00 0.000000000000000000e+00 0.000000000000000000e+00 0.000000000000000000e+00 0.000000000000000000e+00 0.000000000000000000e+00 0.000000000000000000e+00 0.000000000000000000e+00 0.000000000000000000e+00 0.000000000000000000e+00 0.000000000000000000e+00 0.000000000000000000e+00 0.000000000000000000e+00 0.000000000000000000e+00 0.000000000000000000e+00 0.000000000000000000e+00 0.000000000000000000e+00 0.000000000000000000e+00 0.000000000000000000e+00 0.000000000000000000e+00 0.000000000000000000e+00 0.000000000000000000e+00 0.000000000000000000e+00 7.737378893511886885e-307 1.275076788896877529e-288 5.770283693581145630e-271 7.171403473567229832e-254 2.447867750304913768e-237 2.294998441528634053e-221 5.910510822498051263e-206 4.181745257954222447e-191 8.128805062540375056e-177 4.341949322431598526e-163 6.373685987594695179e-150 2.571646224695904094e-137 2.852478989231484058e-125 8.699842905143430222e-114 7.297572430699554488e-103 1.683991445422640527e-92 1.069379713364882065e-82 1.869455499844316322e-73 9.000788693115603314e-65 1.194148034053649526e-56 4.368454898929539027e-49 4.409963875525789897e-42 1.229737724537694335e-35 9.484452178335037916e-30 2.026529697770935856e-24 1.202245715037057262e-19 1.986318493328891825e-15 9.178880023720244738e-12 1.193951698997397170e-08 4.415350082017919916e-06 4.719767960009067179e-04 1.502418610673620682e-02 1.509927724100975366e-01 5.418448373544233476e-01 8.929462487089552258e-01 9.913346849099591296e-01 9.997816781817396858e-01 9.999983734154570536e-01 9.999999965102943644e-01 9.999999999978761434e-01 9.999999999999995559e-01 1.000000000000000000e+00 1.000000000000000000e+00 1.000000000000000000e+00 1.000000000000000000e+00 1.000000000000000000e+00 1.000000000000000000e+00 1.000000000000000000e+00 1.000000000000000000e+00 1.000000000000000000e+00 1.000000000000000000e+00 1.000000000000000000e+00 1.000000000000000000e+00 1.000000000000000000e+00 1.000000000000000000e+00 1.000000000000000000e+00 1.000000000000000000e+00 1.000000000000000000e+00 1.000000000000000000e+00 1.000000000000000000e+00 1.000000000000000000e+00 1.000000000000000000e+00 1.000000000000000000e+00 1.000000000000000000e+00 1.000000000000000000e+00 1.000000000000000000e+00 1.000000000000000000e+00 1.000000000000000000e+00 1.000000000000000000e+00 1.000000000000000000e+00 1.000000000000000000e+00 1.000000000000000000e+00 1.000000000000000000e+00 1.000000000000000000e+00 1.000000000000000000e+00 1.000000000000000000e+00 1.000000000000000000e+00
0.000000000000000000e+00 0.000000000000000000e+00 0.000000000000000000e+00 0.000000000000000000e+00 0.000000000000000000e+00 0.000000000000000000e+00 0.000000000000000000e+00 0.000000000000000000e+00 0.000000000000000000e+00 0.000000000000000000e+00 0.000000000000000000e+00 0.000000000000000000e+00 0.000000000000000000e+00 0.000000000000000000e+00 0.000000000000000000e+00 0.000000000000000000e+00 0.000000000000000000e+00 0.000000000000000000e+00 0.000000000000000000e+00 0.000000000000000000e+00 0.000000000000000000e+00 0.000000000000000000e+00 0.000000000000000000e+00 0.000000000000000000e+00 0.000000000000000000e+00 0.000000000000000000e+00 0.000000000000000000e+00 0.000000000000000000e+00 0.000000000000000000e+00 3.682858871863165786e-308 1.644501100083631886e-285 9.896067486545612229e-264 8.026492878146472812e-243 8.775789110921054917e-223 1.293643637244275314e-203 2.571534018294829554e-185 6.894648073460490276e-168 2.493915823652642171e-151 1.217381663167503957e-135 8.022215395253404731e-121 7.139356927585517223e-107 8.584799476028671985e-94 1.395599111770042746e-81 3.069454911895733539e-70 9.141521707758690837e-60 3.690811682178391458e-50 2.023035488671673710e-41 1.508337935003668645e-33 1.533706320908905043e-26 2.134658822709636060e-20 4.088758295505365707e-15 1.086748964234806531e-10 4.063198180220582497e-07 2.189996512627007455e-04 1.787251399531827878e-02 2.471232335434588312e-01 7.681217173950315447e-01 9.841796599999984574e-01 9.998181872844853491e-01 9.999996843900431642e-01 9.999999999211106605e-01 9.999999999999972244e-01 1.000000000000000000e+00 1.000000000000000000e+00 1.000000000000000000e+00 1.000000000000000000e+00 1.000000000000000000e+00 1.000000000000000000e+00 1.000000000000000000e+00 1.000000000000000000e+00 1.000000000000000000e+00 1.000000000000000000e+00 1.000000000000000000e+00 1.000000000000000000e+00 1.000000000000000000e+00 1.000000000000000000e+00 1.000000000000000000e+00 1.000000000000000000e+00 1.000000000000000000e+00 1.000000000000000000e+00 1.000000000000000000e+00 1.000000000000000000e+00 1.000000000000000000e+00 1.000000000000000000e+00 1.000000000000000000e+00 1.000000000000000000e+00 1.000000000000000000e+00 1.000000000000000000e+00 1.000000000000000000e+00 1.000000000000000000e+00 1.000000000000000000e+00 1.000000000000000000e+00 1.000000000000000000e+00 1.000000000000000000e+00 1.000000000000000000e+00 1.000000000000000000e+00 1.000000000000000000e+00 1.000000000000000000e+00 1.000000000000000000e+00 1.000000000000000000e+00
0.000000000000000000e+00 0.000000000000000000e+00 0.000000000000000000e+00 0.000000000000000000e+00 0.000000000000000000e+00 0.000000000000000000e+00 0.000000000000000000e+00 0.000000000000000000e+00 0.000000000000000000e+00 0.000000000000000000e+00 0.000000000000000000e+00 0.000000000000000000e+00 0.000000000000000000e+00 0.000000000000000000e+00 0.000000000000000000e+00 0.000000000000000000e+00 0.000000000000000000e+00 0.000000000000000000e+00 0.000000000000000000e+00 0.000000000000000000e+00 0.000000000000000000e+00 0.000000000000000000e+00 0.000000000000000000e+00 0.000000000000000000e+00 0.000000000000000000e+00 0.000000000000000000e+00 0.000000000000000000e+00 2.233176719202434380e-321 4.558939592450296900e-299 1.449729977951375096e-277 7.176835015038320434e-257 5.531626926918173957e-237 6.639034171522143953e-218 1.240951215792744550e-199 3.613075497997846539e-182 1.638918769473733447e-165 1.158495659833251659e-149 1.276445424651633886e-134 2.192878102749668402e-120 5.876091156142154663e-107 2.457036520504002511e-94 1.604016789416280512e-82 1.635891065952033444e-71 2.608470342317116522e-61 6.509185980123207547e-52 2.545167345418916927e-43 1.561915335227543127e-35 1.507605588143075630e-28 2.295598022094283795e-22 5.537553373926924473e-17 2.129554347167249346e-12 1.318607396266027986e-08 1.336857950622311037e-05 2.289372433253006843e-03 7.065632920135467288e-02 4.575634595595970411e-01 8.957629387569374657e-01 9.956307492131124537e-01 9.999664674803280251e-01 9.999999562195893699e-01 9.999999999906068471e-01 9.999999999999996669e-01 1.000000000000000000e+00 1.000000000000000000e+00 1.000000000000000000e+00 1.000000000000000000e+00 1.000000000000000000e+00 1.000000000000000000e+00 1.000000000000000000e+00 1.000000000000000000e+00 1.000000000000000000e+00 1.000000000000000000e+00 1.000000000000000000e+00 1.000000000000000000e+00 1.000000000000000000e+00 1.000000000000000000e+00 1.000000000000000000e+00 1.000000000000000000e+00 1.000000000000000000e+00 1.000000000000000000e+00 1.000000000000000000e+00 1.000000000000000000e+00 1.000000000000000000e+00 1.000000000000000000e+00 1.000000000000000000e+00 1.000000000000000000e+00 1.000000000000000000e+00 1.000000000000000000e+00 1.000000000000000000e+00 1.000000000000000000e+00 1.000000000000000000e+00 1.000000000000000000e+00 1.000000000000000000e+00 1.000000000000000000e+00 1.000000000000000000e+00 1.000000000000000000e+00 1.000000000000000000e+00 1.000000000000000000e+00 1.000000000000000000e+00 1.000000000000000000e+00
0.000000000000000000e+00 0.000000000000000000e+00 0.000000000000000000e+00 0.000000000000000000e+00 0.000000000000000000e+00 0.000000000000000000e+00 0.000000000000000000e+00 0.000000000000000000e+00 0.000000000000000000e+00 0.000000000000000000e+00 0.000000000000000000e+00 0.000000000000000000e+00 0.000000000000000000e+00 0.000000000000000000e+00 0.000000000000000000e+00 0.000000000000000000e+00 0.000000000000000000e+00 0.000000000000000000e+00 0.000000000000000000e+00 0.000000000000000000e+00 0.000000000000000000e+00 0.000000000000000000e+00 0.000000000000000000e+00 0.000000000000000000e+00 0.000000000000000000e+00 0.000000000000000000e+00 0.000000000000000000e+00 0.000000000000000000e+00 0.000000000000000000e+00 0.000000000000000000e+00 1.556408270424238865e-315 7.056991857570901386e-291 3.128885441063756251e-267 1.356754135713372704e-244 5.754809942069187668e-223 2.388181276044523430e-202 9.698660018953516135e-183 3.855515446677649105e-164 1.500782446795213788e-146 5.722436707307711236e-130 2.138292351059290119e-114 7.834494165846994653e-100 2.816433261443417782e-86 9.942318670857381823e-74 3.450025754719818672e-62 1.178354820469888464e-51 3.968252103774524732e-42 1.320690440120667090e-33 4.357949352768616805e-26 1.432397858749130923e-19 4.722870839750240654e-14 1.579941778311498440e-09 5.470009668994060142e-06 2.037180305447061721e-03 8.899250293358880459e-02 5.707861766744026788e-01 9.557849123880767239e-01 9.993790945288948402e-01 9.999990051113233358e-01 9.999999998305184601e-01 9.999999999999970024e-01 1.000000000000000000e+00 1.000000000000000000e+00 1.000000000000000000e+00 1.000000000000000000e+00 1.000000000000000000e+00 1.000000000000000000e+00 1.000000000000000000e+00 1.000000000000000000e+00 1.000000000000000000e+00 1.000000000000000000e+00 1.000000000000000000e+00 1.000000000000000000e+00 1.000000000000000000e+00 1.000000000000000000e+00 1.000000000000000000e+00 1.000000000000000000e+00 1.000000000000000000e+00 1.000000000000000000e+00 1.000000000000000000e+00 1.000000000000000000e+00 1.000000000000000000e+00 1.000000000000000000e+00 1.000000000000000000e+00 1.000000000000000000e+00 1.000000000000000000e+00 1.000000000000000000e+00 1.000000000000000000e+00 1.000000000000000000e+00 1.000000000000000000e+00 1.000000000000000000e+00 1.000000000000000000e+00 1.000000000000000000e+00 1.000000000000000000e+00 1.000000000000000000e+00 1.000000000000000000e+00 1.000000000000000000e+00 1.000000000000000000e+00 1.000000000000000000e+00 1.000000000000000000e+00
0.000000000000000000e+00 0.000000000000000000e+00 0.000000000000000000e+00 0.000000000000000000e+00 0.000000000000000000e+00 0.000000000000000000e+00 0.000000000000000000e+00 0.000000000000000000e+00 0.000000000000000000e+00 0.000000000000000000e+00 0.000000000000000000e+00 0.000000000000000000e+00 0.000000000000000000e+00 0.000000000000000000e+00 0.000000000000000000e+00 0.000000000000000000e+00 0.000000000000000000e+00 0.000000000000000000e+00 0.000000000000000000e+00 0.000000000000000000e+00 0.000000000000000000e+00 0.000000000000000000e+00 0.000000000000000000e+00 0.000000000000000000e+00 0.000000000000000000e+00 0.000000000000000000e+00 0.000000000000000000e+00 0.000000000000000000e+00 0.000000000000000000e+00 0.000000000000000000e+00 0.000000000000000000e+00 0.000000000000000000e+00 0.000000000000000000e+00 0.000000000000000000e+00 0.000000000000000000e+00 4.474268993404370208e-295 4.237271236590105593e-266 1.245658060106994381e-238 1.137112514841727804e-212 3.224557400085586868e-188 2.841857244104482844e-165 7.788358186253223914e-144 6.642056248144959117e-124 1.764196589077882091e-105 1.461010005221095813e-88 3.777743973637586420e-73 3.055568790578909284e-59 7.750461638955258932e-47 6.186974012578330630e-36 1.562428981256850995e-26 1.258300365440298406e-18 3.275142651490421977e-12 2.823278531250931689e-07 8.484331776615075755e-04 1.012407600654280510e-01 7.223023132616290809e-01 9.929342402682823643e-01 9.999921314795958693e-01 9.999999996841661964e-01 9.999999999999995559e-01 1.000000000000000000e+00 1.000000000000000000e+00 1.000000000000000000e+00 1.000000000000000000e+00 1.000000000000000000e+00 1.000000000000000000e+00 1.000000000000000000e+00 1.000000000000000000e+00 1.000000000000000000e+00 1.000000000000000000e+00 1.000000000000000000e+00 1.000000000000000000e+00 1.000000000000000000e+00 1.000000000000000000e+00 1.000000000000000000e+00 1.000000000000000000e+00 1.000000000000000000e+00 1.000000000000000000e+00 1.000000000000000000e+00 1.000000000000000000e+00 1.000000000000000000e+00 1.000000000000000000e+00 1.000000000000000000e+00 1.000000000000000000e+00 1.000000000000000000e+00 1.000000000000000000e+00 1.000000000000000000e+00 1.000000000000000000e+00 1.000000000000000000e+00 1.000000000000000000e+00 1.000000000000000000e+00 1.000000000000000000e+00 1.000000000000000000e+00 1.000000000000000000e+00 1.000000000000000000e+00 1.000000000000000000e+00 1.000000000000000000e+00 1.000000000000000000e+00 1.000000000000000000e+00 1.000000000000000000e+00
