0.000000000000000000e+00 0.000000000000000000e+00 0.000000000000000000e+00 0.000000000000000000e+00 0.000000000000000000e+00 0.000000000000000000e+00 0.000000000000000000e+00 0.000000000000000000e+00 0.000000000000000000e+00 0.000000000000000000e+00 0.000000000000000000e+00 0.000000000000000000e+00 0.000000000000000000e+00 0.000000000000000000e+00 3.780587666937555613e-308 2.615167296939201570e-291 6.040050609417739501e-275 4.658048180221954009e-259 1.199535222735296172e-243 1.031556968300026393e-228 2.962597682032112619e-214 2.841726699438223662e-200 9.104503629700610974e-187 9.743892132010620920e-174 3.483798792219862092e-161 4.161646511849863298e-149 1.661199230232520616e-137 2.216063860031108203e-126 9.881306388448492102e-116 1.472973419813839549e-105 7.341959803484094020e-96 1.223959946972130437e-86 6.826190837346943759e-78 1.274041546009073216e-69 7.960593223005227093e-62 1.665933902331406108e-54 1.168298649303311662e-47 2.747374727596423741e-41 2.168206344217592076e-35 5.748330445476025560e-30 5.126279249043841549e-25 1.540326481450485020e-20 1.562959453202598876e-16 5.372099765583482709e-13 6.282024144476947791e-10 2.515476633834378843e-07 3.483902150040687920e-05 1.696794458265219342e-03 2.992546059082236073e-02 2.020998903571823990e-01 5.845712835418891418e-01 8.964082758335869539e-01 9.895308240483671192e-01 9.996058069172082394e-01 9.999947007074247995e-01 9.999999751433193973e-01 9.999999999598609968e-01 9.999999999999777955e-01 1.000000000000000000e+00 1.000000000000000000e+00 1.000000000000000000e+00 1.000000000000000000e+00 1.000000000000000000e+00 1.000000000000000000e+00 1.000000000000000000e+00 1.000000000000000000e+00 1.000000000000000000e+00 1.000000000000000000e+00 1.000000000000000000e+00 1.000000000000000000e+00 1.000000000000000000e+00 1.000000000000000000e+00 1.000000000000000000e+00 1.000000000000000000e+00 1.000000000000000000e+00 1.000000000000000000e+00 1.000000000000000000e+00 1.000000000000000000e+00 1.000000000000000000e+00 1.000000000000000000e+00 1.000000000000000000e+00 1.000000000000000000e+00 1.000000000000000000e+00 1.000000000000000000e+00 1.000000000000000000e+00 1.000000000000000000e+00 1.000000000000000000e+00 1.000000000000000000e+00 1.000000000000000000e+00 1.000000000000000000e+00 1.000000000000000000e+00 1.000000000000000000e+00 1.000000000000000000e+00 1.000000000000000000e+00 1.000000000000000000e+00 1.000000000000000000e+00 1.000000000000000000e+00 1.000000000000000000e+00 1.000000000000000000e+00 1.000000000000000000e+00
0.000000000000000000e+00 0.000000000000000000e+00 0.000000000000000000e+00 0.000000000000000000e+00 0.000000000000000000e+00 0.000000000000000000e+00 0.000000000000000000e+00 0.000000000000000000e+00 0.000000000000000000e+00 0.000000000000000000e+00 0.000000000000000000e+00 0.000000000000000000e+00 0.000000000000000000e+00 0.000000000000000000e+00 2.072822722586984086e-311 2.228543563164113100e-294 7.894166169033078414e-278 9.213804196146827373e-262 3.543583419748511907e-246 4.490998683369972258e-231 1.875719602709357899e-216 2.581954765899355593e-202 1.171438054315899193e-188 1.751935096524156680e-175 8.637478579212143048e-163 1.404020696411606886e-150 7.525418248110068268e-139 1.330203817665305198e-127 7.755394887778477615e-117 1.491643390253778967e-106 9.466510104733190511e-97 1.982807596758204137e-87 1.371056744183657593e-78 3.130783384185907593e-70 2.361765949556259758e-62 5.888460155733799498e-55 4.854921633947271309e-48 1.324537042873990349e-41 1.196741568481635580e-35 3.584542635536577702e-30 3.563932234189126625e-25 1.178213546813337230e-20 1.298077996479817762e-16 4.780909013651797615e-13 5.912523703422023561e-10 2.471334824383517742e-07 3.527074965892336379e-05 1.748030394046278272e-03 3.099929842999156471e-02 2.083290628034117076e-01 5.955480833201532986e-01 9.024973542395571258e-01 9.906129559742002932e-01 9.996680387544130131e-01 9.999958661652577074e-01 9.999999822817937645e-01 9.999999999742059664e-01 9.999999999999873435e-01 1.000000000000000000e+00 1.000000000000000000e+00 1.000000000000000000e+00 1.000000000000000000e+00 1.000000000000000000e+00 1.000000000000000000e+00 1.000000000000000000e+00 1.000000000000000000e+00 1.000000000000000000e+00 1.000000000000000000e+00 1.000000000000000000e+00 1.000000000000000000e+00 1.000000000000000000e+00 1.000000000000000000e+00 1.000000000000000000e+00 1.000000000000000000e+00 1.000000000000000000e+00 1.000000000000000000e+00 1.000000000000000000e+00 1.000000000000000000e+00 1.000000000000000000e+00 1.000000000000000000e+00 1.000000000000000000e+00 1.000000000000000000e+00 1.000000000000000000e+00 1.000000000000000000e+00 1.000000000000000000e+00 1.000000000000000000e+00 1.000000000000000000e+00 1.000000000000000000e+00 1.000000000000000000e+00 1.000000000000000000e+00 1.000000000000000000e+00 1.000000000000000000e+00 1.000000000000000000e+00 1.000000000000000000e+00 1.000000000000000000e+00 1.000000000000000000e+00 1.000000000000000000e+00 1.000000000000000000e+00 1.000000000000000000e+00 1.000000000000000000e+00
0.000000000000000000e+00 0.000000000000000000e+00 0.000000000000000000e+00 0.000000000000000000e+00 0.000000000000000000e+00 0.000000000000000000e+00 0.000000000000000000e+00 0.000000000000000000e+00 0.000000000000000000e+00 0.000000000000000000e+00 0.000000000000000000e+00 0.000000000000000000e+00 0.000000000000000000e+00 0.000000000000000000e+00 8.579304042448029320e-315 1.468598610049040159e-297 8.165805507505743794e-281 1.474895633962753723e-264 8.653929402490805544e-249 1.649608569756980290e-233 1.021626592297671236e-218 2.055787908913067077e-204 1.344230185854515160e-190 2.856382316404006926e-177 1.972644575949493779e-164 4.428112239964642394e-152 3.231312317333580378e-140 7.666371374015288388e-129 5.914519083932846325e-118 1.484038729072486754e-107 1.211312265708276957e-97 3.217026029163223827e-88 2.780735381631739890e-79 7.825475264355181603e-71 7.172528077066179583e-63 2.142102866470581031e-55 2.085696377837709459e-48 6.625100384748799539e-42 6.871004663704833929e-36 2.329061572094832625e-30 2.583718347242987777e-25 9.396303421989066893e-21 1.122822601832044251e-16 4.422578552681657441e-13 5.767637787711218364e-10 2.507087117271036524e-07 3.670322176828408610e-05 1.841187185150968330e-03 3.263835459470632028e-02 2.169443678459143932e-01 6.095894729850522831e-01 9.097232897385882922e-01 9.917992560532402635e-01 9.997305740967661336e-01 9.999969293344983523e-01 9.999999881298984317e-01 9.999999999846393983e-01 9.999999999999933387e-01 1.000000000000000000e+00 1.000000000000000000e+00 1.000000000000000000e+00 1.000000000000000000e+00 1.000000000000000000e+00 1.000000000000000000e+00 1.000000000000000000e+00 1.000000000000000000e+00 1.000000000000000000e+00 1.000000000000000000e+00 1.000000000000000000e+00 1.000000000000000000e+00 1.000000000000000000e+00 1.000000000000000000e+00 1.000000000000000000e+00 1.000000000000000000e+00 1.000000000000000000e+00 1.000000000000000000e+00 1.000000000000000000e+00 1.000000000000000000e+00 1.000000000000000000e+00 1.000000000000000000e+00 1.000000000000000000e+00 1.000000000000000000e+00 1.000000000000000000e+00 1.000000000000000000e+00 1.000000000000000000e+00 1.000000000000000000e+00 1.000000000000000000e+00 1.000000000000000000e+00 1.000000000000000000e+00 1.000000000000000000e+00 1.000000000000000000e+00 1.000000000000000000e+00 1.000000000000000000e+00 1.000000000000000000e+00 1.000000000000000000e+00 1.000000000000000000e+00 1.000000000000000000e+00 1.000000000000000000e+00 1.000000000000000000e+00 1.000000000000000000e+00
0.000000000000000000e+00 0.000000000000000000e+00 0.000000000000000000e+00 0.000000000000000000e+00 0.000000000000000000e+00 0.000000000000000000e+00 0.000000000000000000e+00 0.000000000000000000e+00 0.000000000000000000e+00 0.000000000000000000e+00 0.000000000000000000e+00 0.000000000000000000e+00 0.000000000000000000e+00 0.000000000000000000e+00 1.400923138782854576e-318 4.069155956493689579e-301 3.776737813949219174e-284 1.120139824873832789e-267 1.061681120928479002e-251 3.215942028445144885e-236 3.113457486247279576e-221 9.634507595889684855e-207 9.530210730653155259e-193 3.013701267533925701e-179 3.046949687854409149e-166 9.850209114349393661e-154 1.018343403237417701e-141 3.367224662352534981e-130 3.561618748433666223e-119 1.205308665727231799e-108 1.305311248111550554e-98 4.524785729156130209e-89 5.021922211567821619e-80 1.785132080421869568e-71 2.033129029565560585e-63 7.422521229403519324e-56 8.690968271518837841e-49 3.265921739760219274e-42 3.942064790809223603e-36 1.529937451201123427e-30 1.911758542710501839e-25 7.704705557264955371e-21 1.003811328404260427e-16 4.241427087230854965e-13 5.838754311813334062e-10 2.636514351844336679e-07 3.947022497794382655e-05 1.994146099414977145e-03 3.510307670319088441e-02 2.290223606373027465e-01 6.279533643993961967e-01 9.184838769231526978e-01 9.931197140070220364e-01 9.997937553184497173e-01 9.999978923012198262e-01 9.999999928173868291e-01 9.999999999919424454e-01 9.999999999999971134e-01 1.000000000000000000e+00 1.000000000000000000e+00 1.000000000000000000e+00 1.000000000000000000e+00 1.000000000000000000e+00 1.000000000000000000e+00 1.000000000000000000e+00 1.000000000000000000e+00 1.000000000000000000e+00 1.000000000000000000e+00 1.000000000000000000e+00 1.000000000000000000e+00 1.000000000000000000e+00 1.000000000000000000e+00 1.000000000000000000e+00 1.000000000000000000e+00 1.000000000000000000e+00 1.000000000000000000e+00 1.000000000000000000e+00 1.000000000000000000e+00 1.000000000000000000e+00 1.000000000000000000e+00 1.000000000000000000e+00 1.000000000000000000e+00 1.000000000000000000e+00 1.000000000000000000e+00 1.000000000000000000e+00 1.000000000000000000e+00 1.000000000000000000e+00 1.000000000000000000e+00 1.000000000000000000e+00 1.000000000000000000e+00 1.000000000000000000e+00 1.000000000000000000e+00 1.000000000000000000e+00 1.000000000000000000e+00 1.000000000000000000e+00 1.000000000000000000e+00 1.000000000000000000e+00 1.000000000000000000e+00 1.000000000000000000e+00 1.000000000000000000e+00
0.000000000000000000e+00 0.000000000000000000e+00 0.000000000000000000e+00 0.000000000000000000e+00 0.000000000000000000e+00 0.000000000000000000e+00 0.000000000000000000e+00 0.000000000000000000e+00 0.000000000000000000e+00 0.000000000000000000e+00 0.000000000000000000e+00 0.000000000000000000e+00 0.000000000000000000e+00 0.000000000000000000e+00 7.905050333459944707e-323 4.278354457954833123e-305 7.146942767679160771e-288 3.742479379483647229e-271 6.143527181622580286e-255 3.161705116459329709e-239 5.101509148078125241e-224 2.580959219966101139e-209 4.094525136936750580e-195 2.037062899915542493e-181 3.178533519363782208e-168 1.555674200292258163e-155 2.388547858714063951e-143 1.150624333144073894e-131 1.739347992911468072e-120 8.252231480103495200e-110 1.229075447300066083e-99 5.747937609777451172e-90 8.442925722822331914e-81 3.896396493414200768e-72 5.651844245533215046e-64 2.577947650857705444e-56 3.699611418006721727e-49 1.671593902054266895e-42 2.379921947188876688e-36 1.068834498344741044e-30 1.516216681490238385e-25 6.805864247008638367e-21 9.689615663500136693e-17 4.389890716057250436e-13 6.358584572752750028e-10 2.965293107185346684e-07 4.501550062677807168e-05 2.266078606669893070e-03 3.911361164454833089e-02 2.471138625065674721e-01 6.531599643044634362e-01 9.293993003085025961e-01 9.945952522179064559e-01 9.998562241741586476e-01 9.999987227431087478e-01 9.999999962914221108e-01 9.999999999965245578e-01 9.999999999999988898e-01 1.000000000000000000e+00 1.000000000000000000e+00 1.000000000000000000e+00 1.000000000000000000e+00 1.000000000000000000e+00 1.000000000000000000e+00 1.000000000000000000e+00 1.000000000000000000e+00 1.000000000000000000e+00 1.000000000000000000e+00 1.000000000000000000e+00 1.000000000000000000e+00 1.000000000000000000e+00 1.000000000000000000e+00 1.000000000000000000e+00 1.000000000000000000e+00 1.000000000000000000e+00 1.000000000000000000e+00 1.000000000000000000e+00 1.000000000000000000e+00 1.000000000000000000e+00 1.000000000000000000e+00 1.000000000000000000e+00 1.000000000000000000e+00 1.000000000000000000e+00 1.000000000000000000e+00 1.000000000000000000e+00 1.000000000000000000e+00 1.000000000000000000e+00 1.000000000000000000e+00 1.000000000000000000e+00 1.000000000000000000e+00 1.000000000000000000e+00 1.000000000000000000e+00 1.000000000000000000e+00 1.000000000000000000e+00 1.000000000000000000e+00 1.000000000000000000e+00 1.000000000000000000e+00 1.000000000000000000e+00 1.000000000000000000e+00 1.000000000000000000e+00
0.000000000000000000e+00 0.000000000000000000e+00 0.000000000000000000e+00 0.000000000000000000e+00 0.000000000000000000e+00 0.000000000000000000e+00 0.000000000000000000e+00 0.000000000000000000e+00 0.000000000000000000e+00 0.000000000000000000e+00 0.000000000000000000e+00 0.000000000000000000e+00 0.000000000000000000e+00 0.000000000000000000e+00 0.000000000000000000e+00 6.755285054639432164e-310 2.325976751844984265e-292 2.450885081220808068e-275 7.903515011057748856e-259 7.800519567091623555e-243 2.356467446326804013e-227 2.179042616447511120e-212 6.168384438095800656e-198 5.345858895529363651e-184 1.418558537947993593e-170 1.152681307890487943e-157 2.868520451620203431e-145 2.186527118198936990e-133 5.105870251129456595e-122 3.653274051526092885e-111 8.010942533656794355e-101 5.384920923364587775e-91 1.109921008992435458e-81 7.017229438973590631e-73 1.361351474727740769e-64 8.107911954792209672e-57 1.483294153804363002e-49 8.341131141066518821e-43 1.443024743154293349e-36 7.688507467588110791e-31 1.263369983068505355e-25 6.413970348944250805e-21 1.008533186047882062e-16 4.928191378904425992e-13 7.520158266625872957e-10 3.609714618408554184e-07 5.513637171518097655e-05 2.732759731849795579e-03 4.554569958063655472e-02 2.738858094797115283e-01 6.870349311254402291e-01 9.424904384213436126e-01 9.961459431897856653e-01 9.999126905564522660e-01 9.999993564205721386e-01 9.999999984880202364e-01 9.999999999988815613e-01 9.999999999999997780e-01 1.000000000000000000e+00 1.000000000000000000e+00 1.000000000000000000e+00 1.000000000000000000e+00 1.000000000000000000e+00 1.000000000000000000e+00 1.000000000000000000e+00 1.000000000000000000e+00 1.000000000000000000e+00 1.000000000000000000e+00 1.000000000000000000e+00 1.000000000000000000e+00 1.000000000000000000e+00 1.000000000000000000e+00 1.000000000000000000e+00 1.000000000000000000e+00 1.000000000000000000e+00 1.000000000000000000e+00 1.000000000000000000e+00 1.000000000000000000e+00 1.000000000000000000e+00 1.000000000000000000e+00 1.000000000000000000e+00 1.000000000000000000e+00 1.000000000000000000e+00 1.000000000000000000e+00 1.000000000000000000e+00 1.000000000000000000e+00 1.000000000000000000e+00 1.000000000000000000e+00 1.000000000000000000e+00 1.000000000000000000e+00 1.000000000000000000e+00 1.000000000000000000e+00 1.000000000000000000e+00 1.000000000000000000e+00 1.000000000000000000e+00 1.000000000000000000e+00 1.000000000000000000e+00 1.000000000000000000e+00 1.000000000000000000e+00 1.000000000000000000e+00
0.000000000000000000e+00 0.000000000000000000e+00 0.000000000000000000e+00 0.000000000000000000e+00 0.000000000000000000e+00 0.000000000000000000e+00 0.000000000000000000e+00 0.000000000000000000e+00 0.000000000000000000e+00 0.000000000000000000e+00 0.000000000000000000e+00 0.000000000000000000e+00 0.000000000000000000e+00 0.000000000000000000e+00 0.000000000000000000e+00 1.524681543596499255e-316 1.420645205606210738e-298 3.919536173932831489e-281 3.202214238442609562e-264 7.747456969108189662e-248 5.551241135532862508e-232 1.178081086632754352e-216 7.405423484216654625e-202 1.378966153919960798e-187 7.607293765796132867e-174 1.243451208979306578e-160 6.022883861691446098e-148 8.646089797163110733e-136 3.679131079583840526e-124 4.641536831137232382e-113 1.736449216648536945e-102 1.926873895674217992e-92 6.343956512458590185e-83 6.199108442521770994e-74 1.798596664794257066e-65 1.550176583250317663e-57 3.971202865250580149e-50 3.025961419907535389e-43 6.864141475091334527e-37 4.640573230738072704e-31 9.363501633818994740e-26 5.649364430661053138e-21 1.021769418042925967e-16 5.559363660162088449e-13 9.145787554350428174e-10 4.584297917267384852e-07 7.087657811767695735e-05 3.451514682206072160e-03 5.503442026700261502e-02 3.105538183530381913e-01 7.288443207837980164e-01 9.566367526371202246e-01 9.975727003671319704e-01 9.999557492909665335e-01 9.999997466154232351e-01 9.999999995531833052e-01 9.999999999997601918e-01 1.000000000000000000e+00 1.000000000000000000e+00 1.000000000000000000e+00 1.000000000000000000e+00 1.000000000000000000e+00 1.000000000000000000e+00 1.000000000000000000e+00 1.000000000000000000e+00 1.000000000000000000e+00 1.000000000000000000e+00 1.000000000000000000e+00 1.000000000000000000e+00 1.000000000000000000e+00 1.000000000000000000e+00 1.000000000000000000e+00 1.000000000000000000e+00 1.000000000000000000e+00 1.000000000000000000e+00 1.000000000000000000e+00 1.000000000000000000e+00 1.000000000000000000e+00 1.000000000000000000e+00 1.000000000000000000e+00 1.000000000000000000e+00 1.000000000000000000e+00 1.000000000000000000e+00 1.000000000000000000e+00 1.000000000000000000e+00 1.000000000000000000e+00 1.000000000000000000e+00 1.000000000000000000e+00 1.000000000000000000e+00 1.000000000000000000e+00 1.000000000000000000e+00 1.000000000000000000e+00 1.000000000000000000e+00 1.000000000000000000e+00 1.000000000000000000e+00 1.000000000000000000e+00 1.000000000000000000e+00 1.000000000000000000e+00 1.000000000000000000e+00 1.000000000000000000e+00
0.000000000000000000e+00 0.000000000000000000e+00 0.000000000000000000e+00 0.000000000000000000e+00 0.000000000000000000e+00 0.000000000000000000e+00 0.000000000000000000e+00 0.000000000000000000e+00 0.000000000000000000e+00 0.000000000000000000e+00 0.000000000000000000e+00 0.000000000000000000e+00 0.000000000000000000e+00 0.000000000000000000e+00 0.000000000000000000e+00 0.000000000000000000e+00 9.685333967560349387e-307 9.502648767281882261e-289 2.643116399725161196e-271 2.084280650112691687e-254 4.660084962361947771e-238 2.954348219765007683e-222 5.311237203748983783e-207 2.707919983643254003e-192 3.915855185331673244e-178 1.606267868194633875e-164 1.869243959720482874e-151 6.172115933869969105e-139 5.783546982458525535e-127 1.538256796364197834e-115 1.161535158333526628e-104 2.490658738299562481e-94 1.517057200238330849e-84 2.625701682268171350e-75 1.291879936092870631e-66 1.807777696727180723e-58 7.198991900239302107e-51 8.164286874793943389e-44 2.639235868507167719e-37 2.434722602836123396e-31 6.419106268287355339e-26 4.846198803437221946e-21 1.050457283254317264e-16 6.561656420716373394e-13 1.187527500470795597e-09 6.278143239868672010e-07 9.824940763998772446e-05 4.657113937795337964e-03 6.982113918335698666e-02 3.616886048360892225e-01 7.791206404989325929e-01 9.707813026913005849e-01 9.987175499440513748e-01 9.999825401084470045e-01 9.999999287241441159e-01 9.999999999143598384e-01 9.999999999999700240e-01 1.000000000000000000e+00 1.000000000000000000e+00 1.000000000000000000e+00 1.000000000000000000e+00 1.000000000000000000e+00 1.000000000000000000e+00 1.000000000000000000e+00 1.000000000000000000e+00 1.000000000000000000e+00 1.000000000000000000e+00 1.000000000000000000e+00 1.000000000000000000e+00 1.000000000000000000e+00 1.000000000000000000e+00 1.000000000000000000e+00 1.000000000000000000e+00 1.000000000000000000e+00 1.000000000000000000e+00 1.000000000000000000e+00 1.000000000000000000e+00 1.000000000000000000e+00 1.000000000000000000e+00 1.000000000000000000e+00 1.000000000000000000e+00 1.000000000000000000e+00 1.000000000000000000e+00 1.000000000000000000e+00 1.000000000000000000e+00 1.000000000000000000e+00 1.000000000000000000e+00 1.000000000000000000e+00 1.000000000000000000e+00 1.000000000000000000e+00 1.000000000000000000e+00 1.000000000000000000e+00 1.000000000000000000e+00 1.000000000000000000e+00 1.000000000000000000e+00 1.000000000000000000e+00 1.000000000000000000e+00 1.000000000000000000e+00 1.000000000000000000e+00 1.000000000000000000e+00
0.000000000000000000e+00 0.000000000000000000e+00 0.000000000000000000e+00 0.000000000000000000e+00 0.000000000000000000e+00 0.000000000000000000e+00 0.000000000000000000e+00 0.000000000000000000e+00 0.000000000000000000e+00 0.000000000000000000e+00 0.000000000000000000e+00 0.000000000000000000e+00 0.000000000000000000e+00 0.000000000000000000e+00 0.000000000000000000e+00 0.000000000000000000e+00 3.639287547266622044e-320 2.728316119501472924e-301 5.414289551608249103e-283 2.844577345652757744e-265 3.956884842248314025e-248 1.457409164914987308e-231 1.421472905905785732e-215 3.671684460854864088e-200 2.511927961865597642e-185 4.552132931404323875e-171 2.185475141527768281e-157 2.780127688424211468e-144 9.372278398686055245e-132 8.374740830654951323e-120 1.983993295346695710e-108 1.246418459096470559e-97 2.077176338998747519e-87 9.185923406624692569e-78 1.078438284763265529e-68 3.362873020693933392e-60 2.786987310877191017e-52 6.143230494820183025e-45 3.605000300973872201e-38 5.638717531911741755e-32 2.354481788594501831e-26 2.629924087593059112e-21 7.880270409326553814e-17 6.359224580160076712e-13 1.390108275283153786e-09 8.305275943771667979e-07 1.376197932892458552e-04 6.490444210507572906e-03 9.158916544616751976e-02 4.294511252320448724e-01 8.353411223272644293e-01 9.833625139788552127e-01 9.994846510904455972e-01 9.999954021772111679e-01 9.999999885501353880e-01 9.999999999921778127e-01 9.999999999999985567e-01 1.000000000000000000e+00 1.000000000000000000e+00 1.000000000000000000e+00 1.000000000000000000e+00 1.000000000000000000e+00 1.000000000000000000e+00 1.000000000000000000e+00 1.000000000000000000e+00 1.000000000000000000e+00 1.000000000000000000e+00 1.000000000000000000e+00 1.000000000000000000e+00 1.000000000000000000e+00 1.000000000000000000e+00 1.000000000000000000e+00 1.000000000000000000e+00 1.000000000000000000e+00 1.000000000000000000e+00 1.000000000000000000e+00 1.000000000000000000e+00 1.000000000000000000e+00 1.000000000000000000e+00 1.000000000000000000e+00 1.000000000000000000e+00 1.000000000000000000e+00 1.000000000000000000e+00 1.000000000000000000e+00 1.000000000000000000e+00 1.000000000000000000e+00 1.000000000000000000e+00 1.000000000000000000e+00 1.000000000000000000e+00 1.000000000000000000e+00 1.000000000000000000e+00 1.000000000000000000e+00 1.000000000000000000e+00 1.000000000000000000e+00 1.000000000000000000e+00 1.000000000000000000e+00 1.000000000000000000e+00 1.000000000000000000e+00 1.000000000000000000e+00 1.000000000000000000e+00
0.000000000000000000e+00 0.000000000000000000e+00 0.000000000000000000e+00 0.000000000000000000e+00 0.000000000000000000e+00 0.000000000000000000e+00 0.000000000000000000e+00 0.000000000000000000e+00 0.000000000000000000e+00 0.000000000000000000e+00 0.000000000000000000e+00 0.000000000000000000e+00 0.000000000000000000e+00 0.000000000000000000e+00 0.000000000000000000e+00 0.000000000000000000e+00 0.000000000000000000e+00 0.000000000000000000e+00 4.289570341378790314e-307 1.007377774000798347e-287 5.478078446324701711e-269 6.898508598457386062e-251 2.011919917440148957e-233 1.359052839092306480e-216 2.126565168013563977e-200 7.708856240695178357e-185 6.474838053125927783e-170 1.260265916942140116e-155 5.685460093177701712e-142 5.946015154487002293e-129 1.441927548877207967e-116 8.110245685611111097e-105 1.058360208977701731e-93 3.205546242570778579e-83 2.254396385467835614e-73 3.683388964408403240e-64 1.399050070260125824e-55 1.236323216863657408e-47 2.544344877237177062e-40 1.221002298404136188e-33 1.368585303591370551e-27 3.590882755155781046e-22 2.212192786062149565e-17 3.213768733696449893e-13 1.108071874028734304e-09 9.159312835160717294e-07 1.846071367786431699e-04 9.356781813221875035e-03 1.268907664992587336e-01 5.274110199444772551e-01 8.995055461915855144e-01 9.935897158545056174e-01 9.998916428153606928e-01 9.999995415115897623e-01 9.999999995281205756e-01 9.999999999998836486e-01 1.000000000000000000e+00 1.000000000000000000e+00 1.000000000000000000e+00 1.000000000000000000e+00 1.000000000000000000e+00 1.000000000000000000e+00 1.000000000000000000e+00 1.000000000000000000e+00 1.000000000000000000e+00 1.000000000000000000e+00 1.000000000000000000e+00 1.000000000000000000e+00 1.000000000000000000e+00 1.000000000000000000e+00 1.000000000000000000e+00 1.000000000000000000e+00 1.000000000000000000e+00 1.000000000000000000e+00 1.000000000000000000e+00 1.000000000000000000e+00 1.000000000000000000e+00 1.000000000000000000e+00 1.000000000000000000e+00 1.000000000000000000e+00 1.000000000000000000e+00 1.000000000000000000e+00 1.000000000000000000e+00 1.000000000000000000e+00 1.000000000000000000e+00 1.000000000000000000e+00 1.000000000000000000e+00 1.000000000000000000e+00 1.000000000000000000e+00 1.000000000000000000e+00 1.000000000000000000e+00 1.000000000000000000e+00 1.000000000000000000e+00 1.000000000000000000e+00 1.000000000000000000e+00 1.000000000000000000e+00 1.000000000000000000e+00 1.000000000000000000e+00 1.000000000000000000e+00 1.000000000000000000e+00
0.000000000000000000e+00 0.000000000000000000e+00 0.000000000000000000e+00 0.000000000000000000e+00 0.000000000000000000e+00 0.000000000000000000e+00 0.000000000000000000e+00 0.000000000000000000e+00 0.000000000000000000e+00 0.000000000000000000e+00 0.000000000000000000e+00 0.000000000000000000e+00 0.000000000000000000e+00 0.000000000000000000e+00 0.000000000000000000e+00 0.000000000000000000e+00 0.000000000000000000e+00 0.000000000000000000e+00 0.000000000000000000e+00 0.000000000000000000e+00 1.649222423888411346e-305 9.965270980264034848e-285 1.103379982289606974e-264 2.238877050918143424e-245 8.326312289389042529e-227 5.676054310254330980e-209 7.093700166049865655e-192 1.625551724833891669e-175 6.831395180348447253e-160 5.266102204838162838e-145 7.448092494684912245e-131 1.933296516010778188e-117 9.212812467760029636e-105 8.062972522869056477e-93 1.296608897653859492e-81 3.833339505920784034e-71 2.084961147505939139e-61 2.088048660071060992e-52 3.854528147705984048e-44 1.313374430769538183e-36 8.275214123332005936e-30 9.665051264638620854e-24 2.099616623109130218e-18 8.525559718108471063e-14 6.519197512144852714e-10 9.501166515763616250e-07 2.694998768926143234e-04 1.548653883728047867e-02 1.964831901504109635e-01 6.732546084410220288e-01 9.601205121624175609e-01 9.988756518846730881e-01 9.999934498417102358e-01 9.999999925012006408e-01 9.999999999983550936e-01 1.000000000000000000e+00 1.000000000000000000e+00 1.000000000000000000e+00 1.000000000000000000e+00 1.000000000000000000e+00 1.000000000000000000e+00 1.000000000000000000e+00 1.000000000000000000e+00 1.000000000000000000e+00 1.000000000000000000e+00 1.000000000000000000e+00 1.000000000000000000e+00 1.000000000000000000e+00 1.000000000000000000e+00 1.000000000000000000e+00 1.000000000000000000e+00 1.000000000000000000e+00 1.000000000000000000e+00 1.000000000000000000e+00 1.000000000000000000e+00 1.000000000000000000e+00 1.000000000000000000e+00 1.000000000000000000e+00 1.000000000000000000e+00 1.000000000000000000e+00 1.000000000000000000e+00 1.000000000000000000e+00 1.000000000000000000e+00 1.000000000000000000e+00 1.000000000000000000e+00 1.000000000000000000e+00 1.000000000000000000e+00 1.000000000000000000e+00 1.000000000000000000e+00 1.000000000000000000e+00 1.000000000000000000e+00 1.000000000000000000e+00 1.000000000000000000e+00 1.000000000000000000e+00 1.000000000000000000e+00 1.000000000000000000e+00 1.000000000000000000e+00 1.000000000000000000e+00 1.000000000000000000e+00 1.000000000000000000e+00
0.000000000000000000e+00 0.000000000000000000e+00 0.000000000000000000e+00 0.000000000000000000e+00 0.000000000000000000e+00 0.000000000000000000e+00 0.000000000000000000e+00 0.000000000000000000e+00 0.000000000000000000e+00 0.000000000000000000e+00 0.000000000000000000e+00 0.000000000000000000e+00 0.000000000000000000e+00 0.000000000000000000e+00 0.000000000000000000e+00 0.000000000000000000e+00 0.000000000000000000e+00 0.000000000000000000e+00 0.000000000000000000e+00 0.000000000000000000e+00 0.000000000000000000e+00 0.000000000000000000e+00 0.000000000000000000e+00 0.000000000000000000e+00 1.546084566187471223e-317 4.973990553713298668e-292 1.346327879991158878e-267 3.066512357430422986e-244 5.878561756620588412e-222 9.486963044786094824e-201 1.289216499998351597e-180 1.475702277251414415e-161 1.423315107293851301e-143 1.157223683698691123e-126 7.935407938225871091e-111 4.592260929932303043e-96 2.244510307603977195e-82 9.274072942824836581e-70 3.243422937610966685e-58 9.616366948758599416e-48 2.422220633414840569e-38 5.198493091558606238e-30 9.545687672601569551e-23 1.509024466820464221e-16 2.073978370644553878e-11 2.519991306927576491e-07 2.793861542943316630e-04 3.026140878794925451e-02 3.809235638945737135e-01 8.981095937820015029e-01 9.977777750131027190e-01 9.999950345455758116e-01 9.999999989673222789e-01 9.999999999999809042e-01 1.000000000000000000e+00 1.000000000000000000e+00 1.000000000000000000e+00 1.000000000000000000e+00 1.000000000000000000e+00 1.000000000000000000e+00 1.000000000000000000e+00 1.000000000000000000e+00 1.000000000000000000e+00 1.000000000000000000e+00 1.000000000000000000e+00 1.000000000000000000e+00 1.000000000000000000e+00 1.000000000000000000e+00 1.000000000000000000e+00 1.000000000000000000e+00 1.000000000000000000e+00 1.000000000000000000e+00 1.000000000000000000e+00 1.000000000000000000e+00 1.000000000000000000e+00 1.000000000000000000e+00 1.000000000000000000e+00 1.000000000000000000e+00 1.000000000000000000e+00 1.000000000000000000e+00 1.000000000000000000e+00 1.000000000000000000e+00 1.000000000000000000e+00 1.000000000000000000e+00 1.000000000000000000e+00 1.000000000000000000e+00 1.000000000000000000e+00 1.000000000000000000e+00 1.000000000000000000e+00 1.000000000000000000e+00 1.000000000000000000e+00 1.000000000000000000e+00 1.000000000000000000e+00 1.000000000000000000e+00 1.000000000000000000e+00 1.000000000000000000e+00 1.000000000000000000e+00 1.000000000000000000e+00 1.000000000000000000e+00 1.000000000000000000e+00
0.000000000000000000e+00 0.000000000000000000e+00 0.000000000000000000e+00 0.000000000000000000e+00 0.000000000000000000e+00 0.000000000000000000e+00 0.000000000000000000e+00 0.000000000000000000e+00 0.000000000000000000e+00 0.000000000000000000e+00 0.000000000000000000e+00 0.000000000000000000e+00 0.000000000000000000e+00 0.000000000000000000e+00 0.000000000000000000e+00 0.000000000000000000e+00 0.000000000000000000e+00 0.000000000000000000e+00 0.000000000000000000e+00 0.000000000000000000e+00 0.000000000000000000e+00 0.000000000000000000e+00 0.000000000000000000e+00 0.000000000000000000e+00 0.000000000000000000e+00 0.000000000000000000e+00 0.000000000000000000e+00 0.000000000000000000e+00 2.152726567158443428e-304 1.492643514865307347e-274 2.917019700555248936e-246 1.607242487222583351e-219 2.497762782859909737e-194 1.095344510183453855e-170 1.356201774571637165e-148 4.744288120120035744e-128 4.693131513097083970e-109 1.314223172610991833e-91 1.043267686019346830e-75 2.352021919003251652e-61 1.509695189457291356e-48 2.768595195392479137e-37 1.458063744533404970e-27 2.222676631116521791e-19 9.936981618332981275e-13 1.334464132356691086e-07 5.659304947497926456e-04 8.603338329474051471e-02 6.999758970978365857e-01 9.921162952897226717e-01 9.999916197108911220e-01 9.999999997069115576e-01 9.999999999999996669e-01 1.000000000000000000e+00 1.000000000000000000e+00 1.000000000000000000e+00 1.000000000000000000e+00 1.000000000000000000e+00 1.000000000000000000e+00 1.000000000000000000e+00 1.000000000000000000e+00 1.000000000000000000e+00 1.000000000000000000e+00 1.000000000000000000e+00 1.000000000000000000e+00 1.000000000000000000e+00 1.000000000000000000e+00 1.000000000000000000e+00 1.000000000000000000e+00 1.000000000000000000e+00 1.000000000000000000e+00 1.000000000000000000e+00 1.000000000000000000e+00 1.000000000000000000e+00 1.000000000000000000e+00 1.000000000000000000e+00 1.000000000000000000e+00 1.000000000000000000e+00 1.000000000000000000e+00 1.000000000000000000e+00 1.000000000000000000e+00 1.000000000000000000e+00 1.000000000000000000e+00 1.000000000000000000e+00 1.000000000000000000e+00 1.000000000000000000e+00 1.000000000000000000e+00 1.000000000000000000e+00 1.000000000000000000e+00 1.000000000000000000e+00 1.000000000000000000e+00 1.000000000000000000e+00 1.000000000000000000e+00 1.000000000000000000e+00 1.000000000000000000e+00 1.000000000000000000e+00 1.000000000000000000e+00 1.000000000000000000e+00 1.000000000000000000e+00 1.000000000000000000e+00
0.000000000000000000e+00 0.000000000000000000e+00 0.000000000000000000e+00 0.000000000000000000e+00 0.000000000000000000e+00 0.000000000000000000e+00 0.000000000000000000e+00 0.000000000000000000e+00 0.000000000000000000e+00 0.000000000000000000e+00 0.000000000000000000e+00 0.000000000000000000e+00 0.000000000000000000e+00 0.000000000000000000e+00 0.000000000000000000e+00 0.000000000000000000e+00 0.000000000000000000e+00 0.000000000000000000e+00 0.000000000000000000e+00 9.881312916824930884e-324 4.133895750134110976e-301 2.459939459027212093e-279 2.200937393170958032e-258 2.961159582138655165e-238 5.991643308967822689e-219 1.823589671672218727e-200 8.349907467941426856e-183 5.753035023609593710e-166 5.965873223800435676e-150 9.313860953118672900e-135 2.189783683697498765e-120 7.756220195665837869e-107 4.140656529219269290e-94 3.333424207243420740e-82 4.049461825053726298e-71 7.429152817008549507e-61 2.060421209283608505e-51 8.649871364078713810e-43 5.505983805291151389e-35 5.326191557412512054e-28 7.854461604474565451e-22 1.773725451248951418e-16 6.175324620454604395e-12 3.350482185479401941e-08 2.885663026254939136e-05 4.085376032230047562e-03 1.024182869667852325e-01 5.434572599539625459e-01 9.313851547325842084e-01 9.979032451926556080e-01 9.999888372299206019e-01 9.999999903020584391e-01 9.999999999986675103e-01 1.000000000000000000e+00 1.000000000000000000e+00 1.000000000000000000e+00 1.000000000000000000e+00 1.000000000000000000e+00 1.000000000000000000e+00 1.000000000000000000e+00 1.000000000000000000e+00 1.000000000000000000e+00 1.000000000000000000e+00 1.000000000000000000e+00 1.000000000000000000e+00 1.000000000000000000e+00 1.000000000000000000e+00 1.000000000000000000e+00 1.000000000000000000e+00 1.000000000000000000e+00 1.000000000000000000e+00 1.000000000000000000e+00 1.000000000000000000e+00 1.000000000000000000e+00 1.000000000000000000e+00 1.000000000000000000e+00 1.000000000000000000e+00 1.000000000000000000e+00 1.000000000000000000e+00 1.000000000000000000e+00 1.000000000000000000e+00 1.000000000000000000e+00 1.000000000000000000e+00 1.000000000000000000e+00 1.000000000000000000e+00 1.000000000000000000e+00 1.000000000000000000e+00 1.000000000000000000e+00 1.000000000000000000e+00 1.000000000000000000e+00 1.000000000000000000e+00 1.000000000000000000e+00 1.000000000000000000e+00 1.000000000000000000e+00 1.000000000000000000e+00 1.000000000000000000e+00 1.000000000000000000e+00 1.000000000000000000e+00 1.000000000000000000e+00 1.000000000000000000e+00
4.241874339182804333e-251 1.906885299502104954e-240 5.015417768247558705e-230 7.718182912648268877e-220 6.949582864320750888e-210 3.661416824561879453e-200 1.128751201436399910e-190 2.036191581682328660e-181 2.149434075783160032e-172 1.327790338556888273e-163 4.800105274277178063e-155 1.015559177851899495e-146 1.257510839290861677e-138 9.113616240786531500e-131 3.866024123980385181e-123 9.599698965102596338e-116 1.395393395338274443e-108 1.187438515070754583e-101 5.916072288209655026e-95 1.725836275368003931e-88 2.948148563202601679e-82 2.949356154041130275e-76 1.728155723573990556e-70 5.931604609463153026e-65 1.192774225817490122e-59 1.405440877180290876e-54 9.705475403987510521e-50 3.928842199092664008e-45 9.325326125552140437e-41 1.298197828959607551e-36 1.060333465560978473e-32 5.083266825604829324e-29 1.431033745931491797e-25 2.367084135563141269e-22 2.302181751343659807e-19 1.317664090114940289e-16 4.443055922773733398e-14 8.838397030294661813e-12 1.039113354254162361e-09 7.237518472882219744e-08 2.996186423279236043e-06 7.405966651108565222e-05 1.100254818246652454e-03 9.921904313276885823e-03 5.515165001127585870e-02 1.936910553105563038e-01 4.475246006361193740e-01 7.259263889513147827e-01 9.087333601236076142e-01 9.805598841129232746e-01 9.974282694596063870e-01 9.997925071509565775e-01 9.999899069515383321e-01 9.999997062463089614e-01 9.999999949110049968e-01 9.999999999477151569e-01 9.999999999996822542e-01 9.999999999999988898e-01 1.000000000000000000e+00 1.000000000000000000e+00 1.000000000000000000e+00 1.000000000000000000e+00 1.000000000000000000e+00 1.000000000000000000e+00 1.000000000000000000e+00 1.000000000000000000e+00 1.000000000000000000e+00 1.000000000000000000e+00 1.000000000000000000e+00 1.000000000000000000e+00 1.000000000000000000e+00 1.000000000000000000e+00 1.000000000000000000e+00 1.000000000000000000e+00 1.000000000000000000e+00 1.000000000000000000e+00 1.000000000000000000e+00 1.000000000000000000e+00 1.000000000000000000e+00 1.000000000000000000e+00 1.000000000000000000e+00 1.000000000000000000e+00 1.000000000000000000e+00 1.000000000000000000e+00 1.000000000000000000e+00 1.000000000000000000e+00 1.000000000000000000e+00 1.000000000000000000e+00 1.000000000000000000e+00 1.000000000000000000e+00 1.000000000000000000e+00 1.000000000000000000e+00 1.000000000000000000e+00 1.000000000000000000e+00 1.000000000000000000e+00 1.000000000000000000e+00 1.000000000000000000e+00 1.000000000000000000e+00 1.000000000000000000e+00 1.000000000000000000e+00
1.111255309246727675e-147 2.213720661082899940e-141 3.201326812561900592e-135 3.360820693280517026e-129 2.561411878289660166e-123 1.417240693908045105e-117 5.693117358230707313e-112 1.660397680254459936e-106 3.515958221023499825e-101 5.405802454517632922e-96 6.035010497374277043e-91 4.892323669855093269e-86 2.879990585223246279e-81 1.231195029241447025e-76 3.822483628695027974e-72 8.619313533663380432e-68 1.411678201725791528e-63 1.679442822300976404e-59 1.451425932974692550e-55 9.113011983247940664e-52 4.157266002364167893e-48 1.378093439930570715e-44 3.319909059208149831e-41 5.813109439075400183e-38 7.399310416412266669e-35 6.847766564485113102e-32 4.608574716096122117e-29 2.256014585828835945e-26 8.035029617311509966e-24 2.082737097729390730e-21 3.930396720894970879e-19 5.402250076247162254e-17 5.410850346249643130e-15 3.951564738802288726e-13 2.105726818686569279e-11 8.195099351893341107e-10 2.331913101362776482e-08 4.858396747014948960e-07 7.424890646491445978e-06 8.343435416623143168e-05 6.915929665021546642e-04 4.247280716215465386e-03 1.944405311412587822e-02 6.693877008134710427e-02 1.755130230974361605e-01 3.571015972702695773e-01 5.793250287303433055e-01 7.783257509282803799e-01 9.087234365687243409e-01 9.712387281284304841e-01 9.931627669431630778e-01 9.987856540464965516e-01 9.998399532299733217e-01 9.999844224738854148e-01 9.999988842318896509e-01 9.999999413400535442e-01 9.999999977408574603e-01 9.999999999363619052e-01 9.999999999986903809e-01 9.999999999999803491e-01 9.999999999999997780e-01 1.000000000000000000e+00 1.000000000000000000e+00 1.000000000000000000e+00 1.000000000000000000e+00 1.000000000000000000e+00 1.000000000000000000e+00 1.000000000000000000e+00 1.000000000000000000e+00 1.000000000000000000e+00 1.000000000000000000e+00 1.000000000000000000e+00 1.000000000000000000e+00 1.000000000000000000e+00 1.000000000000000000e+00 1.000000000000000000e+00 1.000000000000000000e+00 1.000000000000000000e+00 1.000000000000000000e+00 1.000000000000000000e+00 1.000000000000000000e+00 1.000000000000000000e+00 1.000000000000000000e+00 1.000000000000000000e+00 1.000000000000000000e+00 1.000000000000000000e+00 1.000000000000000000e+00 1.000000000000000000e+00 1.000000000000000000e+00 1.000000000000000000e+00 1.000000000000000000e+00 1.000000000000000000e+00 1.000000000000000000e+00 1.000000000000000000e+00 1.000000000000000000e+00 1.000000000000000000e+00 1.000000000000000000e+00 1.000000000000000000e+00 1.000000000000000000e+00 1.000000000000000000e+00
1.900432253902611877e-60 7.287776356043959834e-58 2.444845819579994302e-55 7.175167435508974305e-53 1.842246694322586315e-50 4.138191369033294588e-48 8.132669567971637161e-46 1.398392717069004090e-43 2.103843403019899888e-41 2.769502966599577665e-39 3.190154115921397993e-37 3.215596769025751369e-35 2.836428806962269540e-33 2.189599417758945940e-31 1.479326494770013083e-29 8.747749901731647123e-28 4.527834646134035783e-26 2.051532699178100749e-24 8.137576729408719906e-23 2.826046689108012727e-21 8.593582226201454706e-20 2.288378194697952710e-18 5.336956691817769428e-17 1.090265049711752363e-15 1.951240981037908899e-14 3.059898167442030724e-13 4.205403677577767353e-12 5.066557650413498569e-11 5.352266632143007467e-10 4.959235822202935331e-09 4.031796159583836677e-08 2.877200482918228618e-07 1.803195766904905673e-06 9.930485845758101524e-06 4.809023193621663351e-05 2.049600291350773152e-04 7.695821539346209012e-04 2.548971462052052137e-03 7.459040766281096850e-03 1.932262716530521243e-02 4.442202746794230578e-02 9.092020415894189189e-02 1.663493095716489512e-01 2.734954651613612508e-01 4.067714399930167368e-01 5.519380316048807522e-01 6.903972182506199484e-01 8.060395240905442460e-01 8.906160828816389596e-01 9.447810980466442299e-01 9.751563218374537101e-01 9.900721353058311580e-01 9.964856379006219456e-01 9.989003063894907886e-01 9.996963296423734269e-01 9.999260985195604912e-01 9.999841675065805902e-01 9.999970166608889155e-01 9.999995059254658258e-01 9.999999281292955011e-01 9.999999908218153433e-01 9.999999989714686288e-01 9.999999998988950978e-01 9.999999999912847493e-01 9.999999999993414157e-01 9.999999999999563682e-01 9.999999999999974465e-01 9.999999999999998890e-01 1.000000000000000000e+00 1.000000000000000000e+00 1.000000000000000000e+00 1.000000000000000000e+00 1.000000000000000000e+00 1.000000000000000000e+00 1.000000000000000000e+00 1.000000000000000000e+00 1.000000000000000000e+00 1.000000000000000000e+00 1.000000000000000000e+00 1.000000000000000000e+00 1.000000000000000000e+00 1.000000000000000000e+00 1.000000000000000000e+00 1.000000000000000000e+00 1.000000000000000000e+00 1.000000000000000000e+00 1.000000000000000000e+00 1.000000000000000000e+00 1.000000000000000000e+00 1.000000000000000000e+00 1.000000000000000000e+00 1.000000000000000000e+00 1.000000000000000000e+00 1.000000000000000000e+00 1.000000000000000000e+00 1.000000000000000000e+00 1.000000000000000000e+00 1.000000000000000000e+00 1.000000000000000000e+00 1.000000000000000000e+00
1.049300712780231154e-37 4.462329636110102458e-36 1.740434554812260622e-34 6.225856840186664672e-33 2.042667842745606593e-31 6.147042708043217113e-30 1.696751265681308356e-28 4.296039500883779481e-27 9.977742563640856487e-26 2.125824229444389797e-24 4.155008698027105742e-23 7.450511912339961241e-22 1.225721188964791238e-20 1.850173443277264633e-19 2.562561590822720110e-18 3.256909648200258186e-17 3.798724660179109562e-16 4.066351703060113713e-15 3.995259029187003756e-14 3.603294310526039948e-13 2.983430033012854120e-12 2.268010963022164604e-11 1.583235694175051335e-10 1.015037679023138002e-09 5.977618423363654145e-09 3.234197380820655906e-08 1.608019506658961593e-07 7.348691566178988595e-07 3.087776627671301483e-06 1.193276055247428463e-05 4.242870484010770766e-05 1.388654570713016576e-04 4.185709465519785069e-04 1.162650973556054665e-03 2.978169598355163289e-03 7.041163489262741021e-03 1.538100605169237522e-02 3.108237076049693778e-02 5.819591409706229013e-02 1.011402360593416927e-01 1.635276376596289660e-01 2.466581773976822545e-01 3.482590730928703526e-01 4.621549974430870789e-01 5.792646824804879024e-01 6.897110637809765743e-01 7.852508089146522652e-01 8.610544785215374919e-01 9.162202120229945290e-01 9.530433528060806569e-01 9.755880067466899952e-01 9.882480877726322888e-01 9.947688479118905747e-01 9.978493908557835024e-01 9.991842083900244198e-01 9.997147021100660780e-01 9.999080770736722412e-01 9.999727287333657344e-01 9.999925538692482352e-01 9.999981296694764321e-01 9.999995679715704133e-01 9.999999082560168118e-01 9.999999820940710382e-01 9.999999967887978070e-01 9.999999994709458662e-01 9.999999999199401524e-01 9.999999999888740110e-01 9.999999999985802468e-01 9.999999999998336886e-01 9.999999999999821254e-01 9.999999999999982236e-01 9.999999999999997780e-01 1.000000000000000000e+00 1.000000000000000000e+00 1.000000000000000000e+00 1.000000000000000000e+00 1.000000000000000000e+00 1.000000000000000000e+00 1.000000000000000000e+00 1.000000000000000000e+00 1.000000000000000000e+00 1.000000000000000000e+00 1.000000000000000000e+00 1.000000000000000000e+00 1.000000000000000000e+00 1.000000000000000000e+00 1.000000000000000000e+00 1.000000000000000000e+00 1.000000000000000000e+00 1.000000000000000000e+00 1.000000000000000000e+00 1.000000000000000000e+00 1.000000000000000000e+00 1.000000000000000000e+00 1.000000000000000000e+00 1.000000000000000000e+00 1.000000000000000000e+00 1.000000000000000000e+00 1.000000000000000000e+00 1.000000000000000000e+00
6.415447374425063148e-25 7.725369215531165212e-24 8.771932880619511184e-23 9.392186814894660707e-22 9.483004468533346884e-21 9.029139363494753656e-20 8.107412820604414030e-19 6.865453259280263963e-18 5.483070416561853993e-17 4.130134020783759428e-16 2.934335049376750556e-15 1.966444402251274579e-14 1.243091449360350670e-13 7.413085362515577309e-13 4.170583466148401832e-12 2.213739365207519596e-11 1.108717435917814686e-10 5.239817084185920220e-10 2.336964334424224535e-09 9.837229665387946892e-09 3.908653404523782765e-08 1.466119854907115590e-07 5.192307192320523908e-07 1.736471813774455508e-06 5.484888266523419131e-06 1.636614713887616537e-05 4.614248355862274944e-05 1.229537448564104374e-04 3.097381917513890130e-04 7.379112478830081225e-04 1.663166079043325914e-03 3.547975072478521102e-03 7.167385241860294021e-03 1.371937497333483753e-02 2.490020378870122161e-02 4.288645135516624268e-02 7.016198562274526818e-02 1.091537067939223338e-01 1.616995364715267669e-01 2.284525739591024285e-01 3.083938215470042321e-01 3.986419194907852015e-01 4.946864264030516600e-01 5.910414561342223205e-01 6.821677348434057597e-01 7.634096637937540786e-01 8.316881802046336425e-01 8.857829221424371458e-01 9.261840029483214831e-01 9.546284599590337816e-01 9.735070164547096061e-01 9.853185445376198004e-01 9.922849573942520429e-01 9.961582272891689183e-01 9.981882986770667099e-01 9.991913182020539796e-01 9.996584844732104846e-01 9.998635992918687432e-01 9.999484949484859220e-01 9.999816184436340905e-01 9.999938012805431597e-01 9.999980252580342732e-01 9.999994058168698574e-01 9.999998311680471375e-01 9.999999547055895555e-01 9.999999885282717660e-01 9.999999972574638019e-01 9.999999993811778953e-01 9.999999998682276292e-01 9.999999999735218470e-01 9.999999999949797935e-01 9.999999999991020516e-01 9.999999999998484546e-01 9.999999999999757971e-01 9.999999999999964473e-01 9.999999999999995559e-01 1.000000000000000000e+00 1.000000000000000000e+00 1.000000000000000000e+00 1.000000000000000000e+00 1.000000000000000000e+00 1.000000000000000000e+00 1.000000000000000000e+00 1.000000000000000000e+00 1.000000000000000000e+00 1.000000000000000000e+00 1.000000000000000000e+00 1.000000000000000000e+00 1.000000000000000000e+00 1.000000000000000000e+00 1.000000000000000000e+00 1.000000000000000000e+00 1.000000000000000000e+00 1.000000000000000000e+00 1.000000000000000000e+00 1.000000000000000000e+00 1.000000000000000000e+00 1.000000000000000000e+00 1.000000000000000000e+00 1.000000000000000000e+00
2.659935237952298854e-21 2.256171544860439343e-20 1.818148040744947945e-19 1.392048796904320767e-18 1.012653013115581688e-17 6.999414050938460573e-17 4.596977998381344759e-16 2.868857122306284126e-15 1.701329677190750626e-14 9.588039443910298545e-14 5.135150654211939820e-13 2.613849645667530889e-12 1.264549878062799137e-11 5.814941230374066020e-11 2.541775279632547915e-10 1.056191258038203119e-09 4.172494201849655700e-09 1.567235427337268725e-08 5.597569401897582715e-08 1.901241461165144534e-07 6.141838309768837147e-07 1.887292624890222995e-06 5.517251989368361821e-06 1.534686013518877685e-05 4.062640824143095604e-05 1.023713675945916199e-04 2.456011178899161133e-04 5.611487192199493589e-04 1.221381117831929009e-03 2.533367830003537165e-03 5.009438461621626947e-03 9.447546995975003234e-03 1.700254564282342035e-02 2.921696163479451866e-02 4.797179041600018595e-02 7.532169362261431633e-02 1.132009081016911306e-01 1.630260767816082423e-01 2.252703457676555887e-01 2.991207463129018640e-01 3.823372214921862411e-01 4.713943759055869709e-01 5.619116325502511167e-01 6.492886126999480867e-01 7.293947406586740456e-01 7.991436573568735380e-01 8.568219162056951443e-01 9.021210262309010686e-01 9.359096053983234631e-01 9.598456715124665806e-01 9.759498300016749006e-01 9.862400702372109418e-01 9.924848192489541532e-01 9.960840211713513082e-01 9.980541694618358939e-01 9.990783884096475775e-01 9.995840821335075788e-01 9.998212101390522299e-01 9.999268136353303138e-01 9.999714792713810807e-01 9.999894211584435810e-01 9.999962659725057934e-01 9.999987459839353443e-01 9.999995993664301253e-01 9.999998782553805032e-01 9.999999648151133291e-01 9.999999903301970416e-01 9.999999974730884311e-01 9.999999993721824243e-01 9.999999998517100641e-01 9.999999999667039674e-01 9.999999999928936845e-01 9.999999999985584864e-01 9.999999999997220002e-01 9.999999999999491518e-01 9.999999999999911182e-01 9.999999999999985567e-01 9.999999999999997780e-01 1.000000000000000000e+00 1.000000000000000000e+00 1.000000000000000000e+00 1.000000000000000000e+00 1.000000000000000000e+00 1.000000000000000000e+00 1.000000000000000000e+00 1.000000000000000000e+00 1.000000000000000000e+00 1.000000000000000000e+00 1.000000000000000000e+00 1.000000000000000000e+00 1.000000000000000000e+00 1.000000000000000000e+00 1.000000000000000000e+00 1.000000000000000000e+00 1.000000000000000000e+00 1.000000000000000000e+00 1.000000000000000000e+00 1.000000000000000000e+00 1.000000000000000000e+00 1.000000000000000000e+00
4.789652040639424603e-14 1.877634046045288178e-13 7.123675322437278667e-13 2.615743029639619351e-12 9.296003003436500132e-12 3.197576648954587611e-11 1.064592690232311717e-10 3.430829549106115535e-10 1.070248065062763429e-09 3.231894596535228181e-09 9.447927287333695575e-09 2.673888268346349430e-08 7.326554602818292684e-08 1.943705715439485109e-07 4.993003800971330065e-07 1.242003366698367930e-06 2.991882872778773331e-06 6.980101088724938247e-06 1.577290885123631904e-05 3.452519588005082589e-05 7.321165665546439333e-05 1.504160377895437156e-04 2.994561498010463239e-04 5.777750834518709461e-04 1.080535152754144492e-03 1.959066620670304841e-03 3.444087152530723919e-03 5.872297216300126528e-03 9.713071418283284950e-03 1.558972488247802393e-02 2.428774141485963087e-02 3.674117956841409238e-02 5.398912016815349962e-02 7.709721869313453102e-02 1.070453821776065212e-01 1.445906525673057996e-01 1.901229290062176613e-01 2.435378516331640764e-01 3.041535309748271687e-01 3.706940984472160139e-01 4.413530495968238654e-01 5.139347341516962153e-01 5.860564540613781848e-01 6.553805604071405444e-01 7.198392768056112168e-01 7.778166032543126773e-01 8.282611077626388374e-01 8.707180450539090399e-01 9.052851148851238650e-01 9.325093412458179687e-01 9.532502399754423372e-01 9.685357031288608365e-01 9.794327445361830087e-01 9.869475461889120060e-01 9.919606340533422273e-01 9.951956165175881441e-01 9.972149930617419944e-01 9.984343795672854238e-01 9.991466486543956194e-01 9.995491111093516290e-01 9.997690920920911939e-01 9.998854037685291907e-01 9.999448932005042812e-01 9.999743262033036206e-01 9.999884128451825838e-01 9.999949345093941400e-01 9.999978552121089326e-01 9.999991205139290296e-01 9.999996507614705710e-01 9.999998657131473623e-01 9.999999500040183120e-01 9.999999819780689414e-01 9.999999937106095471e-01 9.999999978751170637e-01 9.999999993050388003e-01 9.999999997799777773e-01 9.999999999325727140e-01 9.999999999799989991e-01 9.999999999942574824e-01 9.999999999984041654e-01 9.999999999995707878e-01 9.999999999998883116e-01 9.999999999999718003e-01 9.999999999999931166e-01 9.999999999999984457e-01 9.999999999999995559e-01 1.000000000000000000e+00 1.000000000000000000e+00 1.000000000000000000e+00 1.000000000000000000e+00 1.000000000000000000e+00 1.000000000000000000e+00 1.000000000000000000e+00 1.000000000000000000e+00 1.000000000000000000e+00 1.000000000000000000e+00 1.000000000000000000e+00 1.000000000000000000e+00 1.000000000000000000e+00 1.000000000000000000e+00
8.849438490708746676e-14 3.403913759407023797e-13 1.267434299551530218e-12 4.568443780525999497e-12 1.594115239429399015e-11 5.385094493761093911e-11 1.761179853634634471e-10 5.576561848803200756e-10 1.709616241760687370e-09 5.074791718268402666e-09 1.458629229296072732e-08 4.059755976611158087e-08 1.094224086356612848e-07 2.856201800796981278e-07 7.220627093603972477e-07 1.768047419340584551e-06 4.193514225713931032e-06 9.635246435466065138e-06 2.144799414341181125e-05 4.625856286872191090e-05 9.667760982878796812e-05 1.958120950342278981e-04 3.844057926063221449e-04 7.315436453774802703e-04 1.349772435177882830e-03 2.415065272836336083e-03 4.191140624628149867e-03 7.056152532511652392e-03 1.152776543975233062e-02 1.828042342424955266e-02 2.814681033837701518e-02 4.209488991808780362e-02 6.117336331411001027e-02 8.642245712227718257e-02 1.187535941552061158e-01 1.588097437464130457e-01 2.068262425652084291e-01 2.625172238662711877e-01 3.250132440186234151e-01 3.928699820257525732e-01 4.641563900048318869e-01 5.366156055391543278e-01 6.078768937673680872e-01 6.756858177707736335e-01 7.381157945354562822e-01 7.937283201865965587e-01 8.416602787526943352e-01 8.816318133688123559e-01 9.138832850314606571e-01 9.390612885683070621e-01 9.580793414532164931e-01 9.719783487114049825e-01 9.818065590485689498e-01 9.885307182592178998e-01 9.929818901827108801e-01 9.958328003468779333e-01 9.975995109709594466e-01 9.986588134102885039e-01 9.992733491167461457e-01 9.996182916904550186e-01 9.998056266934096659e-01 9.999040648427943712e-01 9.999541120957826656e-01 9.999787310306275101e-01 9.999904484073700583e-01 9.999958443031917721e-01 9.999982484924327952e-01 9.999992849357907110e-01 9.999997172447360194e-01 9.999998917122165931e-01 9.999999598371771548e-01 9.999999855748591404e-01 9.999999949830014057e-01 9.999999983104354007e-01 9.999999994490744726e-01 9.999999998260677980e-01 9.999999999468357492e-01 9.999999999842675846e-01 9.999999999954929386e-01 9.999999999987501109e-01 9.999999999996644906e-01 9.999999999999127365e-01 9.999999999999780176e-01 9.999999999999946709e-01 9.999999999999986677e-01 9.999999999999997780e-01 1.000000000000000000e+00 1.000000000000000000e+00 1.000000000000000000e+00 1.000000000000000000e+00 1.000000000000000000e+00 1.000000000000000000e+00 1.000000000000000000e+00 1.000000000000000000e+00 1.000000000000000000e+00 1.000000000000000000e+00 1.000000000000000000e+00 1.000000000000000000e+00 1.000000000000000000e+00 1.000000000000000000e+00
2.013781280086675203e-10 5.420540704540013253e-10 1.424594178890360729e-09 3.655690746648232362e-09 9.159878772281293522e-09 2.241119981552077576e-08 5.354385460281957038e-08 1.249218331549335376e-07 2.846213060732718337e-07 6.333068252698436484e-07 1.376249954184978652e-06 2.921036568949704088e-06 6.055568732611488080e-06 1.226237664347349373e-05 2.425613393317238296e-05 4.687306203569159628e-05 8.849319102057044966e-05 1.632351885568063634e-04 2.942189578338160133e-04 5.182260666267409031e-04 8.920763198216966885e-04 1.500947118019798450e-03 2.468654881920416717e-03 3.969565890098072924e-03 6.241299068440352843e-03 9.596753776837411640e-03 1.443332006067290021e-02 2.123654183977332494e-02 3.057518655963315998e-02 4.308482721028211726e-02 5.943783288017574773e-02 8.029916927406879901e-02 1.062695588241761302e-01 1.378200854158713184e-01 1.752248203185472752e-01 2.184999501801772603e-01 2.673586623923098760e-01 3.211902881356615835e-01 3.790697953622733651e-01 4.397998968502553896e-01 5.019833798898000188e-01 5.641186138908984571e-01 6.247074610132727912e-01 6.823627687859700197e-01 7.359026931614829348e-01 7.844212708082705099e-01 8.273284744607219965e-01 8.643576633838717660e-01 8.955429698664293392e-01 9.211729136581117139e-01 9.417288422653057323e-01 9.578174456520305302e-01 9.701057334953894218e-01 9.792649046976213967e-01 9.859270290286410443e-01 9.906559388102673669e-01 9.939316156077284692e-01 9.961458967518193042e-01 9.976065803746019256e-01 9.985468907264634097e-01 9.991376056063183686e-01 9.994997453717640035e-01 9.997163990704436287e-01 9.998428865559148004e-01 9.999149509172740036e-01 9.999550177514041627e-01 9.999767568226782810e-01 9.999882671688629099e-01 9.999942145694735718e-01 9.999972134376458044e-01 9.999986890724714694e-01 9.999993976570900056e-01 9.999997297012231945e-01 9.999998815429482768e-01 9.999999493036095810e-01 9.999999788126636702e-01 9.999999913534290963e-01 9.999999965543933111e-01 9.999999986593091084e-01 9.999999994906449974e-01 9.999999998110573607e-01 9.999999999315700716e-01 9.999999999758031333e-01 9.999999999916466820e-01 9.999999999971845854e-01 9.999999999990736299e-01 9.999999999997024602e-01 9.999999999999067413e-01 9.999999999999713562e-01 9.999999999999914513e-01 9.999999999999975575e-01 9.999999999999993339e-01 9.999999999999997780e-01 1.000000000000000000e+00 1.000000000000000000e+00 1.000000000000000000e+00 1.000000000000000000e+00 1.000000000000000000e+00 1.000000000000000000e+00 1.000000000000000000e+00
5.070443318662954892e-07 9.624966543547185865e-07 1.798526887591389334e-06 3.308341912622741737e-06 5.990894286325766671e-06 1.068005796517847865e-05 1.874433240834409451e-05 3.238884224444588762e-05 5.510178042923613491e-05 9.229908302686114826e-05 1.522329545603386797e-04 2.472400368836540877e-04 3.954107599350664367e-04 6.227590001059403945e-04 9.659560749802965137e-04 1.475660435496318861e-03 2.220419704593524536e-03 3.291042011075316544e-03 4.805228848372036614e-03 6.912136299817136544e-03 9.796395392320264225e-03 1.368099181048049173e-02 1.882830233199558542e-02 2.553853632498465087e-02 3.414486242232686597e-02 4.500463602197943280e-02 5.848639595371630390e-02 7.495266682555955240e-02 9.473906626301695222e-02 1.181307316465909918e-01 1.453375883876080188e-01 1.764704080280680709e-01 2.115198737753818670e-01 2.503409179114495231e-01 2.926443775451903484e-01 3.379975243470064727e-01 3.858342926280018959e-01 4.354751308701703127e-01 4.861554392597713936e-01 5.370606523713694624e-01 5.873653032884936787e-01 6.362729636682616929e-01 6.830538562503848388e-01 7.270771960990747296e-01 7.678358973680272648e-01 8.049621018422924434e-01 8.382329315107943657e-01 8.675668156006257625e-01 8.930115763820450914e-01 9.147260862268751236e-01 9.329576761678295416e-01 9.480175700080282208e-01 9.602564626768069767e-01 9.700420115013546063e-01 9.777395362331929851e-01 9.836967040794860617e-01 9.882324781665259295e-01 9.916301843856243359e-01 9.941342347571842097e-01 9.959498470653069813e-01 9.972450147260911724e-01 9.981539891779340756e-01 9.987816140812695309e-01 9.992079691770812122e-01 9.994929171307934679e-01 9.996802795195205427e-01 9.998014849471084098e-01 9.998786258105689662e-01 9.999269283196597913e-01 9.999566845318025310e-01 9.999747192082149017e-01 9.999854730045578677e-01 9.999917816772760926e-01 9.999954228134108059e-01 9.999974903754795807e-01 9.999986454311251549e-01 9.999992802794254176e-01 9.999996235682842016e-01 9.999998061982933173e-01 9.999999017871455953e-01 9.999999510097987709e-01 9.999999759468698457e-01 9.999999883762227260e-01 9.999999944712298916e-01 9.999999974117390611e-01 9.999999988074437240e-01 9.999999994592025931e-01 9.999999997586380696e-01 9.999999998939830270e-01 9.999999999541699935e-01 9.999999999805022632e-01 9.999999999918365301e-01 9.999999999966362463e-01 9.999999999986359800e-01 9.999999999994557687e-01 9.999999999997861710e-01 9.999999999999173994e-01 9.999999999999685807e-01 9.999999999999882316e-01 9.999999999999956701e-01
1.416442570616320232e-07 2.859747797147729717e-07 5.674632307286830598e-07 1.106727166958440863e-06 2.121527464772054892e-06 3.997377948722315914e-06 7.403453608216882564e-06 1.347848898536540319e-05 2.412192351542036815e-05 4.243887720135491203e-05 7.340331399148055009e-05 1.248208921607216703e-04 2.086893299228023690e-04 3.430660400272437789e-04 5.545551351708032399e-04 8.815120202898416241e-04 1.378026064866123401e-03 2.118672844306781870e-03 3.203921605544491485e-03 4.765939574694476322e-03 6.974357820943613041e-03 1.004136794181518383e-02 1.422532944269255632e-02 1.983191875421720304e-02 2.721178363549772716e-02 3.675372365299654082e-02 4.887263379990673673e-02 6.399184261693574571e-02 8.252004074296445668e-02 1.048236902700602768e-01 1.311965549972224920e-01 1.618286933438641551e-01 1.967777902565652215e-01 2.359459565172247753e-01 2.790650043374397482e-01 3.256926757135895079e-01 3.752213765482443897e-01 4.268997446786920724e-01 4.798660028097591068e-01 5.331907053036935018e-01 5.859253757908887694e-01 6.371528188286295080e-01 6.860346838852560136e-01 7.318521958356938306e-01 7.740367904316747261e-01 8.121885787719760330e-01 8.460819337730316470e-01 8.756588477777778046e-01 9.010118731864670272e-01 9.223592913057285791e-01 9.400155852075287033e-01 9.543603148192186802e-01 9.658081614797553449e-01 9.747823224643141771e-01 9.816927118324828561e-01 9.869196791664869295e-01 9.908032895405517460e-01 9.936376828360766744e-01 9.956696802835438564e-01 9.971006313535628607e-01 9.980904713123948113e-01 9.987630509964249281e-01 9.992119628413922428e-01 9.995062809158283823e-01 9.996958254835330848e-01 9.998157324130205748e-01 9.998902426154724354e-01 9.999357231664065537e-01 9.999629924791287872e-01 9.999790530567049807e-01 9.999883445733105392e-01 9.999936247751621821e-01 9.999965722689676539e-01 9.999981884638364793e-01 9.999990589722653755e-01 9.999995195369772993e-01 9.999997588943161375e-01 9.999998810858825582e-01 9.999999423595815617e-01 9.999999725413952767e-01 9.999999871448270738e-01 9.999999940855203162e-01 9.999999973258493213e-01 9.999999988118317695e-01 9.999999994812176496e-01 9.999999997774127181e-01 9.999999999061537359e-01 9.999999999611197676e-01 9.999999999841718834e-01 9.999999999936683981e-01 9.999999999975113241e-01 9.999999999990387689e-01 9.999999999996351807e-01 9.999999999998639977e-01 9.999999999999501510e-01 9.999999999999820144e-01 9.999999999999936717e-01 9.999999999999977796e-01 9.999999999999992228e-01 9.999999999999997780e-01
9.799465122199775104e-07 1.794189871822566728e-06 3.237008887228171868e-06 5.754926337099029888e-06 1.008248658842521358e-05 1.740764077885808281e-05 2.961895585903213024e-05 4.966737479390529293e-05 8.208415317783979246e-05 1.337057711803271655e-04 2.146648237190865822e-04 3.397112459661026022e-04 5.299281806053026712e-04 8.148981836486364353e-04 1.235354789957763188e-03 1.846318316481479916e-03 2.720660562946249257e-03 3.952969849942561398e-03 5.663497361822776577e-03 8.001863396224372441e-03 1.115009748183372514e-02 1.532449338170684822e-02 2.077569635733143849e-02 2.778642527071028406e-02 3.666628492335469863e-02 4.774325897559426185e-02 6.135169723056635438e-02 7.781691771357743259e-02 9.743691447672955808e-02 1.204620625405486284e-01 1.470740955448501253e-01 1.773659456115830313e-01 2.113242243505628060e-01 2.488161429662868185e-01 2.895824893490306362e-01 3.332378965802094140e-01 3.792790746098915755e-01 4.271009871628443921e-01 4.760202141480892046e-01 5.253040340444591338e-01 5.742031794563400293e-01 6.219858378261475806e-01 6.679703387640784085e-01 7.115541071150449648e-01 7.522368482695622749e-01 7.896365179298774351e-01 8.234973365000670675e-01 8.536898497691067789e-01 8.802037247367957562e-01 9.031345278476883287e-01 9.226661110651086517e-01 9.390504057578523689e-01 9.525864002894831595e-01 9.635998837638639625e-01 9.724252218332660735e-01 9.793900451900476867e-01 9.848033311290564917e-01 9.889469894061342359e-01 9.920707590230997130e-01 9.943900014992324010e-01 9.960858435825094004e-01 9.973070715689482668e-01 9.981731957668014132e-01 9.987781683250787079e-01 9.991943311218527413e-01 9.994762751509302934e-01 9.996643949971077969e-01 9.997880120507609547e-01 9.998680128297856573e-01 9.999190024870704407e-01 9.999510092691723528e-01 9.999707959965891124e-01 9.999828429702273258e-01 9.999900665749641426e-01 9.999943323898637937e-01 9.999968133629409950e-01 9.999982344284581437e-01 9.999990360661872302e-01 9.999994814292425538e-01 9.999997251105465779e-01 9.999998564218790520e-01 9.999999261092651359e-01 9.999999625324652586e-01 9.999999812812869759e-01 9.999999907860611659e-01 9.999999955315566069e-01 9.999999978649783960e-01 9.999999989949742707e-01 9.999999995339041714e-01 9.999999997870436808e-01 9.999999999041442322e-01 9.999999999574937792e-01 9.999999999814308538e-01 9.999999999920086147e-01 9.999999999966119324e-01 9.999999999985849097e-01 9.999999999994177990e-01 9.999999999997639666e-01 9.999999999999058531e-01 9.999999999999629186e-01
9.249215124608809710e-06 1.541216407224243662e-05 2.535893332896104293e-05 4.120198021330128844e-05 6.610537572949087360e-05 1.047368803310898261e-04 1.638777739220277445e-04 2.532283479146840233e-04 3.864485291816689271e-04 5.824710211451793445e-04 8.671169698623014963e-04 1.275029763483013579e-03 1.851919573263405760e-03 2.657078538418269822e-03 3.766083848197719890e-03 5.273554437289675566e-03 7.295769320188917606e-03 9.972896428331575261e-03 1.347052685333192945e-02 1.798016903260203636e-02 2.371834009531648829e-02 3.092390677775983671e-02 3.985338407762484270e-02 5.077400119127853384e-02 6.395449169315535476e-02 7.965375287660486636e-02 9.810773556235624637e-02 1.195151519307302707e-01 1.440228012699906468e-01 1.717114852732852803e-01 2.025835892840940899e-01 2.365534213601825642e-01 2.734413126706548569e-01 3.129722869511073480e-01 3.547798127247098199e-01 3.984147819757928310e-01 4.433594464597683804e-01 4.890456291212836315e-01 5.348761572279763232e-01 5.802481769614805662e-01 6.245768390348366284e-01 6.673178111294839621e-01 7.079871795016637881e-01 7.461775366078908789e-01 7.815693870803386289e-01 8.139374030835552221e-01 8.431514786124120198e-01 8.691729273627445407e-01 8.920465026536218422e-01 9.118891625506813092e-01 9.288766433188010430e-01 9.432289372484078394e-01 9.551957063930214265e-01 9.650425208710007308e-01 9.730386140443800791e-01 9.794466240727033313e-01 9.845145675643853789e-01 9.884700875872037829e-01 9.915168504341537181e-01 9.938328418908239925e-01 9.955702365849015134e-01 9.968564802896419108e-01 9.977962279746803720e-01 9.984738109651923876e-01 9.989559551706963525e-01 9.992945299709878881e-01 9.995291664485023153e-01 9.996896385892422021e-01 9.997979481952662395e-01 9.998700917464951043e-01 9.999175149910648486e-01 9.999482793744631781e-01 9.999679749359515757e-01 9.999804186984639909e-01 9.999881775645179660e-01 9.999929518455937805e-01 9.999958510637619868e-01 9.999975885324721148e-01 9.999986161139402530e-01 9.999992158756095817e-01 9.999995613408192430e-01 9.999997577189365661e-01 9.999998678842882960e-01 9.999999288744960690e-01 9.999999621970552255e-01 9.999999801642274200e-01 9.999999897248076364e-01 9.999999947453646065e-01 9.999999973472172288e-01 9.999999986779062322e-01 9.999999993495417572e-01 9.999999996840861494e-01 9.999999998485373798e-01 9.999999999283153418e-01 9.999999999665091233e-01 9.999999999845545773e-01 9.999999999929685135e-01 9.999999999968400832e-01 9.999999999985983434e-01 9.999999999993862687e-01
9.875068854199138401e-08 2.035488558686427647e-07 4.121108782802152917e-07 8.195741200606089024e-07 1.601045941297457324e-06 3.072375308466307109e-06 5.791807239407446429e-06 1.072602377020571712e-05 1.951483123716510497e-05 3.488269301302919441e-05 6.126232311361356684e-05 1.057147759948968372e-04 1.792498516782985282e-04 2.986665757684767901e-04 4.890405470477182616e-04 7.869757379681013203e-04 1.244704143745936284e-03 1.935048475719423466e-03 2.957153466137075679e-03 4.442737110985258732e-03 6.562418439373748739e-03 9.531457499259083851e-03 1.361402268386633849e-02 1.912491888680141125e-02 2.642761499773791517e-02 3.592745139830649803e-02 4.805913094664254759e-02 6.326802539632699063e-02 8.198545802659688853e-02 1.045989084451379725e-01 1.314189418103575702e-01 1.626454716533713984e-01 1.983365827823966587e-01 2.383834316877629644e-01 2.824946008719890767e-01 3.301926624985362935e-01 3.808246336068427107e-01 4.335865891821468199e-01 4.875611203298447216e-01 5.417648061268398596e-01 5.952016384727110143e-01 6.469175922366384723e-01 6.960513879901344403e-01 7.418769750923439599e-01 7.838342913675371282e-01 8.215462688299789429e-01 8.548216353292803493e-01 8.836445784307012108e-01 9.081535863941155862e-01 9.286126178174476387e-01 9.453781108554035750e-01 9.588652397851158415e-01 9.695163432371294299e-01 9.777737105841813881e-01 9.840580627065580455e-01 9.887532326225347834e-01 9.921968429888297081e-01 9.946762543238691912e-01 9.964287422468651734e-01 9.976447416253724221e-01 9.984730337490171914e-01 9.990269008392990147e-01 9.993904803760322864e-01 9.996247765167185495e-01 9.997729951007954252e-01 9.998650426006961967e-01 9.999211594313572871e-01 9.999547444863011725e-01 9.999744764709739275e-01 9.999858571255574313e-01 9.999923008278763792e-01 9.999958824143171388e-01 9.999978366958748310e-01 9.999988835123396758e-01 9.999994339722014791e-01 9.999997181253388323e-01 9.999998621215038241e-01 9.999999337558089785e-01 9.999999687392738812e-01 9.999999855109402702e-01 9.999999934042878014e-01 9.999999970511370684e-01 9.999999987051769734e-01 9.999999994416310933e-01 9.999999997635281579e-01 9.999999999016491170e-01 9.999999999598292444e-01 9.999999999838873332e-01 9.999999999936532991e-01 9.999999999975450748e-01 9.999999999990674127e-01 9.999999999996521671e-01 9.999999999998725464e-01 9.999999999999542588e-01 9.999999999999837907e-01 9.999999999999944489e-01 9.999999999999981126e-01 9.999999999999993339e-01 9.999999999999997780e-01 1.000000000000000000e+00
5.133328726269053305e-07 9.826621126870268594e-07 1.850907264358491683e-06 3.430459218175312206e-06 6.256329790977075790e-06 1.122794413186874727e-05 1.982934958607125169e-05 3.446352443648982534e-05 5.894817442926139807e-05 9.923345660236520106e-05 1.644151707547911428e-04 2.681278874544043458e-04 4.304079316002931113e-04 6.801117047752108010e-04 1.057955226791363647e-03 1.620200421011899414e-03 2.442947644081836043e-03 3.626899401872083623e-03 5.302337947289749963e-03 7.633915787678236670e-03 1.082470607540336575e-02 1.511881973161869480e-02 2.080179472586400624e-02 2.819793085865404669e-02 3.766381081908213441e-02 4.957743892447906420e-02 6.432275339332554909e-02 8.226971758484892538e-02 1.037507383109988190e-01 1.290347391263531318e-01 1.583007576825397611e-01 1.916133523486993617e-01 2.289023104295657696e-01 2.699490824938439726e-01 3.143819913203339533e-01 3.616815901605240913e-01 4.111966315479404499e-01 4.621700562743969454e-01 5.137733542803704090e-01 5.651467274658746875e-01 6.154418285069189754e-01 6.638635544746153139e-01 7.097074826805414016e-01 7.523900327505910202e-01 7.914692511052932034e-01 8.266551258650065570e-01 8.578094123045951758e-01 8.849359417963670316e-01 9.081631829166040282e-01 9.277213425735117980e-01 9.439165049909896688e-01 9.571042210360285463e-01 9.676646320758059971e-01 9.759807187870204181e-01 9.824206932196433151e-01 9.873249840955130585e-01 9.909977668148743923e-01 9.937026043588909063e-01 9.956615124677690165e-01 9.970566398575726463e-01 9.980337433901980138e-01 9.987067110791998381e-01 9.991625115271747237e-01 9.994660978352336578e-01 9.996649436732277794e-01 9.997930226101778839e-01 9.998741496818904784e-01 9.999246833421016056e-01 9.999556377551011010e-01 9.999742839939442796e-01 9.999853295289862221e-01 9.999917639445876638e-01 9.999954499696745991e-01 9.999975264808960151e-01 9.999986768496744727e-01 9.999993035597667390e-01 9.999996393152231766e-01 9.999998162064311913e-01 9.999999078529944185e-01 9.999999545461124573e-01 9.999999779407496847e-01 9.999999894674893586e-01 9.999999950524920411e-01 9.999999977136274643e-01 9.999999989605437012e-01 9.999999995351023241e-01 9.999999997954525099e-01 9.999999999114659310e-01 9.999999999623034874e-01 9.999999999842108522e-01 9.999999999934945372e-01 9.999999999973633313e-01 9.999999999989488408e-01 9.999999999995876632e-01 9.999999999998410161e-01 9.999999999999396039e-01 9.999999999999774625e-01 9.999999999999917843e-01 9.999999999999970024e-01 9.999999999999988898e-01
1.933201997587524834e-06 3.504316825804920586e-06 6.257581584104386781e-06 1.100775691954163181e-05 1.907625924118760727e-05 3.256892763526019537e-05 5.478280670116628749e-05 9.078861822794522213e-05 1.482455532590102752e-04 2.385135831774909561e-04 3.781334233025840179e-04 5.907425863744601669e-04 9.094840000533460081e-04 1.379937486814919673e-03 2.063560343392199098e-03 3.041558753449071124e-03 4.419026436766262424e-03 6.329083707360361362e-03 8.936636228800870149e-03 1.244126038152215848e-02 1.707862824321955408e-02 2.311983032499254076e-02 3.086796034097286090e-02 4.065141328033479440e-02 5.281352947763953698e-02 6.769849616056176911e-02 8.563378266725711618e-02 1.069098083699159124e-01 1.317579796539408155e-01 1.603286281550104497e-01 1.926706753492345714e-01 2.287149805849518491e-01 2.682632565992912888e-01 3.109841376702707771e-01 3.564174701745365104e-01 4.039872053923915241e-01 4.530224814028012137e-01 5.027856773179806282e-01 5.525055094613419149e-01 6.014127087597750387e-01 6.487755429497927828e-01 6.939324638466468631e-01 7.363194666112587994e-01 7.754903028235204943e-01 8.111284177644423332e-01 8.430502896877605234e-01 8.712006346476640628e-01 8.956406139368724428e-01 9.165306738727014846e-01 9.341099212009953412e-01 9.486739859936399455e-01 9.605531714147694800e-01 9.700923823078752006e-01 9.776339210503846022e-01 9.835038008288987665e-01 9.880018082438837279e-01 9.913951909668867746e-01 9.939155779884518704e-01 9.957585694946975430e-01 9.970853562801038628e-01 9.980257303409296732e-01 9.986819086048452920e-01 9.991326886987325073e-01 9.994375689575867305e-01 9.996405780825649012e-01 9.997736613602534739e-01 9.998595534336214286e-01 9.999141297660028016e-01 9.999482708467077874e-01 9.999692975812355389e-01 9.999820469312019622e-01 9.999896576537598003e-01 9.999941305144097736e-01 9.999967185274991621e-01 9.999981927708723184e-01 9.999990195576216045e-01 9.999994760562018747e-01 9.999997242020118859e-01 9.999998570013913790e-01 9.999999269705610594e-01 9.999999632649059222e-01 9.999999817999132290e-01 9.999999911188874879e-01 9.999999957316914045e-01 9.999999979796247995e-01 9.999999990581327491e-01 9.999999995675630249e-01 9.999999998044646343e-01 9.999999999129252082e-01 9.999999999618127688e-01 9.999999999835069708e-01 9.999999999929849448e-01 9.999999999970616837e-01 9.999999999987879695e-01 9.999999999995077271e-01 9.999999999998030464e-01 9.999999999999223954e-01 9.999999999999699130e-01 9.999999999999884537e-01 9.999999999999956701e-01
6.728403707397507723e-07 1.288181427362207461e-06 2.425885371349858399e-06 4.493702666642093320e-06 8.188278652065723065e-06 1.467741041346472192e-05 2.588154048785728151e-05 4.489842028475809593e-05 7.662841207747579219e-05 1.286723615304668361e-04 2.125874641679429084e-04 3.455960326727826001e-04 5.528432569377626435e-04 8.702874942649502276e-04 1.348274182715466021e-03 2.055786155028223750e-03 3.085274486020724797e-03 4.557853863096229634e-03 6.628498904935476409e-03 9.490713966509575078e-03 1.337998794300243773e-02 1.857521445166667243e-02 2.539718934327506172e-02 3.420332620367761561e-02 4.537788626790118657e-02 5.931731999333838407e-02 7.641076213112117654e-02 9.701628419897001532e-02 1.214341343054402417e-01 1.498788064392073405e-01 1.824522858899391142e-01 2.191211185283551410e-01 2.596999682580574120e-01 3.038440103283136517e-01 3.510518558567204961e-01 4.006797656227507609e-01 4.519667906584680650e-01 5.040693136006084707e-01 5.561024159690074464e-01 6.071847119701733186e-01 6.564828843752306131e-01 7.032521929985744435e-01 7.468696960574356947e-01 7.868577591707428542e-01 8.228965038002915566e-01 8.548250140162554356e-01 8.826322208995428520e-01 9.064392822650197967e-01 9.264758773714310003e-01 9.430530995128180161e-01 9.565355642508835965e-01 9.673150123562679337e-01 9.757871587604740604e-01 9.823329185920477435e-01 9.873045207212031160e-01 9.910164726473349450e-01 9.937409173299818210e-01 9.957066448324431995e-01 9.971008872641342613e-01 9.980730141032128078e-01 9.987393254683374355e-01 9.991882787508045149e-01 9.994856470829889261e-01 9.996792705138550783e-01 9.998032045877942586e-01 9.998811863694493374e-01 9.999294216917731237e-01 9.999587513371733793e-01 9.999762827948073252e-01 9.999865842557058571e-01 9.999925346970496287e-01 9.999959135484877137e-01 9.999977996217744858e-01 9.999988345674855061e-01 9.999993928398134280e-01 9.999996888755566804e-01 9.999998431918224462e-01 9.999999222685618250e-01 9.999999621026870456e-01 9.999999818283353825e-01 9.999999914306678672e-01 9.999999960257327514e-01 9.999999981873359811e-01 9.999999991869440441e-01 9.999999996413593273e-01 9.999999998444291105e-01 9.999999999336378620e-01 9.999999999721624899e-01 9.999999999885171853e-01 9.999999999953421703e-01 9.999999999981421528e-01 9.999999999992712496e-01 9.999999999997188915e-01 9.999999999998934186e-01 9.999999999999602540e-01 9.999999999999853451e-01 9.999999999999946709e-01 9.999999999999981126e-01 9.999999999999993339e-01 9.999999999999997780e-01
