0.000000000000000000e+00
0.000000000000000000e+00
0.000000000000000000e+00
0.000000000000000000e+00
0.000000000000000000e+00
0.000000000000000000e+00
0.000000000000000000e+00
0.000000000000000000e+00
0.000000000000000000e+00
0.000000000000000000e+00
0.000000000000000000e+00
0.000000000000000000e+00
0.000000000000000000e+00
0.000000000000000000e+00
0.000000000000000000e+00
0.000000000000000000e+00
0.000000000000000000e+00
0.000000000000000000e+00
0.000000000000000000e+00
0.000000000000000000e+00
0.000000000000000000e+00
9.436346280000000776e-06
9.865342099999999039e-05
6.200998439999999209e-04
3.740203919999999897e-03
2.020800680000000432e-02
8.543008060000001347e-02
2.472864280000000026e-01
4.838442379999999821e-01
7.126829380000000436e-01
8.821713400000000815e-01
