6.359999828940840561e-48 3.560382617952867712e-46 1.844551945368929098e-44 8.843947126618551734e-43 3.924363005231185076e-41 1.611636761149287707e-39 6.125587177568507320e-38 2.154859428070342624e-36 7.015997648963680414e-35 2.114308590083500616e-33 5.897467495722449195e-32 1.522619699651903748e-30 3.638792051926979186e-29 8.049611770086114129e-28 1.648380304076814611e-26 3.124773393673922937e-25 5.483693575133496382e-24 8.909174213677549159e-23 1.340073831320694746e-21 1.866232818695515541e-20 2.406407407509274546e-19 2.873167351337357745e-18 3.176620307004408740e-17 3.252435721238244625e-16 3.084040541668330195e-15 2.708514143251272739e-14 2.203315689265929160e-13 1.660334020025342416e-12 1.159124190388179391e-11 7.497691647135800167e-11 4.494082190583075881e-10 2.496486382661524689e-09 1.285459033231122989e-08 6.136242874848166433e-08 2.716102889155892205e-07 1.115025377519531005e-06 4.246459680909946511e-06 1.500713070910334498e-05 4.923117921036863497e-05 1.499756372299410956e-04 4.244554317429291286e-04 1.116606042513088775e-03 2.732055289249133920e-03 6.221769645050481169e-03 1.319913629130215621e-02 2.611131266601286402e-02 4.822772166607960931e-02 8.328982220441573381e-02 1.347380211570529951e-01 2.046114402287808054e-01 2.924456918303732778e-01 3.946399029684604653e-01 5.046922790650752999e-01 6.143864160567206190e-01 7.155858926175346912e-01 8.019998387209270607e-01 8.702965610197017643e-01 9.202569646232605649e-01 9.540838131564697289e-01 9.752823558667020887e-01 9.875782059153078718e-01 9.941793359349728743e-01 9.974594138826993195e-01 9.989679476765710442e-01 9.996100875856004375e-01 9.998630795025682527e-01 9.999553333551737255e-01 9.999864692730391358e-01 9.999961953217882948e-01 9.999990072681721465e-01 9.999997597076596412e-01 9.999999460571075138e-01 9.999999887715346203e-01 9.999999978332180239e-01 9.999999996124346868e-01 9.999999999357542801e-01 9.999999999901314496e-01 9.999999999985955679e-01 9.999999999998148148e-01 9.999999999999773515e-01 9.999999999999974465e-01 9.999999999999997780e-01 1.000000000000000000e+00 1.000000000000000000e+00 1.000000000000000000e+00 1.000000000000000000e+00 1.000000000000000000e+00 1.000000000000000000e+00 1.000000000000000000e+00 1.000000000000000000e+00 1.000000000000000000e+00 1.000000000000000000e+00 1.000000000000000000e+00 1.000000000000000000e+00 1.000000000000000000e+00 1.000000000000000000e+00 1.000000000000000000e+00 1.000000000000000000e+00 1.000000000000000000e+00 1.000000000000000000e+00
6.287377466822498972e-48 3.516510556098890246e-46 1.820237583582774749e-44 8.720158174157109241e-43 3.866406685969701479e-41 1.586663201147992582e-39 6.026478542724965434e-38 2.118615819795869145e-36 6.893807311333815055e-35 2.076316569643261568e-33 5.788489914506201675e-32 1.493773413713727798e-30 3.568314193196568530e-29 7.890642204739855377e-28 1.615270937788412996e-26 3.061089298702253534e-25 5.370554146698890698e-24 8.723499506230842913e-23 1.311922795255422847e-21 1.826797894277850307e-20 2.355362729311318189e-19 2.812110154943111266e-18 3.109125396493746667e-17 3.183478307270503324e-16 3.018923874820442487e-15 2.651677571391230056e-14 2.157458292354660460e-13 1.626131644505699766e-12 1.135541873746406184e-11 7.347371720369145471e-11 4.405496852154152401e-10 2.448220914787556952e-09 1.261145183988949099e-08 6.022996146293428488e-08 2.667331656442537361e-07 1.095604067077397397e-06 4.174947509412692143e-06 1.476364285226926118e-05 4.846456081442894898e-05 1.477436387275693822e-04 4.184460617335908936e-04 1.101643976314336908e-03 2.697605342425053645e-03 6.148415225176668067e-03 1.305468853641864567e-02 2.584825692574325637e-02 4.778468197094917075e-02 8.259974056825429567e-02 1.337439302182788503e-01 2.032870250032398907e-01 2.908137714009900732e-01 3.927801523898074021e-01 5.027321021203482454e-01 6.124755754785035089e-01 7.138630491747793849e-01 8.005631497295118137e-01 8.691884620299886732e-01 9.194664747566545504e-01 9.535622355000544781e-01 9.749640465031053083e-01 9.873985298069634098e-01 9.940855269716883935e-01 9.974141122431158246e-01 9.989477127572823356e-01 9.996017275274414748e-01 9.998598847326241046e-01 9.999542040938196319e-01 9.999861000609102657e-01 9.999960836647701079e-01 9.999989760342484768e-01 9.999997516260228370e-01 9.999999441228863972e-01 9.999999883433327019e-01 9.999999977455324984e-01 9.999999995958255283e-01 9.999999999328441636e-01 9.999999999896598268e-01 9.999999999985247356e-01 9.999999999998050448e-01 9.999999999999761302e-01 9.999999999999973355e-01 9.999999999999997780e-01 1.000000000000000000e+00 1.000000000000000000e+00 1.000000000000000000e+00 1.000000000000000000e+00 1.000000000000000000e+00 1.000000000000000000e+00 1.000000000000000000e+00 1.000000000000000000e+00 1.000000000000000000e+00 1.000000000000000000e+00 1.000000000000000000e+00 1.000000000000000000e+00 1.000000000000000000e+00 1.000000000000000000e+00 1.000000000000000000e+00 1.000000000000000000e+00 1.000000000000000000e+00 1.000000000000000000e+00
6.141064574883113468e-48 3.428104173880331774e-46 1.771242255213809027e-44 8.470750371281481831e-43 3.749665312287272233e-41 1.536374088325966870e-39 5.826971252337805639e-38 2.045682703028601683e-36 6.648011289366066223e-35 1.999919180928120580e-33 5.569421955175539514e-32 1.435804149178169681e-30 3.426721779352193831e-29 7.571344334339786015e-28 1.548782705320093710e-26 2.933223200398015358e-25 5.143416659397907251e-24 8.350765551797791379e-23 1.255411683445355394e-21 1.747632309697654585e-20 2.252881295863693054e-19 2.689508916029761087e-18 2.973570004411081037e-17 3.044949701658391083e-16 2.888069350153024154e-15 2.537419137958422888e-14 2.065230961376804471e-13 1.557310372182855044e-12 1.088063518256182466e-11 7.044544189115628437e-11 4.226915016376284757e-10 2.350848528114489636e-09 1.212053913156980977e-08 5.794143972817855478e-08 2.568681077905249031e-07 1.056280871541599764e-06 4.029999394178677875e-06 1.426955937689837474e-05 4.690708661128213485e-05 1.432033610321167502e-04 4.062057427276730701e-04 1.071125762807775524e-03 2.627235206833957847e-03 5.998347587167903068e-03 1.275870933755519909e-02 2.530835287232611336e-02 4.687380714591299347e-02 8.117841786366634949e-02 1.316926571748244512e-01 2.005488847630128857e-01 2.874331716419474825e-01 3.889196673122224945e-01 4.986545074777922193e-01 6.084918988461142098e-01 7.102631893463980939e-01 7.975542199816952893e-01 8.668621564912577515e-01 9.178028596036664766e-01 9.524617776705470718e-01 9.742907114028140914e-01 9.870174383773229199e-01 9.938860145972415738e-01 9.973174947509149124e-01 9.989044325442286709e-01 9.995837936967602033e-01 9.998530107404346445e-01 9.999517668473016929e-01 9.999853006935404132e-01 9.999958411423418569e-01 9.999989079701872008e-01 9.999997339556332410e-01 9.999999398792467353e-01 9.999999874005823797e-01 9.999999975517910311e-01 9.999999995589941015e-01 9.999999999263671224e-01 9.999999999886060031e-01 9.999999999983661958e-01 9.999999999997829514e-01 9.999999999999733546e-01 9.999999999999968914e-01 9.999999999999996669e-01 1.000000000000000000e+00 1.000000000000000000e+00 1.000000000000000000e+00 1.000000000000000000e+00 1.000000000000000000e+00 1.000000000000000000e+00 1.000000000000000000e+00 1.000000000000000000e+00 1.000000000000000000e+00 1.000000000000000000e+00 1.000000000000000000e+00 1.000000000000000000e+00 1.000000000000000000e+00 1.000000000000000000e+00 1.000000000000000000e+00 1.000000000000000000e+00 1.000000000000000000e+00 1.000000000000000000e+00
5.858952235703887596e-48 3.257784314457444504e-46 1.676947925129329501e-44 7.991311033552750559e-43 3.525529947140029233e-41 1.439944686504479771e-39 5.444898510585954100e-38 1.906182033923994339e-36 6.178429532289586875e-35 1.854129508730064895e-33 5.151811736238207759e-32 1.325403838280247549e-30 3.157300228049406232e-29 6.964257865051298794e-28 1.422452810540110886e-26 2.690411214883585511e-25 4.712289835264602838e-24 7.643526490118132242e-23 1.148209681052993656e-21 1.597470686993845854e-20 2.058491348207318148e-19 2.456923267250401798e-18 2.716341952605357695e-17 2.781977954121099762e-16 2.639537748405357028e-15 2.320269056080856966e-14 1.889816150054274507e-13 1.426295495655853126e-12 9.975858033223415995e-12 6.466785601210905618e-11 3.885760775738526155e-10 2.164567192409164150e-09 1.117991594282555851e-08 5.354903460648697507e-08 2.378992492121790616e-07 9.805203339733087629e-07 3.750154006789190259e-06 1.331351935490116449e-05 4.388626023494519201e-05 1.343750905236370890e-04 3.823422739125516365e-04 1.011462497051049273e-03 2.489259388040411611e-03 5.703207597807488476e-03 1.217474208168224138e-02 2.423956823882941758e-02 4.506438974044640888e-02 7.834481172613785849e-02 1.275878062033727889e-01 1.950481934602519563e-01 2.806144389379302551e-01 3.811004928766597022e-01 4.903599522380273079e-01 6.003522774160345854e-01 7.028739800772266788e-01 7.913487029325788624e-01 8.620410396065998349e-01 9.143378031325316568e-01 9.501578486695806403e-01 9.728735249050270983e-01 9.862109707110576773e-01 9.934614422166647696e-01 9.971107073756084738e-01 9.988112560464906808e-01 9.995449517217562807e-01 9.998380307623653263e-01 9.999464219630187500e-01 9.999835363428246637e-01 9.999953023106158412e-01 9.999987557244625069e-01 9.999996941574940124e-01 9.999999302540838464e-01 9.999999852468935968e-01 9.999999971059405635e-01 9.999999994735999653e-01 9.999999999112347826e-01 9.999999999861250988e-01 9.999999999979898302e-01 9.999999999997301048e-01 9.999999999999664713e-01 9.999999999999961142e-01 9.999999999999995559e-01 1.000000000000000000e+00 1.000000000000000000e+00 1.000000000000000000e+00 1.000000000000000000e+00 1.000000000000000000e+00 1.000000000000000000e+00 1.000000000000000000e+00 1.000000000000000000e+00 1.000000000000000000e+00 1.000000000000000000e+00 1.000000000000000000e+00 1.000000000000000000e+00 1.000000000000000000e+00 1.000000000000000000e+00 1.000000000000000000e+00 1.000000000000000000e+00 1.000000000000000000e+00 1.000000000000000000e+00
5.662238374168351101e-48 3.101192868084910562e-46 1.573363137653508344e-44 7.394264519843029141e-43 3.219092324407512780e-41 1.298229096658246973e-39 4.850160942685648846e-38 1.678633099124870566e-36 5.382185427078164563e-35 1.598724906775068677e-33 4.399573765910992683e-32 1.121707081053169643e-30 2.649666660183573546e-29 5.799060588340971020e-28 1.175956428139120085e-26 2.209558381275830587e-25 3.846935566263925415e-24 6.206334372908300393e-23 9.278614913532770483e-22 1.285514961983342746e-20 1.650581385186026564e-19 1.964192737257478559e-18 2.166416956656257106e-17 2.214809363446987391e-16 2.098915632211906216e-15 1.843947717352421650e-14 1.501865083143200367e-13 1.134172435336018975e-12 7.942078529749164568e-12 5.157529566459702492e-11 3.106364327609209976e-10 1.735492340805881593e-09 8.995306694331748795e-09 4.326168069851246092e-08 1.930924365668687924e-07 8.000048519534236584e-07 3.077436118533587883e-06 1.099443597966735979e-05 3.649054521183941183e-05 1.125558880034435326e-04 3.227889520286837113e-04 8.610810829151850036e-04 2.137929379620086019e-03 4.943790490471740469e-03 1.065594397491579498e-02 2.142906453216681176e-02 4.025220723259870237e-02 7.072081484455890188e-02 1.164110840157890625e-01 1.798865822684108662e-01 2.615824988495908388e-01 3.589932343991213415e-01 4.665965927996446605e-01 5.767143921971301657e-01 6.811147418951297716e-01 7.728125653289399377e-01 8.474279757972997817e-01 9.036763703274908188e-01 9.429592540638540576e-01 9.683752796927742601e-01 9.836095711583061618e-01 9.920691043596150394e-01 9.964210064455039095e-01 9.984950570769717260e-01 9.994107839274192218e-01 9.997853406739324322e-01 9.999272702811418112e-01 9.999770933641898285e-01 9.999932961181501323e-01 9.999981775366881820e-01 9.999995399236010218e-01 9.999998921729844614e-01 9.999999765440346078e-01 9.999999952649938351e-01 9.999999991131447441e-01 9.999999998459072614e-01 9.999999999751658653e-01 9.999999999962880803e-01 9.999999999994855227e-01 9.999999999999338307e-01 9.999999999999921174e-01 9.999999999999991118e-01 9.999999999999998890e-01 1.000000000000000000e+00 1.000000000000000000e+00 1.000000000000000000e+00 1.000000000000000000e+00 1.000000000000000000e+00 1.000000000000000000e+00 1.000000000000000000e+00 1.000000000000000000e+00 1.000000000000000000e+00 1.000000000000000000e+00 1.000000000000000000e+00 1.000000000000000000e+00 1.000000000000000000e+00 1.000000000000000000e+00 1.000000000000000000e+00 1.000000000000000000e+00 1.000000000000000000e+00
6.836027329408829293e-48 3.565349859854415026e-46 1.725507358656523271e-44 7.749145735245094671e-43 3.229383285840141637e-41 1.248880522403692620e-39 4.481928461602979465e-38 1.492654572571086386e-36 4.613305332942534764e-35 1.323220482869186298e-33 3.522318092322219591e-32 8.701840220528696019e-31 1.995217805848680591e-29 4.245975018436825036e-28 8.386572731881222870e-27 1.537533152907532964e-25 2.616442808516606486e-24 4.132946225771121073e-23 6.060188846022789779e-22 8.249125311211139971e-21 1.042422731254321206e-19 1.222966515947808837e-18 1.332116658550577658e-17 1.347259406153873240e-16 1.265225592582747620e-15 1.103370848736971474e-14 8.936010663522763476e-14 6.721551362759086609e-13 4.696103849823518466e-12 3.047831601981396596e-11 1.837709372812345004e-10 1.029551688331589017e-09 5.359990530582899598e-09 2.593526451883842326e-08 1.166548234857303698e-07 4.878477886813646721e-07 1.897279046634800623e-06 6.863604739998926451e-06 2.310320514547297861e-05 7.238266638005645421e-05 2.111568177708754803e-04 5.738210171655265621e-04 1.453361105358985878e-03 3.432893967691266323e-03 7.567433025247702512e-03 1.558144284677239963e-02 2.999701920831237753e-02 5.406138371832816536e-02 9.134154645753918278e-02 1.449388423386635261e-01 2.164494036618473949e-01 3.049936128015895975e-01 4.067386264262754514e-01 5.152385202127687247e-01 6.226149100378559620e-01 7.212318616293603712e-01 8.052856919634453492e-01 8.717711032299668705e-01 9.205753671524345982e-01 9.538222750717242349e-01 9.748409947472846948e-01 9.871726696664557821e-01 9.938869255608304698e-01 9.972795268035143934e-01 9.988703643823151346e-01 9.995626349254174148e-01 9.998421991799086861e-01 9.999469703765044848e-01 9.999834084364137565e-01 9.999951687846402315e-01 9.999986911560125868e-01 9.999996701916012976e-01 9.999999227189753093e-01 9.999999831643804349e-01 9.999999965908272781e-01 9.999999993584057778e-01 9.999999998877984186e-01 9.999999999817690277e-01 9.999999999972480902e-01 9.999999999996140865e-01 9.999999999999498179e-01 9.999999999999940048e-01 9.999999999999993339e-01 1.000000000000000000e+00 1.000000000000000000e+00 1.000000000000000000e+00 1.000000000000000000e+00 1.000000000000000000e+00 1.000000000000000000e+00 1.000000000000000000e+00 1.000000000000000000e+00 1.000000000000000000e+00 1.000000000000000000e+00 1.000000000000000000e+00 1.000000000000000000e+00 1.000000000000000000e+00 1.000000000000000000e+00 1.000000000000000000e+00 1.000000000000000000e+00 1.000000000000000000e+00
3.049697314203949905e-47 1.388163913886894102e-45 5.887375149955097514e-44 2.326511918339603682e-42 8.566382298293289005e-41 2.939033641356687091e-39 9.395790136502355893e-38 2.798922154291967599e-36 7.769349283861267384e-35 2.009661049163502096e-33 4.844108565183473099e-32 1.088095224529131118e-30 2.277674351692005879e-29 4.443226145810695764e-28 8.077897820192574557e-27 1.368684422809346634e-25 2.161354835660418335e-24 3.181121776906336071e-23 4.363959729303224230e-22 5.580116739527886485e-21 6.650971902088131528e-20 7.389665768182891245e-19 7.653894544606982048e-18 7.390605664214487310e-17 6.653364088091182575e-16 5.584602289461808768e-15 4.370804159859152658e-14 3.189919787612681125e-13 2.171109715764319513e-12 1.378177497885184669e-11 8.160028581278827512e-11 4.507000988430875511e-10 2.322440401954565975e-09 1.116657340662574947e-08 5.010465172964743113e-08 2.098414438394080345e-07 8.204293019261238024e-07 2.995160777645618730e-06 1.021252859039998992e-05 3.253124156651287054e-05 9.684114977413575112e-05 2.695069484851121515e-04 7.014789800355785776e-04 1.708473072226727703e-03 3.895837975974846164e-03 8.323143958502475168e-03 1.667307131259358755e-02 3.134717260132373340e-02 5.537678120531368264e-02 9.204323234904382423e-02 1.441769378606256868e-01 2.132480261560677492e-01 2.985192219723826756e-01 3.966119991219054786e-01 5.017598766213596795e-01 6.067849235522075890e-01 7.045343347410067958e-01 7.893086351963382041e-01 8.578168883867884897e-01 9.094050335260449591e-01 9.456030610693512140e-01 9.692702903927281621e-01 9.836893490432510045e-01 9.918749910038978657e-01 9.962050539790430204e-01 9.983393787901200245e-01 9.993196601951708224e-01 9.997391911459452274e-01 9.999064924010784283e-01 9.999686587309670749e-01 9.999901831236929217e-01 9.999971273677745742e-01 9.999992149140564113e-01 9.999997996542173695e-01 9.999999522715838918e-01 9.999999893872875134e-01 9.999999977978022425e-01 9.999999995736142955e-01 9.999999999229791658e-01 9.999999999870216039e-01 9.999999999979600762e-01 9.999999999997009059e-01 9.999999999999591438e-01 9.999999999999947820e-01 9.999999999999993339e-01 1.000000000000000000e+00 1.000000000000000000e+00 1.000000000000000000e+00 1.000000000000000000e+00 1.000000000000000000e+00 1.000000000000000000e+00 1.000000000000000000e+00 1.000000000000000000e+00 1.000000000000000000e+00 1.000000000000000000e+00 1.000000000000000000e+00 1.000000000000000000e+00 1.000000000000000000e+00 1.000000000000000000e+00 1.000000000000000000e+00
6.031985859904211914e-45 1.949468286045183178e-43 5.923907629010233793e-42 1.692550284196487901e-40 4.546961793882702225e-39 1.148558093614888787e-37 2.727987581461477211e-36 6.092502710543212224e-35 1.279438784624889012e-33 2.526507768707662150e-32 4.691442918004776157e-31 8.191900854610042450e-30 1.345128152381785662e-28 2.077074935295728765e-27 3.016196134539219075e-26 4.119039127580529962e-25 5.290197426945242323e-24 6.389971425567157170e-23 7.259208919610484463e-22 7.756328366155875877e-21 7.794957383436535145e-20 7.368468174834293082e-19 6.551836125387455076e-18 5.480105881765045408e-17 4.311954894382702529e-16 3.191829314487233080e-15 2.222838772422489633e-14 1.456477589290825620e-13 8.979540880927810959e-13 5.209408544811991138e-12 2.844061572771527528e-11 1.461306810185448619e-10 7.066996041712141897e-10 3.217085753199177673e-09 1.378709635230279117e-08 5.563124609457572444e-08 2.113781866681951637e-07 7.564211531579914904e-07 2.549788861184248157e-06 8.097786367802892356e-06 2.423514136058150883e-05 6.836763536177121569e-05 1.818466117002084644e-04 4.561959550377344482e-04 1.079822697898117148e-03 2.412664163025069267e-03 5.091004995636953627e-03 1.015143414657827467e-02 1.914109989299914855e-02 3.415643085262280720e-02 5.773741224427551139e-02 9.255709621591258485e-02 1.408990377208901856e-01 2.040034818400426053e-01 2.814554794746223498e-01 3.708358803675295134e-01 4.678174240211308565e-01 5.667576906444340423e-01 6.616638212046690448e-01 7.472596553877216552e-01 8.198448545583720826e-01 8.777184491853695647e-01 9.211044470217517599e-01 9.516856963648396839e-01 9.719530507249563023e-01 9.845822190836297505e-01 9.919814724773650116e-01 9.960574901128486092e-01 9.981686382909631394e-01 9.991967382490940519e-01 9.996674828361987730e-01 9.998701428452601014e-01 9.999521747555670803e-01 9.999833944687603893e-01 9.999945658156569328e-01 9.999983242926780980e-01 9.999995131976435747e-01 9.999998667961087495e-01 9.999999656743339127e-01 9.999999916709636505e-01 9.999999980972271718e-01 9.999999995907919992e-01 9.999999999171638176e-01 9.999999999842176246e-01 9.999999999971701525e-01 9.999999999995224931e-01 9.999999999999241718e-01 9.999999999999886757e-01 9.999999999999984457e-01 9.999999999999997780e-01 1.000000000000000000e+00 1.000000000000000000e+00 1.000000000000000000e+00 1.000000000000000000e+00 1.000000000000000000e+00 1.000000000000000000e+00 1.000000000000000000e+00 1.000000000000000000e+00 1.000000000000000000e+00 1.000000000000000000e+00
4.544997973361088676e-41 9.182960467983217977e-40 1.763910843646232637e-38 3.221214492802785201e-37 5.592631157325013062e-36 9.231470395953738081e-35 1.448733998538094311e-33 2.161596617887459384e-32 3.066438976196842559e-31 4.135932327365063769e-30 5.303932905454491327e-29 6.467174014683852620e-28 7.497730170858970543e-27 8.265155296980868564e-26 8.663349564174756675e-25 8.634603590267458752e-24 8.183316897614015974e-23 7.374896857469763978e-22 6.320216791891356847e-21 5.150719927606059013e-20 3.991857675669146366e-19 2.942153478324901475e-18 2.062299030406318556e-17 1.374826247727240586e-16 8.717033702854062559e-16 5.256908102091374398e-15 3.015435737363776506e-14 1.645305253591624196e-13 8.539645384684704953e-13 4.216499806894090713e-12 1.980647055723014706e-11 8.851785029253278038e-11 3.764018640847157061e-10 1.523003402477610932e-09 5.864246922601962192e-09 2.148935333948980081e-08 7.495065919656214919e-08 2.488365737447766479e-07 7.864845429133082437e-07 2.366789365946961453e-06 6.782427130072109196e-06 1.851129730274810021e-05 4.812750973556511989e-05 1.192183852206494426e-04 2.814403319594828401e-04 6.333385978404707049e-04 1.359004583952782641e-03 2.781558906953255066e-03 5.432583236359417658e-03 1.012905391041431409e-02 1.803844096495666599e-02 3.070117827583470488e-02 4.997314960301216247e-02 7.785609546679594928e-02 1.162060907778202506e-01 1.663486238959515362e-01 2.286735319831015856e-01 3.023165448918155862e-01 3.850375977914619052e-01 4.733690190128677089e-01 5.630352825858642163e-01 6.495634737567330674e-01 7.289416026995297893e-01 7.981659277356980553e-01 8.555552606542777827e-01 9.007843776457025164e-01 9.346703080589207069e-01 9.588046219589030361e-01 9.751450931808638423e-01 9.856624858768395780e-01 9.920977339167166287e-01 9.958408728842467195e-01 9.979106320682005205e-01 9.989986013141799459e-01 9.995422596580982866e-01 9.998005141101495852e-01 9.999171363983583305e-01 9.999672005570391375e-01 9.999876312703336323e-01 9.999955572139727078e-01 9.999984802142352081e-01 9.999995049613752407e-01 9.999998464797732467e-01 9.999999546781010995e-01 9.999999872644389498e-01 9.999999965939441182e-01 9.999999991330990046e-01 9.999999997900406168e-01 9.999999999516144822e-01 9.999999999893908198e-01 9.999999999977868814e-01 9.999999999995607958e-01 9.999999999999170663e-01 9.999999999999851230e-01 9.999999999999974465e-01 9.999999999999995559e-01 1.000000000000000000e+00 1.000000000000000000e+00 1.000000000000000000e+00 1.000000000000000000e+00
1.705409233122989385e-33 1.796869072581575754e-32 1.822057895059342151e-31 1.778154934309820523e-30 1.670100759326269674e-29 1.509682260476686321e-28 1.313416906738379685e-27 1.099761262055558240e-26 8.862940482548805716e-26 6.874576332052755375e-25 5.132253535563887595e-24 3.687822320540743444e-23 2.550571941258730861e-22 1.697919877904446511e-21 1.087966501631530882e-20 6.710264767566583393e-20 3.983796118605080201e-19 2.276647752023526903e-18 1.252403693254917187e-17 6.632108372513098789e-17 3.380860600201973110e-16 1.659134241262435631e-15 7.838362240045362087e-15 3.565088862582520690e-14 1.561094247216163629e-13 6.581350661327094041e-13 2.671421882366806935e-12 1.044063579395616793e-11 3.929027802047195733e-11 1.423753896726575076e-10 4.968163088245455879e-10 1.669509449477652388e-09 5.403023243019501003e-09 1.684086797292107732e-08 5.055903092268393397e-08 1.462072945980214483e-07 4.072935153841366761e-07 1.093073304625993666e-06 2.826396172434988093e-06 7.042084416765039413e-06 1.690832986313259536e-05 3.912760667302573323e-05 8.727831266475201302e-05 1.876867684063992787e-04 3.891672366873450664e-04 7.782041312051489641e-04 1.501047056246975538e-03 2.793433848103300809e-03 5.016931300230583098e-03 8.698021170822320056e-03 1.456226428596860654e-02 2.355192642193267710e-02 3.681275671321074250e-02 5.563598410524420168e-02 8.134666372189919281e-02 1.151398533283621017e-01 1.578804942657335841e-01 2.098979542381082530e-01 2.708170655297309493e-01 3.394692428551486785e-01 4.139169687108675832e-01 4.916033580515369317e-01 5.696105828640105617e-01 6.449845039733743679e-01 7.150660659984744427e-01 7.777682698470347322e-01 8.317514149345219820e-01 8.764743064590274635e-01 9.121274511239070293e-01 9.394777474498634540e-01 9.596671005688318656e-01 9.740080823077581496e-01 9.838104593152390276e-01 9.902577890670380967e-01 9.943383910890071231e-01 9.968236084607131620e-01 9.982800739638717502e-01 9.991014302738465691e-01 9.995471465058045624e-01 9.997798916541844605e-01 9.998968410618704894e-01 9.999533881807276536e-01 9.999796979996016244e-01 9.999914773137283941e-01 9.999965520883484782e-01 9.999986559053469781e-01 9.999994951593729198e-01 9.999998173203996643e-01 9.999999363202670688e-01 9.999999786176669847e-01 9.999999930845306917e-01 9.999999978458620209e-01 9.999999993537724841e-01 9.999999998133044521e-01 9.999999999480604362e-01 9.999999999860857969e-01 9.999999999964108710e-01 9.999999999991084909e-01 9.999999999997868372e-01 9.999999999999509281e-01
2.148334480798651202e-29 1.646202726766578508e-28 1.220683503130681933e-27 8.759207696421557836e-27 6.082363761616990546e-26 4.087236675370266631e-25 2.657915864752886717e-24 1.672673386445578381e-23 1.018695051634875092e-22 6.004063533596982909e-22 3.424676526322865352e-21 1.890481673080869868e-20 1.009973000345590585e-19 5.222007567354799936e-19 2.613136392885260271e-18 1.265581996477727080e-17 5.932384698050359424e-17 2.691452646712358672e-16 1.181872634742503112e-15 5.023306620792029552e-15 2.066583238084519618e-14 8.229435338845968517e-14 3.172133458382022396e-13 1.183608837523783036e-12 4.275157294744245231e-12 1.494843721466103325e-11 5.060026928260030310e-11 1.658203187505680926e-10 5.260974144679467139e-10 1.616050423280723242e-09 4.806424102004904340e-09 1.384163135270516672e-08 3.859860736453838100e-08 1.042312825619908287e-07 2.725784329868595045e-07 6.903652194601504651e-07 1.693517835870260888e-06 4.023984031242750454e-06 9.262185488882502347e-06 2.065379997996589747e-05 4.462292340344065322e-05 9.341877563509000209e-05 1.895307804225370427e-04 3.726932218613928142e-04 7.104152213780836646e-04 1.312900581697174895e-03 2.352815809165651004e-03 4.089471561100165367e-03 6.895512279642601085e-03 1.128221989465987875e-02 1.791732727998799485e-02 2.762738529785754849e-02 4.137604441587838106e-02 6.021095485902328015e-02 8.517595148089805723e-02 1.171917425560812798e-01 1.569165470816092922e-01 2.046061970316535861e-01 2.599987470543040358e-01 3.222493353669295124e-01 3.899355855414460281e-01 4.611425305121876761e-01 5.336210248277927226e-01 6.049984512154820138e-01 6.730091939810620705e-01 7.357079689708858616e-01 7.916329038841701804e-01 8.398961799370902037e-01 8.801950591954349479e-01 9.127512791990562979e-01 9.381984666640335035e-01 9.574431327375969580e-01 9.715245286723611651e-01 9.814933942315751114e-01 9.883216600948259156e-01 9.928468802265514315e-01 9.957484535549543381e-01 9.975485338790270884e-01 9.986290087033697915e-01 9.992564914465811299e-01 9.996090678300039167e-01 9.998007443318517318e-01 9.999015647924756056e-01 9.999528736736442713e-01 9.999781375735086186e-01 9.999901732949583177e-01 9.999957209271765901e-01 9.999981949681928661e-01 9.999992624727274126e-01 9.999997081249294428e-01 9.999998881304283938e-01 9.999999584763239469e-01 9.999999850746874586e-01 9.999999948051639942e-01 9.999999982492677741e-01 9.999999994287220861e-01 9.999999998195168160e-01 9.999999999447959365e-01 9.999999999836531872e-01 9.999999999953139707e-01
7.204226924355399986e-29 5.040664112880205241e-28 3.420808253298056447e-27 2.251716227068555060e-26 1.437626441708711143e-25 8.902861076881740470e-25 5.347713741069951519e-24 3.115772701854380769e-23 1.760867582145855288e-22 9.652846734293609562e-22 5.132826737700312143e-21 2.647495467055844836e-20 1.324635777873101711e-19 6.429036070810245627e-19 3.026837892544778584e-18 1.382396091623713317e-17 6.124664913301814607e-17 2.632361372585497624e-16 1.097562523748154233e-15 4.439573927812299935e-15 1.742166766558343065e-14 6.632591083314014529e-14 2.449802028632902812e-13 8.778955060489695205e-13 3.052313768255954970e-12 1.029677413522526818e-11 3.370317139227378983e-11 1.070411255201332721e-10 3.298788967240897503e-10 9.864998309958672684e-10 2.862818719241730491e-09 8.062355861667835610e-09 2.203533230945758624e-08 5.845026180325548976e-08 1.504817443180023552e-07 3.760405842299679879e-07 9.121455930565986621e-07 2.147827084995323846e-06 4.909867103135714992e-06 1.089701821696258183e-05 2.348271832167954609e-05 4.913946106275589792e-05 9.986103404006152560e-05 1.971023953255500439e-04 3.778932822900219466e-04 7.038570232467197688e-04 1.273797320116362361e-03 2.240197062645564278e-03 3.829298687619635353e-03 6.363341886759021036e-03 1.028205871075768552e-02 1.615886422627366495e-02 2.470571985272787888e-02 3.675993860375105504e-02 5.324685577723906049e-02 7.511478017420927800e-02 1.032430759986524005e-01 1.383301420110289448e-01 1.807743550940444921e-01 2.305661448925983015e-01 2.872115679829474466e-01 3.497057750237667628e-01 4.165682669923028159e-01 4.859417057743460333e-01 5.557443311678771369e-01 6.238554734582311134e-01 6.883068859014415120e-01 7.474514149355844239e-01 8.000851961109700650e-01 8.455088854610814941e-01 8.835250296268746251e-01 9.143797442766534722e-01 9.386650060088822523e-01 9.572016796171940456e-01 9.709227676200371526e-01 9.807722406933405690e-01 9.876287822216707202e-01 9.922575442381722510e-01 9.952878899812529490e-01 9.972118101784315236e-01 9.983963493371225129e-01 9.991036095649843407e-01 9.995131308163545114e-01 9.997430848261857905e-01 9.998683045690101023e-01 9.999344305065950289e-01 9.999682944888477198e-01 9.999851123705929545e-01 9.999932121197905310e-01 9.999969951410792035e-01 9.999987085966939304e-01 9.999994612131555272e-01 9.999997817967289926e-01 9.999999142233906291e-01 9.999999672722588162e-01 9.999999878806101750e-01 9.999999956444527438e-01 9.999999984809111453e-01 9.999999994858561614e-01 9.999999998311384086e-01
1.124022336020019520e-30 8.684282859897887090e-30 6.500580044583207555e-29 4.714467166939390391e-28 3.312675159736761452e-27 2.255248233555344974e-26 1.487588524330358338e-25 9.507101680702896418e-25 5.887004726696366372e-24 3.532041809708895238e-23 2.053274387699726763e-22 1.156545109461121744e-21 6.312153829351752607e-21 3.338083742220610909e-20 1.710515705153228970e-19 8.493230770905205345e-19 4.086400850596835410e-18 1.905187422046970861e-17 8.607361394318073429e-17 3.768298222549474439e-16 1.598715300620018966e-15 6.572882283622566037e-15 2.618835185074197901e-14 1.011200694881772651e-13 3.784019136371169956e-13 1.372355444492569301e-12 4.823790936340897539e-12 1.643353384991718294e-11 5.426339382516894403e-11 1.736721783816776105e-10 5.387852285914579384e-10 1.620239319595399959e-09 4.723216550202399399e-09 1.334781675035754068e-08 3.656926748766889336e-08 9.713539755281586783e-08 2.501597344151416464e-07 6.246853217324781317e-07 1.512644265888379256e-06 3.552008407068825390e-06 8.089201515090148952e-06 1.786766076637094392e-05 3.828242479601094554e-05 7.956902753686243533e-05 1.604534450246037735e-04 3.139545765786381560e-04 5.961496182113209218e-04 1.098698514429139643e-03 1.965657359186460517e-03 3.414462290881028952e-03 5.759839411976551068e-03 9.437798069449233537e-03 1.502497525197974380e-02 2.324682498902256797e-02 3.496710969798210583e-02 5.115157531350632975e-02 7.280119046506176861e-02 1.008551163061545963e-01 1.360702049904954913e-01 1.788910893794639356e-01 2.293309881192264477e-01 2.868861826088672240e-01 3.505051487818476863e-01 4.186260621798267856e-01 4.892848364299512420e-01 5.602824125150247525e-01 6.293879311606886962e-01 6.945468279982691673e-01 7.540618353364292314e-01 8.067206435414790988e-01 8.518550059159006871e-01 8.893294613456610431e-01 9.194702811926063202e-01 9.429539787257354977e-01 9.606782974923040452e-01 9.736370814747520308e-01 9.828151339548290011e-01 9.891120567818781906e-01 9.932970784323540414e-01 9.959914563119496300e-01 9.976718487006597247e-01 9.986870548948729720e-01 9.992811953245509526e-01 9.996180287528184660e-01 9.998030120144941746e-01 9.999014223651814248e-01 9.999521378000548744e-01 9.999774558633289789e-01 9.999896995352082207e-01 9.999954351988695755e-01 9.999980380323127971e-01 9.999991822264014951e-01 9.999996694670914010e-01 9.999998704586570142e-01 9.999999507747274752e-01 9.999999818644831340e-01 9.999999935224360703e-01 9.999999977570839249e-01 9.999999992471387822e-01 9.999999997550372832e-01
3.225227733285637046e-32 2.817063809436457364e-31 2.378828623766793891e-30 1.942062053705509235e-29 1.532851147992480583e-28 1.169707894957700055e-27 8.629769858074771067e-27 6.155585194324466648e-26 4.245139849533777317e-25 2.830554856823793389e-24 1.824789150740246656e-23 1.137418290658301780e-22 6.854870439953631420e-22 3.994433710251072148e-21 2.250576633801201484e-20 1.226086264494124132e-19 6.458672144883662908e-19 3.289782354939499398e-18 1.620316783138650394e-17 7.717010271795476008e-17 3.554042528207364869e-16 1.582811018975747330e-15 6.816751476660457456e-15 2.839078768120758474e-14 1.143508184273190398e-13 4.454243216414319479e-13 1.678004434500563992e-12 6.113773438702481983e-12 2.154448244976674325e-11 7.343239417489768352e-11 2.420915835985196415e-10 7.720203326885796746e-10 2.381512087963511507e-09 7.106753248988097024e-09 2.051658371395988614e-08 5.730294394598424807e-08 1.548501213701956197e-07 4.048887338262513952e-07 1.024421189511572731e-06 2.508256755652205757e-06 5.943617417553681841e-06 1.363180305670736033e-05 3.026364903679517232e-05 6.504306004547082717e-05 1.353453169093766291e-04 2.727120859410021858e-04 5.321656040987142195e-04 1.005865180818556626e-03 1.841876320932560795e-03 3.268097386316306391e-03 5.620043771844176160e-03 9.369202664404718828e-03 1.514625363692469022e-02 2.375112805985852421e-02 3.614048925714105631e-02 5.338374954882271067e-02 7.658204055903633511e-02 1.067508922941323435e-01 1.446760841921671537e-01 1.907614504542687883e-01 2.448947597884386929e-01 3.063604004448181595e-01 3.738235428232526969e-01 4.453994814967585647e-01 5.188058734885354628e-01 5.915783322871713823e-01 6.613158624225086157e-01 7.259158466640374119e-01 7.837606818353074489e-01 8.338290081320757219e-01 8.757206950847701288e-01 9.096019033279975075e-01 9.360903300046660158e-01 9.561082816916135485e-01 9.707317123357623867e-01 9.810580189890449887e-01 9.881066833674152505e-01 9.927575582770962193e-01 9.957239495822048925e-01 9.975528417962875594e-01 9.986428094400825461e-01 9.992707302147327830e-01 9.996204029511923661e-01 9.998086309764115942e-01 9.999065737294381417e-01 9.999558372841792497e-01 9.999797894345104909e-01 9.999910465856265418e-01 9.999961607844201072e-01 9.999984066912188663e-01 9.999993600815828554e-01 9.999997512957512491e-01 9.999999064712186136e-01 9.999999659683591613e-01 9.999999880196261959e-01 9.999999959197751753e-01 9.999999986556813436e-01 9.999999995715455059e-01 9.999999998679092172e-01 9.999999999606097312e-01
3.630526727896771038e-37 4.392598476941073533e-36 5.113820242877944316e-35 5.728550247427909488e-34 6.174797206378590998e-33 6.404465950994493431e-32 6.391887323806359138e-31 6.138541088550481442e-30 5.672770110338944509e-29 5.044561971400988996e-28 4.316726373271897382e-27 3.554619491370721317e-26 2.816723794546782264e-25 2.147895922304478612e-24 1.576179227275952714e-23 1.113082206083125046e-22 7.564572130353673647e-22 4.947474411175350549e-21 3.114094332518010147e-20 1.886411202710680544e-19 1.099778414188449338e-18 6.170872181541707811e-18 3.332493307821814241e-17 1.732139272965879421e-16 8.665570333533566599e-16 4.172756308148886866e-15 1.934068554258128455e-14 8.628909633666132544e-14 3.705854079130957585e-13 1.532085935894254281e-12 6.097551646018586394e-12 2.336262768881242308e-11 8.617857104158964819e-11 3.060604787759835664e-10 1.046564734916243881e-09 3.445863343766104442e-09 1.092514602851942937e-08 3.335645992334623682e-08 9.808097522374897276e-08 2.777620904858569652e-07 7.576676642155044294e-07 1.990855058769628212e-06 5.039609656772046262e-06 1.229124817586590325e-05 2.888598179163346776e-05 6.542232245709144909e-05 1.428151285059564124e-04 3.005388705679511575e-04 6.097923746706407095e-04 1.193174879402089314e-03 2.251973864487253046e-03 4.100795854288919080e-03 7.206773031638192585e-03 1.222699719799847165e-02 2.003373775381865618e-02 3.171361454314592515e-02 4.852597677009265476e-02 7.180910089309677780e-02 1.028315352550144973e-01 1.425994355517821721e-01 1.916463472095250586e-01 2.498450002493731170e-01 3.162860519699153272e-01 3.892624442403954665e-01 4.663795329464307526e-01 5.447840744763966514e-01 6.214768003470916291e-01 6.936522477305351320e-01 7.590024804253501234e-01 8.159306361586325940e-01 8.636428297554741285e-01 9.021156399337636467e-01 9.319626372555041005e-01 9.542402957128777174e-01 9.702381056553548433e-01 9.812909372285478771e-01 9.886379115498599157e-01 9.933364778284468066e-01 9.962274503653141267e-01 9.979388216766180708e-01 9.989135107408475545e-01 9.994475945206020562e-01 9.997291565000234748e-01 9.998719668969918706e-01 9.999416562930283359e-01 9.999743748761085183e-01 9.999891538075754704e-01 9.999955764269342628e-01 9.999982617823114373e-01 9.999993420008196354e-01 9.999997600636369999e-01 9.999999157287775553e-01 9.999999714936735895e-01 9.999999907135208588e-01 9.999999970867312626e-01 9.999999991199575167e-01 9.999999997440255362e-01 9.999999999283135654e-01 9.999999999806712392e-01 9.999999999949825691e-01
4.605722788869149274e-43 8.727213214399636065e-42 1.579265081023506249e-40 2.729226113284832801e-39 4.504354745976458118e-38 7.099666606591538627e-37 1.068709138056082336e-35 1.536389688310220684e-34 2.109443217017382023e-33 2.766071573391855766e-32 3.464119514337059688e-31 4.143441530590299606e-30 4.733405852456827071e-29 5.164592158678356282e-28 5.382127364858997689e-27 5.357149793584427122e-26 5.093098554787527780e-25 4.624937019009874605e-24 4.011551963819099278e-23 3.323607551004737192e-22 2.630305055483591294e-21 1.988430688196553963e-20 1.435926519238898277e-19 9.905616146508463520e-19 6.527833609961921447e-18 4.109665677180518798e-17 2.471758845705664643e-16 1.420303420502729420e-15 7.797328440595568208e-15 4.089926347722569735e-14 2.049776933524000255e-13 9.816054719850459256e-13 4.491856147941141807e-12 1.964237753375656097e-11 8.208508224113835021e-11 3.278392822996967525e-10 1.251443125293325830e-09 4.566083895222240782e-09 1.592543601574895176e-08 5.309927441129098161e-08 1.692677745833325638e-07 5.159302696287663322e-07 1.503785246499735206e-06 4.191899527951129194e-06 1.117697010248362707e-05 2.850953047974613658e-05 6.957944544136267489e-05 1.625091028233181638e-04 3.633048899754718480e-04 7.776143499245795863e-04 1.593943573735389502e-03 3.129890873102673249e-03 5.889566138501804368e-03 1.062446326787245578e-02 1.838218512579638947e-02 3.051968181972371935e-02 4.865375927059831934e-02 7.452595998077463091e-02 1.097746488383554014e-01 1.556336258805210149e-01 2.126077493744262525e-01 2.802009348464353788e-01 3.567782627898898884e-01 4.396238880367796531e-01 5.252115292697460136e-01 6.096469462674467543e-01 6.891914836093868679e-01 7.607511255751939760e-01 8.222260510730559080e-01 8.726573160790618289e-01 9.121642786576392714e-01 9.417184822560524804e-01 9.628308342522904351e-01 9.772329266567985062e-01 9.866147240575833255e-01 9.924507583860864290e-01 9.959174945325115491e-01 9.978839980155866929e-01 9.989492183131585268e-01 9.995002222667479508e-01 9.997723923190879880e-01 9.999007719300556651e-01 9.999585977251073121e-01 9.999834700703136292e-01 9.999936860763611879e-01 9.999976930319284252e-01 9.999991938103582889e-01 9.999997305787975410e-01 9.999999139053479258e-01 9.999999736957412289e-01 9.999999923168156890e-01 9.999999978547140511e-01 9.999999994274352266e-01 9.999999998539407242e-01 9.999999999643900406e-01 9.999999999917028592e-01 9.999999999981525889e-01 9.999999999996069810e-01 9.999999999999200639e-01 9.999999999999844569e-01
1.429989168081477904e-48 4.208778507379393002e-47 1.173890350284779283e-45 3.102777925945393505e-44 7.771937262185851981e-43 1.844876207570859429e-41 4.150196306329382537e-40 8.847851797506478686e-39 1.787637181806939289e-37 3.422930233695787606e-36 6.211534336212719317e-35 1.068285242392123503e-33 1.741280274512343961e-32 2.689980789713167640e-31 3.938537632698384802e-30 5.465536348635065237e-29 7.188687111690389184e-28 8.961750560615860177e-27 1.058937993425177563e-25 1.186017377500648546e-24 1.259109196470207808e-23 1.267059857403747339e-22 1.208655337401066956e-21 1.092924944768691742e-20 9.368550577852861386e-20 7.613094059093502038e-19 5.865028739079616890e-18 4.283647221901937856e-17 2.966247651751634144e-16 1.947457771450272164e-15 1.212310167324882090e-14 7.155897660200295065e-14 4.005349760014818201e-13 2.126012646785179978e-12 1.070201339629557977e-11 5.109364203087020953e-11 2.313662494830066290e-10 9.937974389626487084e-10 4.049455863691948567e-09 1.565439520996609966e-08 5.741968751840247764e-08 1.998568779326213828e-07 6.601845856949190999e-07 2.069951387565633387e-06 6.161280963553477021e-06 1.741300910164063205e-05 4.673625930828882496e-05 1.191537714466888267e-04 2.886321099184545845e-04 6.644905910388150061e-04 1.454394936532637595e-03 3.027526514206332897e-03 5.996431985226943415e-03 1.130611772265468704e-02 2.030487864305947562e-02 3.475722472608205188e-02 5.675283420896103104e-02 8.847595410435675489e-02 1.318328554068505520e-01 1.879871798464946009e-01 2.569080818163492763e-01 3.370687980493458635e-01 4.254205574663190714e-01 5.177014631346911200e-01 6.090394743476550410e-01 6.947105668747577401e-01 7.708588426981028974e-01 8.349988183946782661e-01 8.861953285245924850e-01 9.249206156617115759e-01 9.526788283642868560e-01 9.715340103160553520e-01 9.836710316091032968e-01 9.910745031367034219e-01 9.953540751743044090e-01 9.976983396198041421e-01 9.989152367193128157e-01 9.995138436561645801e-01 9.997928858515614525e-01 9.999161503023330511e-01 9.999677497672373461e-01 9.999882185242957577e-01 9.999959129493294352e-01 9.999986538846316053e-01 9.999995791339324480e-01 9.999998751092885607e-01 9.999999648291421073e-01 9.999999906016789897e-01 9.999999976172135874e-01 9.999999994268806702e-01 9.999999998692349346e-01 9.999999999716997490e-01 9.999999999941908690e-01 9.999999999988691268e-01 9.999999999997912781e-01 9.999999999999634737e-01 9.999999999999940048e-01 9.999999999999991118e-01 9.999999999999997780e-01 1.000000000000000000e+00
9.537658733119158649e-55 4.720750180562490619e-53 2.193264521015046082e-51 9.565012945519341654e-50 3.915602998107247817e-48 1.504646480753350730e-46 5.427469998605702965e-45 1.837774248621964632e-43 5.841488788361728959e-42 1.742997386934581948e-40 4.882217899701041164e-39 1.283779839873566053e-37 3.169005391108582272e-36 7.343800245424569703e-35 1.597684348374072732e-33 3.263176480173152061e-32 6.257159877676647458e-31 1.126442902986582866e-29 1.903903843581581402e-28 3.021300727134656172e-27 4.501589134865838353e-26 6.297544064829709712e-25 8.272204826015768029e-24 1.020300475325863486e-22 1.181692729781343583e-21 1.285181857758190204e-20 1.312571890583729369e-19 1.258914435195093342e-18 1.133969381527636116e-17 9.593062458440403824e-17 7.622272259133446049e-16 5.688595568342608159e-15 3.987890424533662316e-14 2.626184716160824942e-13 1.624725584733281550e-12 9.443631660241833248e-12 5.157473769158286283e-11 2.646745709510050690e-10 1.276458956332405938e-09 5.785857779854126027e-09 2.465170441088466096e-08 9.874212541210870189e-08 3.718769233214860353e-07 1.317073789361808384e-06 4.387500970317744768e-06 1.375034096278654084e-05 4.055125527232377196e-05 1.125667125811411401e-04 2.942172926882249398e-04 7.243313252459977107e-04 1.680351253379372021e-03 3.675096755597755463e-03 7.582119269079452308e-03 1.476573024182092908e-02 2.716450349089585478e-02 4.725331047540795582e-02 7.780741290222156770e-02 1.214313897277807253e-01 1.798998483239439838e-01 2.534627704651882807e-01 3.403462988304206682e-01 4.366753383329342597e-01 5.369331935622730922e-01 6.348869342931516835e-01 7.247259648107030605e-01 8.020742023038573976e-01 8.645881583670760318e-01 9.120172211736108370e-01 9.457966924042497947e-01 9.683807297179594098e-01 9.825546629000473375e-01 9.909052847439545619e-01 9.955236301491239281e-01 9.979213179107215836e-01 9.990898398662875213e-01 9.996244270233289875e-01 9.998540085118921006e-01 9.999465616555414105e-01 9.999815868578249001e-01 9.999940292665361330e-01 9.999981784412652619e-01 9.999994772688634015e-01 9.999998589255234549e-01 9.999999642003962741e-01 9.999999914591561900e-01 9.999999980846137060e-01 9.999999995962696175e-01 9.999999999200243073e-01 9.999999999851127974e-01 9.999999999973960829e-01 9.999999999995721200e-01 9.999999999999339417e-01 9.999999999999904521e-01 9.999999999999986677e-01 9.999999999999997780e-01 1.000000000000000000e+00 1.000000000000000000e+00 1.000000000000000000e+00 1.000000000000000000e+00 1.000000000000000000e+00
9.665606469263015328e-65 1.063556132590146810e-62 1.083147724656238294e-60 1.020974564225193120e-58 8.907304472321734452e-57 7.192605206238855418e-55 5.375753365332615204e-53 3.718865915018240522e-51 2.381249639418755407e-49 1.411328114235137717e-47 7.742575681299541870e-46 3.931727385885412793e-44 1.848111778232777794e-42 8.041309554490358802e-41 3.238815872513879826e-39 1.207575630819588053e-37 4.167918140459509346e-36 1.331709390549930865e-34 3.939076712494776371e-33 1.078658540390703279e-31 2.734567578716427518e-30 6.418296227684272450e-29 1.394727569729953437e-27 2.806147811954941517e-26 5.227538102018896287e-25 9.017048992391726687e-24 1.440218721937889145e-22 2.130133544105172770e-21 2.917551832731934040e-20 3.700703849879714223e-19 4.347369195300751975e-18 4.730092240826880084e-17 4.766946788331964334e-16 4.450080411477637301e-15 3.848437056512363828e-14 3.083367157597244666e-13 2.288913835208194313e-12 1.574491052358635369e-11 1.003703598002877352e-10 5.930328587443924493e-10 3.248028258771276248e-09 1.649284883189774768e-08 7.765723908516122049e-08 3.391283096923624549e-07 1.373849035436500195e-06 5.164372308809110411e-06 1.801882612139660831e-05 5.837299137359138308e-05 1.756479082302604699e-04 4.911524207406976154e-04 1.276914818822641939e-03 3.088520110225878752e-03 6.955072752615486936e-03 1.459472356302650431e-02 2.856848853423673423e-02 5.223012065081661381e-02 8.932108887292976307e-02 1.431461585175062279e-01 2.154555341245404931e-01 3.053843136355371968e-01 4.089217081269388432e-01 5.192763096523530519e-01 6.281639164145037535e-01 7.276268412502235883e-01 8.117350946277106516e-01 8.775782043771802599e-01 9.252955166423528777e-01 9.573091518381806608e-01 9.771923720283797188e-01 9.886245867488718808e-01 9.947096490662328261e-01 9.977080496958049549e-01 9.990757883235472647e-01 9.996533576512559582e-01 9.998791406893519085e-01 9.999608484302517919e-01 9.999882211662023401e-01 9.999967101292571714e-01 9.999991472145606242e-01 9.999997949006971254e-01 9.999999542441779798e-01 9.999999905334113759e-01 9.999999981839667873e-01 9.999999996770281285e-01 9.999999999467583667e-01 9.999999999918656179e-01 9.999999999988482546e-01 9.999999999998488986e-01 9.999999999999815703e-01 9.999999999999980016e-01 9.999999999999997780e-01 1.000000000000000000e+00 1.000000000000000000e+00 1.000000000000000000e+00 1.000000000000000000e+00 1.000000000000000000e+00 1.000000000000000000e+00 1.000000000000000000e+00 1.000000000000000000e+00 1.000000000000000000e+00
6.136009709366136952e-76 1.698253485243353757e-73 4.278154426731205985e-71 9.809617424639442969e-69 2.047357937516747571e-66 3.889432438737086111e-64 6.725651226443687696e-62 1.058627767218497197e-59 1.516765738338370591e-57 1.978179967781135556e-55 2.348503726567351944e-53 2.538056784743625237e-51 2.496910017568761686e-49 2.236161642397384238e-47 1.823097775892142239e-45 1.353104713502788909e-43 9.142738031298053364e-42 5.624111135038327635e-40 3.149736460978576611e-38 1.606008702119676103e-36 7.455663927202943401e-35 3.151386947988093743e-33 1.212850446869131497e-31 4.250274849458531458e-30 1.356270292179296869e-28 3.941045037852942079e-27 1.042870183474393544e-25 2.513171290153562920e-24 5.515791732802198856e-23 1.102580633797578653e-21 2.007494980263989794e-20 3.329410856940285441e-19 5.030127156309694383e-18 6.923440822042707436e-17 8.682256571297202304e-16 9.920894809359314085e-15 1.033049254134027110e-13 9.803756853827894627e-13 8.480481009057180998e-12 6.687544588328385982e-11 4.808401121794396995e-10 3.152833719504518178e-09 1.885632292589996690e-08 1.028892968067392631e-07 5.123386883657147327e-07 2.328906473676086377e-06 9.667412796344953545e-06 3.666171239132906019e-05 1.270783271360813858e-04 4.028435412653779009e-04 1.168702595543483864e-03 3.105477753005155776e-03 7.565460490425581636e-03 1.691764708843876072e-02 3.477517408752742178e-02 6.582502601614401150e-02 1.149870163179690097e-01 1.858684441839149049e-01 2.789298556244578231e-01 3.901905615702478958e-01 5.113199506791058502e-01 6.314061335424798749e-01 7.398168775458656699e-01 8.289393180320343557e-01 8.956563448157415230e-01 9.411363276088957619e-01 9.693680089790689403e-01 9.853262352393690193e-01 9.935403776356840355e-01 9.973904387526115745e-01 9.990336697138217925e-01 9.996723047533491169e-01 9.998983145952188289e-01 9.999711461427979176e-01 9.999925172092944958e-01 9.999982273132603794e-01 9.999996165283837612e-01 9.999999242790380549e-01 9.999999863557389457e-01 9.999999977570410703e-01 9.999999996636969035e-01 9.999999999540176709e-01 9.999999999942676965e-01 9.999999999993485211e-01 9.999999999999324984e-01 9.999999999999935607e-01 9.999999999999994449e-01 1.000000000000000000e+00 1.000000000000000000e+00 1.000000000000000000e+00 1.000000000000000000e+00 1.000000000000000000e+00 1.000000000000000000e+00 1.000000000000000000e+00 1.000000000000000000e+00 1.000000000000000000e+00 1.000000000000000000e+00 1.000000000000000000e+00 1.000000000000000000e+00 1.000000000000000000e+00
3.165232710576837329e-90 2.751765784169354892e-87 2.133803727342382737e-84 1.475839055431435909e-81 9.104783590360078245e-79 5.010155121236051170e-76 2.459170909636138006e-73 1.076682388748952843e-70 4.204879217177612026e-68 1.464847619743693530e-65 4.552088760080448386e-63 1.261871289823253075e-60 3.120416673944447044e-58 6.883524825135608989e-56 1.354621575244028424e-53 2.378167701722699899e-51 3.724718745979329934e-49 5.204521019257773834e-47 6.488058403928358277e-45 7.216167408679193069e-43 7.160911146391589750e-41 6.340341663898791376e-39 5.009029146582025414e-37 3.531066362671106795e-35 2.221190019495358759e-33 1.246839241937358580e-31 6.245956976623421266e-30 2.792362370555942348e-28 1.114169143305293670e-26 3.967905918297190837e-25 1.261331100242757730e-23 3.579179812433007366e-22 9.066855317079062380e-21 2.050614305926460150e-19 4.140993345059398826e-18 7.467268106124733962e-17 1.202552231936649558e-15 1.729757195713406636e-14 2.222623515768383595e-13 2.551610830705964911e-12 2.617627782314495011e-11 2.400125376234364547e-10 1.967399870072318425e-09 1.442111686427791550e-08 9.455516973871951531e-08 5.547607032066478041e-07 2.913666976405553664e-06 1.370564073632276537e-05 5.777424841968748951e-05 2.183953449737886289e-04 7.409441038507480959e-04 2.258371016081460719e-03 6.191613960380152465e-03 1.529201670244899336e-02 3.408698591593035954e-02 6.873653396933314397e-02 1.257571243694514673e-01 2.095190556036371499e-01 3.193550177744994278e-01 4.479212173325036739e-01 5.822577947604556936e-01 7.075566828004360431e-01 8.118809253327023967e-01 8.894176327579781383e-01 9.408589354227847590e-01 9.713236312559168084e-01 9.874285757373085781e-01 9.950282636367014932e-01 9.982293877700840756e-01 9.994329680807712002e-01 9.998369003051912340e-01 9.999579036540942045e-01 9.999902582435213905e-01 9.999979800293341548e-01 9.999996249173108698e-01 9.999999376581781840e-01 9.999999907289481849e-01 9.999999987668188872e-01 9.999999998533288803e-01 9.999999999844054743e-01 9.999999999985180743e-01 9.999999999998741007e-01 9.999999999999904521e-01 9.999999999999993339e-01 1.000000000000000000e+00 1.000000000000000000e+00 1.000000000000000000e+00 1.000000000000000000e+00 1.000000000000000000e+00 1.000000000000000000e+00 1.000000000000000000e+00 1.000000000000000000e+00 1.000000000000000000e+00 1.000000000000000000e+00 1.000000000000000000e+00 1.000000000000000000e+00 1.000000000000000000e+00 1.000000000000000000e+00 1.000000000000000000e+00 1.000000000000000000e+00
3.425532249052245815e-108 1.315389749047990983e-104 4.384861580950424666e-101 1.268927804714598785e-97 3.187882604269779327e-94 6.952758714829118905e-91 1.316457247733567560e-87 2.163997513685344718e-84 3.088254672466766698e-81 3.826327282461879499e-78 4.115953514903785292e-75 3.844016446947747597e-72 3.116979689193399649e-69 2.194444870695158844e-66 1.341423380960580243e-63 7.119781317789492384e-61 3.281230424194565663e-58 1.313065755391283256e-55 4.562753456640889124e-53 1.376798009270932073e-50 3.607687860210367598e-48 8.209504629230799165e-46 1.622366855449830573e-43 2.784462186305952111e-41 4.150601832799867801e-39 5.373745764669160613e-37 6.043101392472238505e-35 5.903120050267895354e-33 5.009179581096322192e-31 3.692677757537345557e-29 2.365022050526885383e-27 1.316073142157867222e-25 6.363723448741691643e-24 2.674041754994529969e-22 9.765493438024515270e-21 3.099829525458787920e-19 8.553685556440413492e-18 2.052114201220856927e-16 4.281059458893867413e-15 7.767483501174409959e-14 1.225963127068645976e-12 1.683619372695642685e-11 2.012317975367659873e-10 2.093970903413571145e-09 1.897682230447101351e-08 1.498441764434987532e-07 1.031425935227960855e-06 6.192670376487644621e-06 3.245426384813837682e-05 1.485927424410652135e-04 5.950012346174614764e-04 2.086428273403091380e-03 6.417504941272257277e-03 1.735011939683379911e-02 4.133819342530769408e-02 8.709098518755513385e-02 1.629482370258623081e-01 2.722781461520563662e-01 4.092549287276179837e-01 5.584393017035601536e-01 6.996829675904177037e-01 8.159303926462598833e-01 8.990999559310661748e-01 9.508259456488268313e-01 9.787907454228466086e-01 9.919329131635954422e-01 9.973015901210210421e-01 9.992079455934412824e-01 9.997963380231591479e-01 9.999541885442727596e-01 9.999909954173020754e-01 9.999984548039573262e-01 9.999997686823378640e-01 9.999999698096018186e-01 9.999999965664996271e-01 9.999999996598878393e-01 9.999999999706666864e-01 9.999999999977979837e-01 9.999999999998561151e-01 9.999999999999917843e-01 9.999999999999995559e-01 1.000000000000000000e+00 1.000000000000000000e+00 1.000000000000000000e+00 1.000000000000000000e+00 1.000000000000000000e+00 1.000000000000000000e+00 1.000000000000000000e+00 1.000000000000000000e+00 1.000000000000000000e+00 1.000000000000000000e+00 1.000000000000000000e+00 1.000000000000000000e+00 1.000000000000000000e+00 1.000000000000000000e+00 1.000000000000000000e+00 1.000000000000000000e+00 1.000000000000000000e+00 1.000000000000000000e+00 1.000000000000000000e+00
2.977782895708476647e-134 1.030492477547775071e-129 2.971797580545832548e-125 7.142019635440939864e-121 1.430392900506315605e-116 2.387412702072996463e-112 3.320803387680289085e-108 3.849535449380406362e-104 3.719026901913267269e-100 2.994421095934524540e-96 2.009398699924534440e-92 1.123819664279308198e-88 5.238566541014793342e-85 2.035270866959399657e-81 6.590753035951153540e-78 1.778937588601571820e-74 4.002300535789058331e-71 7.505734524966036631e-68 1.173338284081514531e-64 1.529018504874397988e-61 1.661022854092700897e-58 1.504273619616552589e-55 1.135749728237067209e-52 7.149251246138207172e-50 3.752145134904778700e-47 1.641952333146336980e-44 5.991366189269888892e-42 1.823056915695666774e-39 4.626053219348367839e-37 9.790090325371561176e-35 1.728069083547360336e-32 2.544309293679371186e-30 3.125022130832097718e-28 3.202249427721205263e-26 2.737951414195725563e-24 1.953531828913148556e-22 1.163327670856727815e-20 5.782841057604897603e-19 2.400040319003057765e-17 8.318131424291544999e-16 2.408066510931640960e-14 5.824632343605311784e-13 1.177518150220039976e-11 1.990360240207888815e-10 2.814210068505433159e-09 3.330235427014245403e-08 3.300398540718609078e-07 2.741380992123244776e-06 1.910285840409260355e-05 1.118062619849424138e-04 5.504462888731049153e-04 2.283805131526644040e-03 8.004678342105803202e-03 2.377545885433500483e-02 6.009008494762993480e-02 1.299398266489789067e-01 2.421718369974959206e-01 3.928143709904731162e-01 5.617276648771492020e-01 7.199500430737482137e-01 8.437608085824112036e-01 9.246946168332323968e-01 9.688896448396031591e-01 9.890489624121380219e-01 9.967300163952490522e-01 9.991745089960430981e-01 9.998242748953922732e-01 9.999685196643560703e-01 9.999952614592422240e-01 9.999994014438179368e-01 9.999999366157243941e-01 9.999999943776602951e-01 9.999999995825374910e-01 9.999999999740678547e-01 9.999999999986529664e-01 9.999999999999414912e-01 9.999999999999978906e-01 1.000000000000000000e+00 1.000000000000000000e+00 1.000000000000000000e+00 1.000000000000000000e+00 1.000000000000000000e+00 1.000000000000000000e+00 1.000000000000000000e+00 1.000000000000000000e+00 1.000000000000000000e+00 1.000000000000000000e+00 1.000000000000000000e+00 1.000000000000000000e+00 1.000000000000000000e+00 1.000000000000000000e+00 1.000000000000000000e+00 1.000000000000000000e+00 1.000000000000000000e+00 1.000000000000000000e+00 1.000000000000000000e+00 1.000000000000000000e+00 1.000000000000000000e+00 1.000000000000000000e+00 1.000000000000000000e+00
3.593850306515009149e-159 9.909348494770504752e-154 2.191625097323451220e-148 3.888019441208889635e-143 5.532696142381570110e-138 6.315343283537447256e-133 5.782487431198707562e-128 4.247136364594015262e-123 2.502349894742465109e-118 1.182706913609218333e-113 4.484261017534272361e-109 1.363945841117047694e-104 3.328160135909886501e-100 6.515099513519547376e-96 1.023192031222976875e-91 1.289207022694900053e-87 1.303252220114421218e-83 1.057027406350176392e-79 6.878733996608319689e-76 3.591771973055760909e-72 1.504878726827127226e-68 5.059439909352552711e-65 1.364987110702093578e-61 2.955277264522370816e-58 5.134894050788250124e-55 7.160611193785816216e-52 8.014525721279934087e-49 7.200136210977700419e-46 5.192390050482212337e-43 3.006000513474012392e-40 1.397142289107574263e-37 5.213873693077028293e-35 1.562396898247759066e-32 3.759939609389686426e-30 7.267455232635731408e-28 1.128381233758026934e-25 1.407567122309801964e-23 1.410909228946954244e-21 1.136667683480112419e-19 7.361615770514120419e-18 3.833842257106663580e-16 1.606023481677411916e-14 5.413575516813164148e-13 1.468985882849533397e-11 3.210509181328833785e-10 5.654826067621765237e-09 8.032973133823246728e-08 9.211717163652985893e-07 8.536947038195312362e-06 6.402925872079072867e-05 3.893615846278259286e-04 1.924158848852138134e-03 7.751278632206481077e-03 2.555787400567148884e-02 6.935756298224872440e-02 1.560851041937665606e-01 2.943348707745140347e-01 4.717582716006057386e-01 6.550767027245845142e-01 8.075702160414575115e-01 9.096969632988340937e-01 9.647593693738035769e-01 9.886581208820597322e-01 9.970077850178531431e-01 9.993557913667103776e-01 9.998871928275618881e-01 9.999839740432421298e-01 9.999981565063442712e-01 9.999998285537741172e-01 9.999999871246773031e-01 9.999999992199710697e-01 9.999999999619071378e-01 9.999999999985014210e-01 9.999999999999524825e-01 9.999999999999987788e-01 1.000000000000000000e+00 1.000000000000000000e+00 1.000000000000000000e+00 1.000000000000000000e+00 1.000000000000000000e+00 1.000000000000000000e+00 1.000000000000000000e+00 1.000000000000000000e+00 1.000000000000000000e+00 1.000000000000000000e+00 1.000000000000000000e+00 1.000000000000000000e+00 1.000000000000000000e+00 1.000000000000000000e+00 1.000000000000000000e+00 1.000000000000000000e+00 1.000000000000000000e+00 1.000000000000000000e+00 1.000000000000000000e+00 1.000000000000000000e+00 1.000000000000000000e+00 1.000000000000000000e+00 1.000000000000000000e+00 1.000000000000000000e+00 1.000000000000000000e+00
5.826019216006820384e-174 5.912911194214019206e-168 4.693651278774646223e-162 2.914106409209750439e-156 1.415110985329963402e-150 5.374917503315810068e-145 1.596817677935861285e-139 3.710628447566133828e-134 6.744581102447005467e-129 9.589258973782670865e-124 1.066461791159571495e-118 9.277775517671562523e-114 6.313779053914419200e-109 3.361174740082991242e-104 1.399777010465478611e-99 4.560403072781441991e-95 1.162346252194480435e-90 2.317756807074467364e-86 3.615874240481412241e-82 4.413528470572438363e-78 4.215032016753998083e-74 3.149738878648750128e-70 1.841724716998578036e-66 8.426954707551103036e-63 3.017403328606111269e-59 8.455430428930380731e-56 1.854397155509327477e-52 3.183185139132373624e-49 4.277040132259488156e-46 4.498630238461723167e-43 3.704329555936676533e-40 2.388207889875267446e-37 1.205628035241955080e-34 4.766330275976156024e-32 1.475848080452832615e-29 3.579730687350293094e-27 6.802730600423824698e-25 1.013033030178576335e-22 1.182406063083093968e-20 1.081987390485689031e-18 7.764573373337746175e-17 4.371208905448181548e-15 1.931297217137491034e-13 6.699894469961104695e-12 1.826025592701248557e-10 3.912611389517457142e-09 6.596529695301717431e-08 8.760093653337292276e-07 9.175242760580773165e-06 7.592215223193571187e-05 4.973935330028095856e-04 2.587288725206061957e-03 1.072627810866876030e-02 3.562453118016537662e-02 9.546209000784137977e-02 2.084493801771862831e-01 3.760860411369042478e-01 5.715258188620745416e-01 7.505739000315132525e-01 8.794684177851164186e-01 9.523788772309330630e-01 9.847834361359766309e-01 9.960981114769339451e-01 9.992015719794142825e-01 9.998701588740008805e-01 9.999832708934606185e-01 9.999982962423884514e-01 9.999998630886344220e-01 9.999999913312047628e-01 9.999999995680020071e-01 9.999999999830715414e-01 9.999999999994787503e-01 9.999999999999873435e-01 9.999999999999997780e-01 1.000000000000000000e+00 1.000000000000000000e+00 1.000000000000000000e+00 1.000000000000000000e+00 1.000000000000000000e+00 1.000000000000000000e+00 1.000000000000000000e+00 1.000000000000000000e+00 1.000000000000000000e+00 1.000000000000000000e+00 1.000000000000000000e+00 1.000000000000000000e+00 1.000000000000000000e+00 1.000000000000000000e+00 1.000000000000000000e+00 1.000000000000000000e+00 1.000000000000000000e+00 1.000000000000000000e+00 1.000000000000000000e+00 1.000000000000000000e+00 1.000000000000000000e+00 1.000000000000000000e+00 1.000000000000000000e+00 1.000000000000000000e+00 1.000000000000000000e+00 1.000000000000000000e+00
4.700422762372993957e-172 4.810539153681310849e-166 3.838688795861268616e-160 2.388414320844192213e-154 1.158723004245000963e-148 4.383274875861757441e-143 1.292924479507285544e-137 2.973785371730369658e-132 5.333534821997895901e-127 7.459284652609823655e-122 8.135115322845005291e-117 6.918679428632054777e-112 4.588647543882207123e-107 2.373328425177041032e-102 9.573107802252433511e-98 3.011487612912022908e-93 7.388462859893705498e-89 1.413789438163070194e-84 2.110020686640926487e-80 2.456262780344486611e-76 2.230309107326125407e-72 1.579700321371413258e-68 8.728156897941009066e-65 3.762088274649880130e-61 1.265074965461683542e-57 3.319010957029175950e-54 6.794114724099608173e-51 1.085220707803232751e-47 1.352684422381608316e-44 1.315841941624850156e-41 9.990316650843391114e-39 5.920617373505035525e-36 2.739151195035041467e-33 9.894213901630908667e-31 2.790775005843612805e-28 6.147757143264563521e-26 1.057880613115650118e-23 1.422249690254913449e-21 1.494304508146960020e-19 1.227291602440527822e-17 7.882122822774733097e-16 3.959965462517460452e-14 1.557000766627897390e-12 4.793691674901276339e-11 1.156426743613497211e-09 2.187649467450564569e-08 3.248434664177645530e-07 3.790866021726211191e-06 3.482116829973547353e-05 2.522632080309186297e-04 1.445109786787149514e-03 6.568820948639853691e-03 2.380385534444627929e-02 6.921130451860521560e-02 1.629199031952797971e-01 3.144182114161505615e-01 5.063020258906987259e-01 6.967095940948020427e-01 8.447379594069963638e-01 9.348964483590576080e-01 9.779136565042666485e-01 9.939909287507184832e-01 9.986970859870440975e-01 9.997758932616227501e-01 9.999695246183610831e-01 9.999967319601180682e-01 9.999997241846116935e-01 9.999999817072010577e-01 9.999999990477546064e-01 9.999999999611308699e-01 9.999999999987568833e-01 9.999999999999689138e-01 9.999999999999993339e-01 1.000000000000000000e+00 1.000000000000000000e+00 1.000000000000000000e+00 1.000000000000000000e+00 1.000000000000000000e+00 1.000000000000000000e+00 1.000000000000000000e+00 1.000000000000000000e+00 1.000000000000000000e+00 1.000000000000000000e+00 1.000000000000000000e+00 1.000000000000000000e+00 1.000000000000000000e+00 1.000000000000000000e+00 1.000000000000000000e+00 1.000000000000000000e+00 1.000000000000000000e+00 1.000000000000000000e+00 1.000000000000000000e+00 1.000000000000000000e+00 1.000000000000000000e+00 1.000000000000000000e+00 1.000000000000000000e+00 1.000000000000000000e+00 1.000000000000000000e+00 1.000000000000000000e+00 1.000000000000000000e+00
6.520594882159808561e-211 1.715687565184176631e-203 3.314728246409333283e-196 4.702423972833934949e-189 4.898526465487625493e-182 3.747011120855793853e-175 2.104683197889707983e-168 8.681154415897882617e-162 2.629446914222476007e-155 5.848643458637063899e-149 9.553396997838865806e-143 1.145990720347324748e-136 1.009564827575963111e-130 6.531712032013083804e-125 3.103631265379117599e-119 1.083115573388932906e-113 2.776215856955091522e-108 5.226590552720670848e-103 7.227442187344212911e-98 7.341196830057945256e-93 5.477490558579590859e-88 3.002249218170131950e-83 1.208875325633126486e-78 3.576078164281640361e-74 7.772239449669677477e-70 1.241149619974638956e-65 1.456359026287177846e-61 1.255768005899943648e-57 7.957569814601459633e-54 3.706112406446951818e-50 1.268717424224441949e-46 3.192752306112900144e-43 5.907052561518750979e-40 8.035989529910214264e-37 8.039626602137301675e-34 5.916082351852922602e-31 3.202716984697171834e-28 1.275808601296987250e-25 3.740645801828148224e-23 8.074791201559467769e-21 1.283782131127712546e-18 1.503853857357183603e-16 1.298635585728567144e-14 8.271656269094888860e-13 3.888950722419709517e-11 1.350796505162123855e-09 3.470098449469127149e-08 6.602232908471069982e-07 9.319903533874458518e-06 9.783990735850893515e-05 7.662216541409401808e-04 4.495350008277622898e-03 1.987456009488845765e-02 6.677021667057916887e-02 1.725274326484063925e-01 3.489474595821904224e-01 5.666679664377212156e-01 7.654543271909111102e-01 8.997308188749540969e-01 9.668271045591328994e-01 9.916248018328914782e-01 9.984018602910037510e-01 9.997710636795800188e-01 9.999754976817871732e-01 9.999980475898587740e-01 9.999998844754134364e-01 9.999999949340833139e-01 9.999999998356167152e-01 9.999999999960577091e-01 9.999999999999301670e-01 9.999999999999991118e-01 1.000000000000000000e+00 1.000000000000000000e+00 1.000000000000000000e+00 1.000000000000000000e+00 1.000000000000000000e+00 1.000000000000000000e+00 1.000000000000000000e+00 1.000000000000000000e+00 1.000000000000000000e+00 1.000000000000000000e+00 1.000000000000000000e+00 1.000000000000000000e+00 1.000000000000000000e+00 1.000000000000000000e+00 1.000000000000000000e+00 1.000000000000000000e+00 1.000000000000000000e+00 1.000000000000000000e+00 1.000000000000000000e+00 1.000000000000000000e+00 1.000000000000000000e+00 1.000000000000000000e+00 1.000000000000000000e+00 1.000000000000000000e+00 1.000000000000000000e+00 1.000000000000000000e+00 1.000000000000000000e+00 1.000000000000000000e+00 1.000000000000000000e+00
1.255470336523487323e-215 5.407459349739951241e-208 1.691622504342626501e-200 3.843638372543133057e-193 6.343314871414921280e-186 7.603802850280125130e-179 6.620530167506729463e-172 4.187057652917363314e-165 1.923475689657547719e-158 6.418504555502230906e-152 1.555817686005048858e-145 2.739492456414383079e-139 3.504108320341803063e-133 3.256049914143238193e-127 2.197968808330693076e-121 1.077905139668629256e-115 3.840436374339330720e-110 9.941113567568766418e-105 1.869641701514855962e-99 2.554854933778649435e-94 2.536737418286213070e-89 1.830225167514218123e-84 9.595623295130488356e-80 3.655974996850107291e-75 1.012321130611436790e-70 2.037250314782920075e-66 2.979956882647913193e-62 3.168446899468510300e-58 2.448997851344091251e-54 1.376177004092254044e-50 5.622724723057242585e-47 1.670527629714199678e-43 3.609510162381270938e-40 5.672713005381953393e-37 6.485587952805451610e-34 5.395121906307627528e-31 3.266141332045415347e-28 1.439302785965672938e-25 4.618176207701305037e-23 1.079262484989481541e-20 1.837735081766319245e-18 2.281017443745139437e-16 2.064866593455141609e-14 1.364105960213392707e-12 6.581618362274694261e-11 2.321457868349066392e-09 5.993114668437952252e-08 1.134148602037978826e-06 1.576411699555643151e-05 1.613546085522965003e-04 1.220465362168602621e-03 6.854767663888669191e-03 2.878215357598268992e-02 9.123026508677266333e-02 2.214120113303500170e-01 4.200955328285994606e-01 6.421213898245583529e-01 8.237934981082091213e-01 9.326344796353323030e-01 9.803717068926304234e-01 9.956963652421892963e-01 9.992961200788738063e-01 9.999146483072377523e-01 9.999923603681690754e-01 9.999994968627962111e-01 9.999999756772435244e-01 9.999999991384957987e-01 9.999999999776743032e-01 9.999999999995772271e-01 9.999999999999942268e-01 1.000000000000000000e+00 1.000000000000000000e+00 1.000000000000000000e+00 1.000000000000000000e+00 1.000000000000000000e+00 1.000000000000000000e+00 1.000000000000000000e+00 1.000000000000000000e+00 1.000000000000000000e+00 1.000000000000000000e+00 1.000000000000000000e+00 1.000000000000000000e+00 1.000000000000000000e+00 1.000000000000000000e+00 1.000000000000000000e+00 1.000000000000000000e+00 1.000000000000000000e+00 1.000000000000000000e+00 1.000000000000000000e+00 1.000000000000000000e+00 1.000000000000000000e+00 1.000000000000000000e+00 1.000000000000000000e+00 1.000000000000000000e+00 1.000000000000000000e+00 1.000000000000000000e+00 1.000000000000000000e+00 1.000000000000000000e+00 1.000000000000000000e+00 1.000000000000000000e+00
9.169159597087055526e-195 7.572896149872917720e-188 4.675800760259423258e-181 2.158326170709857897e-174 7.448196337150830828e-168 1.921605959200411668e-161 3.706494259668366337e-155 5.345090918925533493e-149 5.762979347553312323e-143 4.645656926214546495e-137 2.800036731367727037e-131 1.261844445257226609e-125 4.251899536897342992e-120 1.071286176813153140e-114 2.018293480991051603e-109 2.843355873973190425e-104 2.995427823538875472e-99 2.359830754652592850e-94 1.390310800577386564e-89 6.125870961936341775e-85 2.018672540181290054e-80 4.975361275883107982e-76 9.172006224482705183e-72 1.264757051805567887e-67 1.304599016742816351e-63 1.006701166772283564e-59 5.811747055567524980e-56 2.510310330949119728e-52 8.113309243554537023e-49 1.962265317599301523e-45 3.551813065243299296e-42 4.811980295394983581e-39 4.880154367829114033e-36 3.705448470572584304e-33 2.106760281829269731e-30 8.970895413795597562e-28 2.861497566868479243e-25 6.838992263520786067e-23 1.225046808201599392e-20 1.645189159959472291e-18 1.657093330828515133e-16 1.252397094782709495e-14 7.106167709764465947e-13 3.029076874281308554e-11 9.707612346613724059e-10 2.341367215628343695e-08 4.255178121339267271e-07 5.836322044459403833e-06 6.053638522774775665e-05 4.761147005343009534e-04 2.849606115093065908e-03 1.304288386980290843e-02 4.596900466457885803e-02 1.259820619934754193e-01 2.722835015093780786e-01 4.735890316355280683e-01 6.820430368926811981e-01 8.444913881487634555e-01 9.397597949481131252e-01 9.817999978048146392e-01 9.957570697836719553e-01 9.992424391942353878e-01 9.998969590215904812e-01 9.999893644275723581e-01 9.999991693402660031e-01 9.999999510159932603e-01 9.999999978226473685e-01 9.999999999271418361e-01 9.999999999981665777e-01 9.999999999999653610e-01 9.999999999999995559e-01 1.000000000000000000e+00 1.000000000000000000e+00 1.000000000000000000e+00 1.000000000000000000e+00 1.000000000000000000e+00 1.000000000000000000e+00 1.000000000000000000e+00 1.000000000000000000e+00 1.000000000000000000e+00 1.000000000000000000e+00 1.000000000000000000e+00 1.000000000000000000e+00 1.000000000000000000e+00 1.000000000000000000e+00 1.000000000000000000e+00 1.000000000000000000e+00 1.000000000000000000e+00 1.000000000000000000e+00 1.000000000000000000e+00 1.000000000000000000e+00 1.000000000000000000e+00 1.000000000000000000e+00 1.000000000000000000e+00 1.000000000000000000e+00 1.000000000000000000e+00 1.000000000000000000e+00 1.000000000000000000e+00 1.000000000000000000e+00 1.000000000000000000e+00
2.780937483423713004e-179 7.433058871193421126e-173 1.511949963074030327e-166 2.340488414069136046e-160 2.757279979643356666e-154 2.472105256441656421e-148 1.686831022559740818e-142 8.759956797673601678e-137 3.462308805003310906e-131 1.041528766215430001e-125 2.384663428340730934e-120 4.155684527341323318e-115 5.512234097599800887e-110 5.565356376398731590e-105 4.277105450796429056e-100 2.502135563548507555e-95 1.114265759053461960e-90 3.777443669196064580e-86 9.748858974776229144e-82 1.915458401027081491e-77 2.865317544782106425e-73 3.263423142237095917e-69 2.830061274839432222e-65 1.868801903976936474e-61 9.397255010168661071e-58 3.598627242139199825e-54 1.049545795030442159e-50 2.331461964424567151e-47 3.945072878597990109e-44 5.085374710388645983e-41 4.994342979253072449e-38 3.737429441329990132e-35 2.131400433986050593e-32 9.264461657212289786e-30 3.069820186501862850e-27 7.755830142600995869e-25 1.494389224798775860e-22 2.196502766603490708e-20 2.463559596977927309e-18 2.109165385198954277e-16 1.378970124455186685e-14 6.888273811257836718e-13 2.630480719445317730e-11 7.684966987344931404e-10 1.719156270542473045e-08 2.948037844524059960e-07 3.880589332376922470e-06 3.928083972393889902e-05 3.064690753551579006e-04 1.848615001102137763e-03 8.656808555016626619e-03 3.165152920237693235e-02 9.107986586427298248e-02 2.086218544352159976e-01 3.865623273517848069e-01 5.927528599977660573e-01 7.756410978647487742e-01 8.998112202160069018e-01 9.643372035498160022e-01 9.899992874247937058e-01 9.978088329608141294e-01 9.996271021113143362e-01 9.999509184386161653e-01 9.999950193130522358e-01 9.999996112507160140e-01 9.999999767047496047e-01 9.999999989297998493e-01 9.999999999623492286e-01 9.999999999989865884e-01 9.999999999999791278e-01 9.999999999999996669e-01 1.000000000000000000e+00 1.000000000000000000e+00 1.000000000000000000e+00 1.000000000000000000e+00 1.000000000000000000e+00 1.000000000000000000e+00 1.000000000000000000e+00 1.000000000000000000e+00 1.000000000000000000e+00 1.000000000000000000e+00 1.000000000000000000e+00 1.000000000000000000e+00 1.000000000000000000e+00 1.000000000000000000e+00 1.000000000000000000e+00 1.000000000000000000e+00 1.000000000000000000e+00 1.000000000000000000e+00 1.000000000000000000e+00 1.000000000000000000e+00 1.000000000000000000e+00 1.000000000000000000e+00 1.000000000000000000e+00 1.000000000000000000e+00 1.000000000000000000e+00 1.000000000000000000e+00 1.000000000000000000e+00 1.000000000000000000e+00 1.000000000000000000e+00
3.558723618142737148e-171 4.890693733489549655e-165 5.177102747587983399e-159 4.221326598009494023e-153 2.651325525005575282e-147 1.282730782361834959e-141 4.780498340470849062e-136 1.372408074671477491e-130 3.035103453109496349e-125 5.170732531665403307e-120 6.786216742434014817e-115 6.861353297073385549e-110 5.344513839928034974e-105 3.207256275013253746e-100 1.482851247991208631e-95 5.282168503147946285e-91 1.449742455537456459e-86 3.065826884253680810e-82 4.995718010366622535e-78 6.272754990684696446e-74 6.069415200816270417e-70 4.525671526126587754e-66 2.600687341314727249e-62 1.151822094907134203e-58 3.931879595576255386e-55 1.034571276922171531e-51 2.098440555365380076e-48 3.281276193927656725e-45 3.955817057561468635e-42 3.677210428997916340e-39 2.635942878861420001e-36 1.457271980436677540e-33 6.214277645777881063e-31 2.044334429523827648e-28 5.189185191505729945e-26 1.016523699300677033e-23 1.537108911438713204e-21 1.794623219217704717e-19 1.618282590202381714e-17 1.127459788650497248e-15 6.071472293732028299e-14 2.528413380201323058e-12 8.147440757371884566e-11 2.032948398098542144e-09 3.931402310254235907e-08 5.898772614984705803e-07 6.876535424371528876e-06 6.239355094569272420e-05 4.416413829539996157e-04 2.446128834075236066e-03 1.064497424683164689e-02 3.660160725962723072e-02 1.002162047878493445e-01 2.209230435442817442e-01 3.982657703217588052e-01 6.000214120883394786e-01 7.777580898216172045e-01 8.990018426356080061e-01 9.630414079478490930e-01 9.892295358502840585e-01 9.975199041325746308e-01 9.995512792208367525e-01 9.999364703280548827e-01 9.999929830724587632e-01 9.999993967644560389e-01 9.999999597072798396e-01 9.999999979118392446e-01 9.999999999161273134e-01 9.999999999973914200e-01 9.999999999999371614e-01 9.999999999999988898e-01 1.000000000000000000e+00 1.000000000000000000e+00 1.000000000000000000e+00 1.000000000000000000e+00 1.000000000000000000e+00 1.000000000000000000e+00 1.000000000000000000e+00 1.000000000000000000e+00 1.000000000000000000e+00 1.000000000000000000e+00 1.000000000000000000e+00 1.000000000000000000e+00 1.000000000000000000e+00 1.000000000000000000e+00 1.000000000000000000e+00 1.000000000000000000e+00 1.000000000000000000e+00 1.000000000000000000e+00 1.000000000000000000e+00 1.000000000000000000e+00 1.000000000000000000e+00 1.000000000000000000e+00 1.000000000000000000e+00 1.000000000000000000e+00 1.000000000000000000e+00 1.000000000000000000e+00 1.000000000000000000e+00 1.000000000000000000e+00 1.000000000000000000e+00
