0.000000000000000000e+00
0.000000000000000000e+00
0.000000000000000000e+00
0.000000000000000000e+00
0.000000000000000000e+00
0.000000000000000000e+00
0.000000000000000000e+00
0.000000000000000000e+00
3.694097679999999973e-06
4.265319039999999922e-05
1.866570864000000139e-04
7.232264860000000000e-04
2.724346759999999885e-03
9.912317619999999607e-03
3.451169759999999503e-02
1.083990743999999895e-01
2.891904379999999941e-01
6.207511520000000838e-01
1.092869904000000059e+00
1.649866883999999922e+00
2.240631179999999834e+00
2.837795239999999719e+00
3.408649580000000068e+00
3.939883939999999640e+00
4.440267020000000286e+00
4.905221379999999520e+00
5.327129100000000506e+00
5.727115280000000475e+00
6.095606140000000117e+00
6.440335360000000620e+00
6.761267139999999287e+00
