9.053268780000000016e-01
1.024443967999999927e+00
1.149961275999999977e+00
1.283459651999999895e+00
1.429422337999999959e+00
1.589060120000000076e+00
1.759765274000000046e+00
1.942978413999999932e+00
2.142219480000000065e+00
2.360192300000000021e+00
2.604127960000000019e+00
2.869650440000000025e+00
3.175099320000000169e+00
3.523915800000000154e+00
3.921160099999999815e+00
4.374741580000000241e+00
4.899025779999999664e+00
5.507067160000000072e+00
6.207940980000000053e+00
6.997523639999999823e+00
7.887176379999999654e+00
8.864696679999999773e+00
9.901580320000000768e+00
1.094840023999999978e+01
1.196731841999999979e+01
1.288988488000000032e+01
1.367015707999999918e+01
1.428285351999999975e+01
1.472448611999999990e+01
1.501699252000000051e+01
1.519551599999999958e+01
