0.000000000000000000e+00 0.000000000000000000e+00 0.000000000000000000e+00 0.000000000000000000e+00 0.000000000000000000e+00 0.000000000000000000e+00 0.000000000000000000e+00 0.000000000000000000e+00 0.000000000000000000e+00 0.000000000000000000e+00 0.000000000000000000e+00 0.000000000000000000e+00 0.000000000000000000e+00 0.000000000000000000e+00 0.000000000000000000e+00 0.000000000000000000e+00 0.000000000000000000e+00 0.000000000000000000e+00 0.000000000000000000e+00 0.000000000000000000e+00 0.000000000000000000e+00 0.000000000000000000e+00 0.000000000000000000e+00 0.000000000000000000e+00 0.000000000000000000e+00 0.000000000000000000e+00 0.000000000000000000e+00 0.000000000000000000e+00 0.000000000000000000e+00 0.000000000000000000e+00 0.000000000000000000e+00 0.000000000000000000e+00 0.000000000000000000e+00 0.000000000000000000e+00 0.000000000000000000e+00 0.000000000000000000e+00 9.323345871370979647e-284 1.731954763874102840e-235 9.458586593300816691e-192 1.522005939733453685e-152 7.238745236381677745e-118 1.022190938197400017e-87 4.315414152061392828e-62 5.508668358221666183e-41 2.170071276139041520e-24 2.753268306164899021e-12 1.260577369878564601e-04 3.342028501933757556e-01 9.974718673463416341e-01 9.999999992061281429e-01 1.000000000000000000e+00 1.000000000000000000e+00 1.000000000000000000e+00 1.000000000000000000e+00 1.000000000000000000e+00 1.000000000000000000e+00 1.000000000000000000e+00 1.000000000000000000e+00 1.000000000000000000e+00 1.000000000000000000e+00 1.000000000000000000e+00 1.000000000000000000e+00 1.000000000000000000e+00 1.000000000000000000e+00 1.000000000000000000e+00 1.000000000000000000e+00 1.000000000000000000e+00 1.000000000000000000e+00 1.000000000000000000e+00 1.000000000000000000e+00 1.000000000000000000e+00 1.000000000000000000e+00 1.000000000000000000e+00 1.000000000000000000e+00 1.000000000000000000e+00 1.000000000000000000e+00 1.000000000000000000e+00 1.000000000000000000e+00 1.000000000000000000e+00 1.000000000000000000e+00 1.000000000000000000e+00 1.000000000000000000e+00 1.000000000000000000e+00 1.000000000000000000e+00 1.000000000000000000e+00 1.000000000000000000e+00 1.000000000000000000e+00 1.000000000000000000e+00 1.000000000000000000e+00 1.000000000000000000e+00 1.000000000000000000e+00 1.000000000000000000e+00 1.000000000000000000e+00 1.000000000000000000e+00 1.000000000000000000e+00 1.000000000000000000e+00 1.000000000000000000e+00 1.000000000000000000e+00 1.000000000000000000e+00 1.000000000000000000e+00
0.000000000000000000e+00 0.000000000000000000e+00 0.000000000000000000e+00 0.000000000000000000e+00 0.000000000000000000e+00 0.000000000000000000e+00 0.000000000000000000e+00 0.000000000000000000e+00 0.000000000000000000e+00 0.000000000000000000e+00 0.000000000000000000e+00 0.000000000000000000e+00 0.000000000000000000e+00 0.000000000000000000e+00 0.000000000000000000e+00 0.000000000000000000e+00 0.000000000000000000e+00 0.000000000000000000e+00 0.000000000000000000e+00 0.000000000000000000e+00 0.000000000000000000e+00 0.000000000000000000e+00 0.000000000000000000e+00 0.000000000000000000e+00 0.000000000000000000e+00 0.000000000000000000e+00 0.000000000000000000e+00 0.000000000000000000e+00 0.000000000000000000e+00 0.000000000000000000e+00 0.000000000000000000e+00 0.000000000000000000e+00 0.000000000000000000e+00 0.000000000000000000e+00 0.000000000000000000e+00 0.000000000000000000e+00 0.000000000000000000e+00 0.000000000000000000e+00 0.000000000000000000e+00 1.444905247596355930e-310 1.538437706404346684e-238 4.524215317875852161e-176 3.701958832087767647e-123 8.532343718637098302e-80 5.666309215620946812e-46 1.139269574060964032e-21 8.020759990121027092e-07 4.585204850832387269e-01 9.999977782394718906e-01 1.000000000000000000e+00 1.000000000000000000e+00 1.000000000000000000e+00 1.000000000000000000e+00 1.000000000000000000e+00 1.000000000000000000e+00 1.000000000000000000e+00 1.000000000000000000e+00 1.000000000000000000e+00 1.000000000000000000e+00 1.000000000000000000e+00 1.000000000000000000e+00 1.000000000000000000e+00 1.000000000000000000e+00 1.000000000000000000e+00 1.000000000000000000e+00 1.000000000000000000e+00 1.000000000000000000e+00 1.000000000000000000e+00 1.000000000000000000e+00 1.000000000000000000e+00 1.000000000000000000e+00 1.000000000000000000e+00 1.000000000000000000e+00 1.000000000000000000e+00 1.000000000000000000e+00 1.000000000000000000e+00 1.000000000000000000e+00 1.000000000000000000e+00 1.000000000000000000e+00 1.000000000000000000e+00 1.000000000000000000e+00 1.000000000000000000e+00 1.000000000000000000e+00 1.000000000000000000e+00 1.000000000000000000e+00 1.000000000000000000e+00 1.000000000000000000e+00 1.000000000000000000e+00 1.000000000000000000e+00 1.000000000000000000e+00 1.000000000000000000e+00 1.000000000000000000e+00 1.000000000000000000e+00 1.000000000000000000e+00 1.000000000000000000e+00 1.000000000000000000e+00 1.000000000000000000e+00 1.000000000000000000e+00 1.000000000000000000e+00 1.000000000000000000e+00
0.000000000000000000e+00 0.000000000000000000e+00 0.000000000000000000e+00 0.000000000000000000e+00 0.000000000000000000e+00 0.000000000000000000e+00 0.000000000000000000e+00 0.000000000000000000e+00 0.000000000000000000e+00 0.000000000000000000e+00 0.000000000000000000e+00 0.000000000000000000e+00 0.000000000000000000e+00 0.000000000000000000e+00 0.000000000000000000e+00 0.000000000000000000e+00 0.000000000000000000e+00 0.000000000000000000e+00 0.000000000000000000e+00 0.000000000000000000e+00 0.000000000000000000e+00 0.000000000000000000e+00 0.000000000000000000e+00 0.000000000000000000e+00 0.000000000000000000e+00 0.000000000000000000e+00 0.000000000000000000e+00 0.000000000000000000e+00 0.000000000000000000e+00 0.000000000000000000e+00 0.000000000000000000e+00 0.000000000000000000e+00 0.000000000000000000e+00 0.000000000000000000e+00 0.000000000000000000e+00 0.000000000000000000e+00 0.000000000000000000e+00 0.000000000000000000e+00 0.000000000000000000e+00 0.000000000000000000e+00 4.333773313982611824e-253 2.504220512401405533e-185 3.381385467091182748e-128 1.081379915638824246e-81 8.402096876493984864e-46 1.680480587046177366e-20 1.040074545471985787e-05 7.563306387295111177e-01 9.999999917507771396e-01 1.000000000000000000e+00 1.000000000000000000e+00 1.000000000000000000e+00 1.000000000000000000e+00 1.000000000000000000e+00 1.000000000000000000e+00 1.000000000000000000e+00 1.000000000000000000e+00 1.000000000000000000e+00 1.000000000000000000e+00 1.000000000000000000e+00 1.000000000000000000e+00 1.000000000000000000e+00 1.000000000000000000e+00 1.000000000000000000e+00 1.000000000000000000e+00 1.000000000000000000e+00 1.000000000000000000e+00 1.000000000000000000e+00 1.000000000000000000e+00 1.000000000000000000e+00 1.000000000000000000e+00 1.000000000000000000e+00 1.000000000000000000e+00 1.000000000000000000e+00 1.000000000000000000e+00 1.000000000000000000e+00 1.000000000000000000e+00 1.000000000000000000e+00 1.000000000000000000e+00 1.000000000000000000e+00 1.000000000000000000e+00 1.000000000000000000e+00 1.000000000000000000e+00 1.000000000000000000e+00 1.000000000000000000e+00 1.000000000000000000e+00 1.000000000000000000e+00 1.000000000000000000e+00 1.000000000000000000e+00 1.000000000000000000e+00 1.000000000000000000e+00 1.000000000000000000e+00 1.000000000000000000e+00 1.000000000000000000e+00 1.000000000000000000e+00 1.000000000000000000e+00 1.000000000000000000e+00 1.000000000000000000e+00 1.000000000000000000e+00 1.000000000000000000e+00
0.000000000000000000e+00 0.000000000000000000e+00 0.000000000000000000e+00 0.000000000000000000e+00 0.000000000000000000e+00 0.000000000000000000e+00 0.000000000000000000e+00 0.000000000000000000e+00 0.000000000000000000e+00 0.000000000000000000e+00 0.000000000000000000e+00 0.000000000000000000e+00 0.000000000000000000e+00 0.000000000000000000e+00 0.000000000000000000e+00 0.000000000000000000e+00 0.000000000000000000e+00 0.000000000000000000e+00 0.000000000000000000e+00 0.000000000000000000e+00 0.000000000000000000e+00 0.000000000000000000e+00 0.000000000000000000e+00 0.000000000000000000e+00 0.000000000000000000e+00 0.000000000000000000e+00 0.000000000000000000e+00 0.000000000000000000e+00 0.000000000000000000e+00 0.000000000000000000e+00 0.000000000000000000e+00 0.000000000000000000e+00 0.000000000000000000e+00 0.000000000000000000e+00 0.000000000000000000e+00 0.000000000000000000e+00 0.000000000000000000e+00 0.000000000000000000e+00 0.000000000000000000e+00 1.846583989643108216e-293 1.705299625876852961e-222 2.058695750470613598e-161 3.277508407639289270e-110 6.985362676260521792e-69 2.052279644730252201e-37 8.910327767332020532e-16 7.294316312561979244e-04 9.440997354521487583e-01 9.999999999011059959e-01 1.000000000000000000e+00 1.000000000000000000e+00 1.000000000000000000e+00 1.000000000000000000e+00 1.000000000000000000e+00 1.000000000000000000e+00 1.000000000000000000e+00 1.000000000000000000e+00 1.000000000000000000e+00 1.000000000000000000e+00 1.000000000000000000e+00 1.000000000000000000e+00 1.000000000000000000e+00 1.000000000000000000e+00 1.000000000000000000e+00 1.000000000000000000e+00 1.000000000000000000e+00 1.000000000000000000e+00 1.000000000000000000e+00 1.000000000000000000e+00 1.000000000000000000e+00 1.000000000000000000e+00 1.000000000000000000e+00 1.000000000000000000e+00 1.000000000000000000e+00 1.000000000000000000e+00 1.000000000000000000e+00 1.000000000000000000e+00 1.000000000000000000e+00 1.000000000000000000e+00 1.000000000000000000e+00 1.000000000000000000e+00 1.000000000000000000e+00 1.000000000000000000e+00 1.000000000000000000e+00 1.000000000000000000e+00 1.000000000000000000e+00 1.000000000000000000e+00 1.000000000000000000e+00 1.000000000000000000e+00 1.000000000000000000e+00 1.000000000000000000e+00 1.000000000000000000e+00 1.000000000000000000e+00 1.000000000000000000e+00 1.000000000000000000e+00 1.000000000000000000e+00 1.000000000000000000e+00 1.000000000000000000e+00 1.000000000000000000e+00 1.000000000000000000e+00
0.000000000000000000e+00 0.000000000000000000e+00 0.000000000000000000e+00 0.000000000000000000e+00 0.000000000000000000e+00 0.000000000000000000e+00 0.000000000000000000e+00 0.000000000000000000e+00 0.000000000000000000e+00 0.000000000000000000e+00 0.000000000000000000e+00 0.000000000000000000e+00 0.000000000000000000e+00 0.000000000000000000e+00 0.000000000000000000e+00 0.000000000000000000e+00 0.000000000000000000e+00 0.000000000000000000e+00 0.000000000000000000e+00 0.000000000000000000e+00 0.000000000000000000e+00 0.000000000000000000e+00 0.000000000000000000e+00 0.000000000000000000e+00 0.000000000000000000e+00 0.000000000000000000e+00 0.000000000000000000e+00 0.000000000000000000e+00 0.000000000000000000e+00 0.000000000000000000e+00 0.000000000000000000e+00 0.000000000000000000e+00 0.000000000000000000e+00 0.000000000000000000e+00 0.000000000000000000e+00 0.000000000000000000e+00 0.000000000000000000e+00 0.000000000000000000e+00 0.000000000000000000e+00 0.000000000000000000e+00 8.197685963545688063e-286 2.686517206793981171e-205 3.520329771568396053e-138 1.875659860128389864e-84 4.202497777992149859e-44 4.308971577866025885e-17 2.845114300085760644e-03 9.973823936170331805e-01 1.000000000000000000e+00 1.000000000000000000e+00 1.000000000000000000e+00 1.000000000000000000e+00 1.000000000000000000e+00 1.000000000000000000e+00 1.000000000000000000e+00 1.000000000000000000e+00 1.000000000000000000e+00 1.000000000000000000e+00 1.000000000000000000e+00 1.000000000000000000e+00 1.000000000000000000e+00 1.000000000000000000e+00 1.000000000000000000e+00 1.000000000000000000e+00 1.000000000000000000e+00 1.000000000000000000e+00 1.000000000000000000e+00 1.000000000000000000e+00 1.000000000000000000e+00 1.000000000000000000e+00 1.000000000000000000e+00 1.000000000000000000e+00 1.000000000000000000e+00 1.000000000000000000e+00 1.000000000000000000e+00 1.000000000000000000e+00 1.000000000000000000e+00 1.000000000000000000e+00 1.000000000000000000e+00 1.000000000000000000e+00 1.000000000000000000e+00 1.000000000000000000e+00 1.000000000000000000e+00 1.000000000000000000e+00 1.000000000000000000e+00 1.000000000000000000e+00 1.000000000000000000e+00 1.000000000000000000e+00 1.000000000000000000e+00 1.000000000000000000e+00 1.000000000000000000e+00 1.000000000000000000e+00 1.000000000000000000e+00 1.000000000000000000e+00 1.000000000000000000e+00 1.000000000000000000e+00 1.000000000000000000e+00 1.000000000000000000e+00 1.000000000000000000e+00 1.000000000000000000e+00
0.000000000000000000e+00 0.000000000000000000e+00 0.000000000000000000e+00 0.000000000000000000e+00 0.000000000000000000e+00 0.000000000000000000e+00 0.000000000000000000e+00 0.000000000000000000e+00 0.000000000000000000e+00 0.000000000000000000e+00 0.000000000000000000e+00 0.000000000000000000e+00 0.000000000000000000e+00 0.000000000000000000e+00 0.000000000000000000e+00 0.000000000000000000e+00 0.000000000000000000e+00 0.000000000000000000e+00 0.000000000000000000e+00 0.000000000000000000e+00 0.000000000000000000e+00 0.000000000000000000e+00 0.000000000000000000e+00 0.000000000000000000e+00 0.000000000000000000e+00 0.000000000000000000e+00 0.000000000000000000e+00 0.000000000000000000e+00 0.000000000000000000e+00 0.000000000000000000e+00 0.000000000000000000e+00 0.000000000000000000e+00 0.000000000000000000e+00 0.000000000000000000e+00 0.000000000000000000e+00 0.000000000000000000e+00 0.000000000000000000e+00 1.520472301172971299e-280 7.058979695934026338e-224 1.198374859294924823e-173 7.471215075442395601e-130 1.721700298740806353e-92 1.482060653167458654e-61 4.855944951177383583e-37 6.294268429379764546e-19 3.568996844634211402e-07 1.344059821762634555e-01 9.969833477453560189e-01 9.999999999791255867e-01 1.000000000000000000e+00 1.000000000000000000e+00 1.000000000000000000e+00 1.000000000000000000e+00 1.000000000000000000e+00 1.000000000000000000e+00 1.000000000000000000e+00 1.000000000000000000e+00 1.000000000000000000e+00 1.000000000000000000e+00 1.000000000000000000e+00 1.000000000000000000e+00 1.000000000000000000e+00 1.000000000000000000e+00 1.000000000000000000e+00 1.000000000000000000e+00 1.000000000000000000e+00 1.000000000000000000e+00 1.000000000000000000e+00 1.000000000000000000e+00 1.000000000000000000e+00 1.000000000000000000e+00 1.000000000000000000e+00 1.000000000000000000e+00 1.000000000000000000e+00 1.000000000000000000e+00 1.000000000000000000e+00 1.000000000000000000e+00 1.000000000000000000e+00 1.000000000000000000e+00 1.000000000000000000e+00 1.000000000000000000e+00 1.000000000000000000e+00 1.000000000000000000e+00 1.000000000000000000e+00 1.000000000000000000e+00 1.000000000000000000e+00 1.000000000000000000e+00 1.000000000000000000e+00 1.000000000000000000e+00 1.000000000000000000e+00 1.000000000000000000e+00 1.000000000000000000e+00 1.000000000000000000e+00 1.000000000000000000e+00 1.000000000000000000e+00 1.000000000000000000e+00 1.000000000000000000e+00 1.000000000000000000e+00 1.000000000000000000e+00 1.000000000000000000e+00
0.000000000000000000e+00 0.000000000000000000e+00 0.000000000000000000e+00 0.000000000000000000e+00 0.000000000000000000e+00 0.000000000000000000e+00 0.000000000000000000e+00 0.000000000000000000e+00 0.000000000000000000e+00 0.000000000000000000e+00 0.000000000000000000e+00 0.000000000000000000e+00 0.000000000000000000e+00 0.000000000000000000e+00 0.000000000000000000e+00 0.000000000000000000e+00 0.000000000000000000e+00 0.000000000000000000e+00 0.000000000000000000e+00 0.000000000000000000e+00 0.000000000000000000e+00 0.000000000000000000e+00 0.000000000000000000e+00 0.000000000000000000e+00 0.000000000000000000e+00 0.000000000000000000e+00 0.000000000000000000e+00 0.000000000000000000e+00 0.000000000000000000e+00 0.000000000000000000e+00 0.000000000000000000e+00 0.000000000000000000e+00 0.000000000000000000e+00 0.000000000000000000e+00 9.430744337392444391e-283 3.181025317943875590e-238 1.542773932047160018e-197 1.077675975983697474e-160 1.086720365072934938e-127 1.586990514348001237e-98 3.371831409239078548e-73 1.049702651818196232e-51 4.844238601364754106e-34 3.384543995844870612e-20 3.742222782473959802e-10 7.371375152599986356e-04 4.192128204067161468e-01 9.972133622795417152e-01 9.999999954761149557e-01 1.000000000000000000e+00 1.000000000000000000e+00 1.000000000000000000e+00 1.000000000000000000e+00 1.000000000000000000e+00 1.000000000000000000e+00 1.000000000000000000e+00 1.000000000000000000e+00 1.000000000000000000e+00 1.000000000000000000e+00 1.000000000000000000e+00 1.000000000000000000e+00 1.000000000000000000e+00 1.000000000000000000e+00 1.000000000000000000e+00 1.000000000000000000e+00 1.000000000000000000e+00 1.000000000000000000e+00 1.000000000000000000e+00 1.000000000000000000e+00 1.000000000000000000e+00 1.000000000000000000e+00 1.000000000000000000e+00 1.000000000000000000e+00 1.000000000000000000e+00 1.000000000000000000e+00 1.000000000000000000e+00 1.000000000000000000e+00 1.000000000000000000e+00 1.000000000000000000e+00 1.000000000000000000e+00 1.000000000000000000e+00 1.000000000000000000e+00 1.000000000000000000e+00 1.000000000000000000e+00 1.000000000000000000e+00 1.000000000000000000e+00 1.000000000000000000e+00 1.000000000000000000e+00 1.000000000000000000e+00 1.000000000000000000e+00 1.000000000000000000e+00 1.000000000000000000e+00 1.000000000000000000e+00 1.000000000000000000e+00 1.000000000000000000e+00 1.000000000000000000e+00 1.000000000000000000e+00 1.000000000000000000e+00 1.000000000000000000e+00 1.000000000000000000e+00
0.000000000000000000e+00 0.000000000000000000e+00 0.000000000000000000e+00 0.000000000000000000e+00 0.000000000000000000e+00 0.000000000000000000e+00 0.000000000000000000e+00 0.000000000000000000e+00 0.000000000000000000e+00 0.000000000000000000e+00 0.000000000000000000e+00 0.000000000000000000e+00 0.000000000000000000e+00 0.000000000000000000e+00 0.000000000000000000e+00 0.000000000000000000e+00 0.000000000000000000e+00 0.000000000000000000e+00 0.000000000000000000e+00 0.000000000000000000e+00 0.000000000000000000e+00 0.000000000000000000e+00 0.000000000000000000e+00 0.000000000000000000e+00 0.000000000000000000e+00 0.000000000000000000e+00 0.000000000000000000e+00 0.000000000000000000e+00 0.000000000000000000e+00 0.000000000000000000e+00 0.000000000000000000e+00 0.000000000000000000e+00 0.000000000000000000e+00 0.000000000000000000e+00 0.000000000000000000e+00 0.000000000000000000e+00 6.170516198688858386e-304 2.734584994078037473e-245 5.714007898716421549e-193 5.649754388703938978e-147 2.657432368887534790e-107 5.995850915114503453e-74 6.581584236730634454e-47 3.610807124075668701e-26 1.053125579752890869e-11 1.988183073998162336e-03 8.259806645166587469e-01 9.999990167236287864e-01 1.000000000000000000e+00 1.000000000000000000e+00 1.000000000000000000e+00 1.000000000000000000e+00 1.000000000000000000e+00 1.000000000000000000e+00 1.000000000000000000e+00 1.000000000000000000e+00 1.000000000000000000e+00 1.000000000000000000e+00 1.000000000000000000e+00 1.000000000000000000e+00 1.000000000000000000e+00 1.000000000000000000e+00 1.000000000000000000e+00 1.000000000000000000e+00 1.000000000000000000e+00 1.000000000000000000e+00 1.000000000000000000e+00 1.000000000000000000e+00 1.000000000000000000e+00 1.000000000000000000e+00 1.000000000000000000e+00 1.000000000000000000e+00 1.000000000000000000e+00 1.000000000000000000e+00 1.000000000000000000e+00 1.000000000000000000e+00 1.000000000000000000e+00 1.000000000000000000e+00 1.000000000000000000e+00 1.000000000000000000e+00 1.000000000000000000e+00 1.000000000000000000e+00 1.000000000000000000e+00 1.000000000000000000e+00 1.000000000000000000e+00 1.000000000000000000e+00 1.000000000000000000e+00 1.000000000000000000e+00 1.000000000000000000e+00 1.000000000000000000e+00 1.000000000000000000e+00 1.000000000000000000e+00 1.000000000000000000e+00 1.000000000000000000e+00 1.000000000000000000e+00 1.000000000000000000e+00 1.000000000000000000e+00 1.000000000000000000e+00 1.000000000000000000e+00 1.000000000000000000e+00
0.000000000000000000e+00 0.000000000000000000e+00 0.000000000000000000e+00 0.000000000000000000e+00 0.000000000000000000e+00 0.000000000000000000e+00 0.000000000000000000e+00 0.000000000000000000e+00 0.000000000000000000e+00 0.000000000000000000e+00 0.000000000000000000e+00 0.000000000000000000e+00 0.000000000000000000e+00 0.000000000000000000e+00 0.000000000000000000e+00 0.000000000000000000e+00 0.000000000000000000e+00 0.000000000000000000e+00 0.000000000000000000e+00 0.000000000000000000e+00 0.000000000000000000e+00 0.000000000000000000e+00 0.000000000000000000e+00 0.000000000000000000e+00 0.000000000000000000e+00 0.000000000000000000e+00 0.000000000000000000e+00 0.000000000000000000e+00 6.363421245214556986e-307 5.834454998664865019e-273 5.290635458976981121e-241 4.747094525513124379e-211 4.217168518055422457e-183 3.711997498529172534e-157 3.240325740711936280e-133 2.808494443603657543e-111 2.420607145647743916e-91 2.078845801311948849e-73 1.783925567623529352e-57 1.535709784484990200e-43 1.334095209141542961e-31 1.180528016949618241e-21 1.081340149724910622e-13 1.057513667369292613e-07 1.184734133036782116e-03 1.866982569709088047e-01 8.960340532538697556e-01 9.996736032387377735e-01 9.999999863617805573e-01 9.999999999999935607e-01 1.000000000000000000e+00 1.000000000000000000e+00 1.000000000000000000e+00 1.000000000000000000e+00 1.000000000000000000e+00 1.000000000000000000e+00 1.000000000000000000e+00 1.000000000000000000e+00 1.000000000000000000e+00 1.000000000000000000e+00 1.000000000000000000e+00 1.000000000000000000e+00 1.000000000000000000e+00 1.000000000000000000e+00 1.000000000000000000e+00 1.000000000000000000e+00 1.000000000000000000e+00 1.000000000000000000e+00 1.000000000000000000e+00 1.000000000000000000e+00 1.000000000000000000e+00 1.000000000000000000e+00 1.000000000000000000e+00 1.000000000000000000e+00 1.000000000000000000e+00 1.000000000000000000e+00 1.000000000000000000e+00 1.000000000000000000e+00 1.000000000000000000e+00 1.000000000000000000e+00 1.000000000000000000e+00 1.000000000000000000e+00 1.000000000000000000e+00 1.000000000000000000e+00 1.000000000000000000e+00 1.000000000000000000e+00 1.000000000000000000e+00 1.000000000000000000e+00 1.000000000000000000e+00 1.000000000000000000e+00 1.000000000000000000e+00 1.000000000000000000e+00 1.000000000000000000e+00 1.000000000000000000e+00 1.000000000000000000e+00 1.000000000000000000e+00 1.000000000000000000e+00 1.000000000000000000e+00 1.000000000000000000e+00 1.000000000000000000e+00
0.000000000000000000e+00 0.000000000000000000e+00 0.000000000000000000e+00 0.000000000000000000e+00 0.000000000000000000e+00 0.000000000000000000e+00 0.000000000000000000e+00 0.000000000000000000e+00 0.000000000000000000e+00 0.000000000000000000e+00 0.000000000000000000e+00 0.000000000000000000e+00 0.000000000000000000e+00 0.000000000000000000e+00 0.000000000000000000e+00 0.000000000000000000e+00 0.000000000000000000e+00 0.000000000000000000e+00 0.000000000000000000e+00 0.000000000000000000e+00 0.000000000000000000e+00 0.000000000000000000e+00 0.000000000000000000e+00 0.000000000000000000e+00 0.000000000000000000e+00 0.000000000000000000e+00 0.000000000000000000e+00 9.946137765902622742e-296 3.142724043010228384e-264 1.624457899351431370e-234 1.374199571348632590e-206 1.903520193933633939e-180 4.320245216556310746e-156 1.607847068416582195e-133 9.821916377097643623e-113 9.860811112071887359e-94 1.629719421630124675e-76 4.443873834657555307e-61 2.005376878042844600e-47 1.504324497156968102e-35 1.888487330078028599e-25 4.010732192828126318e-17 1.468842687925328821e-10 9.636916801373374950e-06 1.240814806720929621e-02 4.147434895095677421e-01 9.651250357133744906e-01 9.999390869351181266e-01 9.999999978382121402e-01 9.999999999999986677e-01 1.000000000000000000e+00 1.000000000000000000e+00 1.000000000000000000e+00 1.000000000000000000e+00 1.000000000000000000e+00 1.000000000000000000e+00 1.000000000000000000e+00 1.000000000000000000e+00 1.000000000000000000e+00 1.000000000000000000e+00 1.000000000000000000e+00 1.000000000000000000e+00 1.000000000000000000e+00 1.000000000000000000e+00 1.000000000000000000e+00 1.000000000000000000e+00 1.000000000000000000e+00 1.000000000000000000e+00 1.000000000000000000e+00 1.000000000000000000e+00 1.000000000000000000e+00 1.000000000000000000e+00 1.000000000000000000e+00 1.000000000000000000e+00 1.000000000000000000e+00 1.000000000000000000e+00 1.000000000000000000e+00 1.000000000000000000e+00 1.000000000000000000e+00 1.000000000000000000e+00 1.000000000000000000e+00 1.000000000000000000e+00 1.000000000000000000e+00 1.000000000000000000e+00 1.000000000000000000e+00 1.000000000000000000e+00 1.000000000000000000e+00 1.000000000000000000e+00 1.000000000000000000e+00 1.000000000000000000e+00 1.000000000000000000e+00 1.000000000000000000e+00 1.000000000000000000e+00 1.000000000000000000e+00 1.000000000000000000e+00 1.000000000000000000e+00 1.000000000000000000e+00 1.000000000000000000e+00 1.000000000000000000e+00 1.000000000000000000e+00
0.000000000000000000e+00 0.000000000000000000e+00 0.000000000000000000e+00 0.000000000000000000e+00 0.000000000000000000e+00 0.000000000000000000e+00 0.000000000000000000e+00 0.000000000000000000e+00 0.000000000000000000e+00 0.000000000000000000e+00 0.000000000000000000e+00 0.000000000000000000e+00 0.000000000000000000e+00 0.000000000000000000e+00 0.000000000000000000e+00 0.000000000000000000e+00 0.000000000000000000e+00 0.000000000000000000e+00 0.000000000000000000e+00 0.000000000000000000e+00 0.000000000000000000e+00 0.000000000000000000e+00 0.000000000000000000e+00 3.213071408676450978e-299 1.888973621417770556e-272 6.058771587207982172e-247 1.060478276027046721e-222 1.013211488848921935e-199 5.285955093168095697e-178 1.506406773530898878e-157 2.346174284844858843e-138 1.998131226883659257e-120 9.311839401048510136e-104 2.376676826296706171e-88 3.325849980778949903e-74 2.555318863065506740e-61 1.079953704475578920e-49 2.516972967560853489e-39 3.246407439030672884e-30 2.329317006997283117e-22 9.371893450679748321e-16 2.142601331358833223e-10 2.850965855137361021e-06 2.319895233996550638e-03 1.303124146385399862e-01 7.194478854522046163e-01 9.889114182551211885e-01 9.999674388708587047e-01 9.999999939939765436e-01 9.999999999999347189e-01 1.000000000000000000e+00 1.000000000000000000e+00 1.000000000000000000e+00 1.000000000000000000e+00 1.000000000000000000e+00 1.000000000000000000e+00 1.000000000000000000e+00 1.000000000000000000e+00 1.000000000000000000e+00 1.000000000000000000e+00 1.000000000000000000e+00 1.000000000000000000e+00 1.000000000000000000e+00 1.000000000000000000e+00 1.000000000000000000e+00 1.000000000000000000e+00 1.000000000000000000e+00 1.000000000000000000e+00 1.000000000000000000e+00 1.000000000000000000e+00 1.000000000000000000e+00 1.000000000000000000e+00 1.000000000000000000e+00 1.000000000000000000e+00 1.000000000000000000e+00 1.000000000000000000e+00 1.000000000000000000e+00 1.000000000000000000e+00 1.000000000000000000e+00 1.000000000000000000e+00 1.000000000000000000e+00 1.000000000000000000e+00 1.000000000000000000e+00 1.000000000000000000e+00 1.000000000000000000e+00 1.000000000000000000e+00 1.000000000000000000e+00 1.000000000000000000e+00 1.000000000000000000e+00 1.000000000000000000e+00 1.000000000000000000e+00 1.000000000000000000e+00 1.000000000000000000e+00 1.000000000000000000e+00 1.000000000000000000e+00 1.000000000000000000e+00 1.000000000000000000e+00 1.000000000000000000e+00 1.000000000000000000e+00 1.000000000000000000e+00
0.000000000000000000e+00 0.000000000000000000e+00 0.000000000000000000e+00 0.000000000000000000e+00 0.000000000000000000e+00 0.000000000000000000e+00 0.000000000000000000e+00 0.000000000000000000e+00 0.000000000000000000e+00 0.000000000000000000e+00 0.000000000000000000e+00 0.000000000000000000e+00 0.000000000000000000e+00 0.000000000000000000e+00 0.000000000000000000e+00 0.000000000000000000e+00 0.000000000000000000e+00 1.940443520081092605e-306 2.130277310352022354e-284 3.473655198046156773e-263 8.414033984217878297e-243 3.027937334337227624e-223 1.619124753526183357e-204 1.286706113981584401e-186 1.519951292899396987e-169 2.669499645003575598e-153 6.972593682464101878e-138 2.709298499771084561e-123 1.566660787862908646e-109 1.348764880313824995e-96 1.729681761691577365e-84 3.306277445052631057e-73 9.427446073168789539e-63 4.013789762559478213e-53 2.554829619963091976e-44 2.435121202298522695e-36 3.483141956497131907e-29 7.499068629707557807e-23 2.440469831706336485e-17 1.208145852295788176e-12 9.189300405252120664e-09 1.092236350575747858e-05 2.093685912588883011e-03 6.913946554795433186e-02 4.598661216504344451e-01 8.998484755967437465e-01 9.961178169253975812e-01 9.999736825481134739e-01 9.999999710336962000e-01 9.999999999950008878e-01 9.999999999999998890e-01 1.000000000000000000e+00 1.000000000000000000e+00 1.000000000000000000e+00 1.000000000000000000e+00 1.000000000000000000e+00 1.000000000000000000e+00 1.000000000000000000e+00 1.000000000000000000e+00 1.000000000000000000e+00 1.000000000000000000e+00 1.000000000000000000e+00 1.000000000000000000e+00 1.000000000000000000e+00 1.000000000000000000e+00 1.000000000000000000e+00 1.000000000000000000e+00 1.000000000000000000e+00 1.000000000000000000e+00 1.000000000000000000e+00 1.000000000000000000e+00 1.000000000000000000e+00 1.000000000000000000e+00 1.000000000000000000e+00 1.000000000000000000e+00 1.000000000000000000e+00 1.000000000000000000e+00 1.000000000000000000e+00 1.000000000000000000e+00 1.000000000000000000e+00 1.000000000000000000e+00 1.000000000000000000e+00 1.000000000000000000e+00 1.000000000000000000e+00 1.000000000000000000e+00 1.000000000000000000e+00 1.000000000000000000e+00 1.000000000000000000e+00 1.000000000000000000e+00 1.000000000000000000e+00 1.000000000000000000e+00 1.000000000000000000e+00 1.000000000000000000e+00 1.000000000000000000e+00 1.000000000000000000e+00 1.000000000000000000e+00 1.000000000000000000e+00 1.000000000000000000e+00 1.000000000000000000e+00 1.000000000000000000e+00
0.000000000000000000e+00 0.000000000000000000e+00 0.000000000000000000e+00 0.000000000000000000e+00 0.000000000000000000e+00 0.000000000000000000e+00 0.000000000000000000e+00 0.000000000000000000e+00 0.000000000000000000e+00 0.000000000000000000e+00 0.000000000000000000e+00 0.000000000000000000e+00 0.000000000000000000e+00 1.647894627762881290e-307 7.502768706036708134e-288 7.581706602238871784e-269 1.700595146585449700e-250 8.467643790234875794e-233 9.360424127346226654e-216 2.297463315310530685e-199 1.252208389351783048e-183 1.515798724179676736e-168 4.075807513000993405e-154 2.434855630795773957e-140 3.232304680712255685e-127 9.537561151936199902e-115 6.257087997128879139e-103 9.129825634430048907e-92 2.964013360833894861e-81 2.142057604137115377e-71 3.447977048646332436e-62 1.237042459215305944e-53 9.900803659047775729e-46 1.769701154200177762e-38 7.074378747091897940e-32 6.336438935150101905e-26 1.274867034075854104e-20 5.781936488678931597e-16 5.941319389793575971e-12 1.393982505831199295e-08 7.561785871898737805e-06 9.692195429523763148e-04 3.059428492075301834e-02 2.595429435282889941e-01 7.199254699111687916e-01 9.648517464717685233e-01 9.988067407714976698e-01 9.999899935059124445e-01 9.999999801432521984e-01 9.999999999908822934e-01 9.999999999999991118e-01 1.000000000000000000e+00 1.000000000000000000e+00 1.000000000000000000e+00 1.000000000000000000e+00 1.000000000000000000e+00 1.000000000000000000e+00 1.000000000000000000e+00 1.000000000000000000e+00 1.000000000000000000e+00 1.000000000000000000e+00 1.000000000000000000e+00 1.000000000000000000e+00 1.000000000000000000e+00 1.000000000000000000e+00 1.000000000000000000e+00 1.000000000000000000e+00 1.000000000000000000e+00 1.000000000000000000e+00 1.000000000000000000e+00 1.000000000000000000e+00 1.000000000000000000e+00 1.000000000000000000e+00 1.000000000000000000e+00 1.000000000000000000e+00 1.000000000000000000e+00 1.000000000000000000e+00 1.000000000000000000e+00 1.000000000000000000e+00 1.000000000000000000e+00 1.000000000000000000e+00 1.000000000000000000e+00 1.000000000000000000e+00 1.000000000000000000e+00 1.000000000000000000e+00 1.000000000000000000e+00 1.000000000000000000e+00 1.000000000000000000e+00 1.000000000000000000e+00 1.000000000000000000e+00 1.000000000000000000e+00 1.000000000000000000e+00 1.000000000000000000e+00 1.000000000000000000e+00 1.000000000000000000e+00 1.000000000000000000e+00 1.000000000000000000e+00 1.000000000000000000e+00 1.000000000000000000e+00 1.000000000000000000e+00
0.000000000000000000e+00 0.000000000000000000e+00 0.000000000000000000e+00 5.800330682176234429e-321 4.108003918895132178e-305 1.147480938399682737e-289 1.264441230552660092e-274 5.496764339263358731e-260 9.427337828410561224e-246 6.379171431398407482e-232 1.703155375844924418e-218 1.794248512465809955e-205 7.458904227456241574e-193 1.223657568097233889e-180 7.922612455776775210e-169 2.024580570506195688e-157 2.042199304168983756e-146 8.132052845991817180e-136 1.278465127786410063e-125 7.936292282145486363e-116 1.945569553723098595e-106 1.883842115490695214e-97 7.205907437017867801e-89 1.089101737456943520e-80 6.505589230984379963e-73 1.536252665292189680e-65 1.434617839245112653e-58 5.299956483843075239e-52 7.749387738358297549e-46 4.487021046562724234e-40 1.029515178195494333e-34 9.368010120360289004e-30 3.384139779753068860e-25 4.859652007227795411e-21 2.778814997699602515e-17 6.341623073598664460e-14 5.794057892268153519e-11 2.128760394687802557e-08 3.165637508657567694e-06 1.924662922892713150e-04 4.863377907053455240e-03 5.255328868792200764e-02 2.559840970140857541e-01 6.213518756676674748e-01 8.986403916660179458e-01 9.874107127372192538e-01 9.993210684018480894e-01 9.999846540258992000e-01 9.999998574805879503e-01 9.999999994626092015e-01 9.999999999991835420e-01 9.999999999999995559e-01 1.000000000000000000e+00 1.000000000000000000e+00 1.000000000000000000e+00 1.000000000000000000e+00 1.000000000000000000e+00 1.000000000000000000e+00 1.000000000000000000e+00 1.000000000000000000e+00 1.000000000000000000e+00 1.000000000000000000e+00 1.000000000000000000e+00 1.000000000000000000e+00 1.000000000000000000e+00 1.000000000000000000e+00 1.000000000000000000e+00 1.000000000000000000e+00 1.000000000000000000e+00 1.000000000000000000e+00 1.000000000000000000e+00 1.000000000000000000e+00 1.000000000000000000e+00 1.000000000000000000e+00 1.000000000000000000e+00 1.000000000000000000e+00 1.000000000000000000e+00 1.000000000000000000e+00 1.000000000000000000e+00 1.000000000000000000e+00 1.000000000000000000e+00 1.000000000000000000e+00 1.000000000000000000e+00 1.000000000000000000e+00 1.000000000000000000e+00 1.000000000000000000e+00 1.000000000000000000e+00 1.000000000000000000e+00 1.000000000000000000e+00 1.000000000000000000e+00 1.000000000000000000e+00 1.000000000000000000e+00 1.000000000000000000e+00 1.000000000000000000e+00 1.000000000000000000e+00 1.000000000000000000e+00 1.000000000000000000e+00 1.000000000000000000e+00 1.000000000000000000e+00 1.000000000000000000e+00
7.355279242023848113e-296 5.229398241412683465e-282 1.721348024958077658e-268 2.623391914996463194e-255 1.851182808910933530e-242 6.048425443838811764e-230 9.150793227798438331e-218 6.410861963485300437e-206 2.079863427976571512e-194 3.124892546029979385e-183 2.174404551065941815e-172 7.007706478469502378e-162 1.046091155857675062e-151 7.233555492694741330e-142 2.317162808739528184e-132 3.438912846695085483e-123 2.364761395528239104e-114 7.535316997959866387e-106 1.112796918288679697e-97 7.617092295384266416e-90 2.417062630912626960e-82 3.556211556562770158e-75 2.426469238278537974e-68 7.679785875846753523e-62 1.127784199193747203e-55 7.686706419340974942e-50 2.432488061972562551e-44 3.575574963543098127e-39 2.442599111951847373e-34 7.759691911420761871e-30 1.147256933556787962e-25 7.901734989912791660e-22 2.538426415386387644e-18 3.809591345082073284e-15 2.676563151438603863e-12 8.828776324663774919e-10 1.372707271492523945e-07 1.011845735757314483e-05 3.566873550157506926e-04 6.096436313463707464e-03 5.169478642078293579e-02 2.263972273428234150e-01 5.505732015366358034e-01 8.425476621739163008e-01 9.701401809163163747e-01 9.971164001175176761e-01 9.998629410882927671e-01 9.999968561981729120e-01 9.999999656147660065e-01 9.999999998220412412e-01 9.999999999995664579e-01 9.999999999999995559e-01 1.000000000000000000e+00 1.000000000000000000e+00 1.000000000000000000e+00 1.000000000000000000e+00 1.000000000000000000e+00 1.000000000000000000e+00 1.000000000000000000e+00 1.000000000000000000e+00 1.000000000000000000e+00 1.000000000000000000e+00 1.000000000000000000e+00 1.000000000000000000e+00 1.000000000000000000e+00 1.000000000000000000e+00 1.000000000000000000e+00 1.000000000000000000e+00 1.000000000000000000e+00 1.000000000000000000e+00 1.000000000000000000e+00 1.000000000000000000e+00 1.000000000000000000e+00 1.000000000000000000e+00 1.000000000000000000e+00 1.000000000000000000e+00 1.000000000000000000e+00 1.000000000000000000e+00 1.000000000000000000e+00 1.000000000000000000e+00 1.000000000000000000e+00 1.000000000000000000e+00 1.000000000000000000e+00 1.000000000000000000e+00 1.000000000000000000e+00 1.000000000000000000e+00 1.000000000000000000e+00 1.000000000000000000e+00 1.000000000000000000e+00 1.000000000000000000e+00 1.000000000000000000e+00 1.000000000000000000e+00 1.000000000000000000e+00 1.000000000000000000e+00 1.000000000000000000e+00 1.000000000000000000e+00 1.000000000000000000e+00 1.000000000000000000e+00 1.000000000000000000e+00 1.000000000000000000e+00
1.818246651226594521e-217 5.016099064935241461e-207 7.618083021199605475e-197 6.369507336577266325e-187 2.931986217033957769e-177 7.430715072542633909e-168 1.036883497254321421e-158 7.966721233579141457e-150 3.370551557761368486e-141 7.852670675261743310e-133 1.007521747008554318e-124 7.119347558767321810e-117 2.770802782944314343e-109 5.939978353537482672e-102 7.014808491883570828e-95 4.563947401871662005e-88 1.636086898098714621e-81 3.231958795687844912e-75 3.518669220122309997e-69 2.111599541687675058e-63 6.986211980000745878e-58 1.274549449498886211e-52 1.282499692352541659e-47 7.119680163330943152e-43 2.181237476109615283e-38 3.689313119737689283e-34 3.446507832400533839e-30 1.779235810030871109e-26 5.079096705047830438e-23 8.023799600218154849e-20 7.021669243998469644e-17 3.408057869033261525e-14 9.189160041716539860e-12 1.379315483530468558e-09 1.155865340839421347e-07 5.429036840923646065e-06 1.437370213088853029e-04 2.163202083883200219e-03 1.874804847218469739e-02 9.555290949116541921e-02 2.965640310028532789e-01 5.943299831080399720e-01 8.441601716603885919e-01 9.628458253992998594e-01 9.947319001876362421e-01 9.995668955830914193e-01 9.999796728003296220e-01 9.999994607192130847e-01 9.999999919655244707e-01 9.999999999330817513e-01 9.999999999996893596e-01 9.999999999999992228e-01 1.000000000000000000e+00 1.000000000000000000e+00 1.000000000000000000e+00 1.000000000000000000e+00 1.000000000000000000e+00 1.000000000000000000e+00 1.000000000000000000e+00 1.000000000000000000e+00 1.000000000000000000e+00 1.000000000000000000e+00 1.000000000000000000e+00 1.000000000000000000e+00 1.000000000000000000e+00 1.000000000000000000e+00 1.000000000000000000e+00 1.000000000000000000e+00 1.000000000000000000e+00 1.000000000000000000e+00 1.000000000000000000e+00 1.000000000000000000e+00 1.000000000000000000e+00 1.000000000000000000e+00 1.000000000000000000e+00 1.000000000000000000e+00 1.000000000000000000e+00 1.000000000000000000e+00 1.000000000000000000e+00 1.000000000000000000e+00 1.000000000000000000e+00 1.000000000000000000e+00 1.000000000000000000e+00 1.000000000000000000e+00 1.000000000000000000e+00 1.000000000000000000e+00 1.000000000000000000e+00 1.000000000000000000e+00 1.000000000000000000e+00 1.000000000000000000e+00 1.000000000000000000e+00 1.000000000000000000e+00 1.000000000000000000e+00 1.000000000000000000e+00 1.000000000000000000e+00 1.000000000000000000e+00 1.000000000000000000e+00 1.000000000000000000e+00 1.000000000000000000e+00 1.000000000000000000e+00
4.279821308099493540e-130 1.114156851523498013e-123 1.985422446932294317e-117 2.421927392016025882e-111 2.022497111458030487e-105 1.156249988298992232e-99 4.525563483192114037e-94 1.212753446295353059e-88 2.225231382870144014e-83 2.795804372945870798e-78 2.405448384116350719e-73 1.417341803842534146e-68 5.719754671255334298e-64 1.581041325783732405e-59 2.993747693074524864e-55 3.883662813134311674e-51 3.452043365050836024e-47 2.102714379479665753e-43 8.778546210670638979e-40 2.512358775141904828e-36 4.930003844526585598e-33 6.634722749450515081e-30 6.125309426118097790e-27 3.880635660615484575e-24 1.687764462454901037e-21 5.041389159241337004e-19 1.034789544278589790e-16 1.460496976167519385e-14 1.418545936912127753e-12 9.490989285161882440e-11 4.379739497605374021e-09 1.396207197909887639e-07 3.081233037454260933e-06 4.720436385376157066e-05 5.039314133390436533e-04 3.768737216289036896e-03 1.989569181881983145e-02 7.497604430392140751e-02 2.051137246984859885e-01 4.178931969224737863e-01 6.587012342563245415e-01 8.473487045382649407e-01 9.496361276920246564e-01 9.880129174914622503e-01 9.979718524073692976e-01 9.997584513970655395e-01 9.999798858807285029e-01 9.999988344519653571e-01 9.999999531611747372e-01 9.999999986979442035e-01 9.999999999750097679e-01 9.999999999996693756e-01 9.999999999999970024e-01 1.000000000000000000e+00 1.000000000000000000e+00 1.000000000000000000e+00 1.000000000000000000e+00 1.000000000000000000e+00 1.000000000000000000e+00 1.000000000000000000e+00 1.000000000000000000e+00 1.000000000000000000e+00 1.000000000000000000e+00 1.000000000000000000e+00 1.000000000000000000e+00 1.000000000000000000e+00 1.000000000000000000e+00 1.000000000000000000e+00 1.000000000000000000e+00 1.000000000000000000e+00 1.000000000000000000e+00 1.000000000000000000e+00 1.000000000000000000e+00 1.000000000000000000e+00 1.000000000000000000e+00 1.000000000000000000e+00 1.000000000000000000e+00 1.000000000000000000e+00 1.000000000000000000e+00 1.000000000000000000e+00 1.000000000000000000e+00 1.000000000000000000e+00 1.000000000000000000e+00 1.000000000000000000e+00 1.000000000000000000e+00 1.000000000000000000e+00 1.000000000000000000e+00 1.000000000000000000e+00 1.000000000000000000e+00 1.000000000000000000e+00 1.000000000000000000e+00 1.000000000000000000e+00 1.000000000000000000e+00 1.000000000000000000e+00 1.000000000000000000e+00 1.000000000000000000e+00 1.000000000000000000e+00 1.000000000000000000e+00 1.000000000000000000e+00 1.000000000000000000e+00
1.632742570920672175e-92 8.751125331223349544e-88 3.504705602465372654e-83 1.048813897192745747e-78 2.345437710198003749e-74 3.919665348950503287e-70 4.895495342798824240e-66 4.569744949472322021e-62 3.188324218477267504e-58 1.662794076822655982e-54 6.482661348624166447e-51 1.889487582899066728e-47 4.117670992846622066e-44 6.709990329416944875e-41 8.177225941754431184e-38 7.453521161114349668e-35 5.082218260210751134e-32 2.592717109145694760e-29 9.898079752352287552e-27 2.828375571381232762e-24 6.050965163681468465e-22 9.694887119146516933e-20 1.163703709409517876e-17 1.046891697527604637e-15 7.062080644329147449e-14 3.574289281483358535e-12 1.358256535363239816e-10 3.878720002944192662e-09 8.332620410742838138e-08 1.348518419154158187e-06 1.646939319590829821e-05 1.521384396943243115e-04 1.066259435828632038e-03 5.692989387752086378e-03 2.328883068661440764e-02 7.358269069291828446e-02 1.816451669828583748e-01 3.562093469047336591e-01 5.682395515459395252e-01 7.618906919365248109e-01 8.948791664051802819e-01 9.635458906935148171e-01 9.901997414028423927e-01 9.979760975494371689e-01 9.996809911899438017e-01 9.999617997301157857e-01 9.999965365583314281e-01 9.999997628484710299e-01 9.999999877599941023e-01 9.999999995245286710e-01 9.999999999861151068e-01 9.999999999996954658e-01 9.999999999999950040e-01 1.000000000000000000e+00 1.000000000000000000e+00 1.000000000000000000e+00 1.000000000000000000e+00 1.000000000000000000e+00 1.000000000000000000e+00 1.000000000000000000e+00 1.000000000000000000e+00 1.000000000000000000e+00 1.000000000000000000e+00 1.000000000000000000e+00 1.000000000000000000e+00 1.000000000000000000e+00 1.000000000000000000e+00 1.000000000000000000e+00 1.000000000000000000e+00 1.000000000000000000e+00 1.000000000000000000e+00 1.000000000000000000e+00 1.000000000000000000e+00 1.000000000000000000e+00 1.000000000000000000e+00 1.000000000000000000e+00 1.000000000000000000e+00 1.000000000000000000e+00 1.000000000000000000e+00 1.000000000000000000e+00 1.000000000000000000e+00 1.000000000000000000e+00 1.000000000000000000e+00 1.000000000000000000e+00 1.000000000000000000e+00 1.000000000000000000e+00 1.000000000000000000e+00 1.000000000000000000e+00 1.000000000000000000e+00 1.000000000000000000e+00 1.000000000000000000e+00 1.000000000000000000e+00 1.000000000000000000e+00 1.000000000000000000e+00 1.000000000000000000e+00 1.000000000000000000e+00 1.000000000000000000e+00 1.000000000000000000e+00 1.000000000000000000e+00 1.000000000000000000e+00
4.910197377166909971e-83 1.362138562033579130e-78 2.834474069096304984e-74 4.424591864413876526e-70 5.181386705986284486e-66 4.552138753363897339e-62 3.000603903415575315e-58 1.484072843877106137e-54 5.507922898482857879e-51 1.534061440053170631e-47 3.206712860047426541e-44 5.031349979418289888e-41 5.926060898405797053e-38 5.240357859346498788e-35 3.479624043855605377e-32 1.735209640028974318e-29 6.499822549065730092e-27 1.829256046243160298e-24 3.868821677227614989e-22 6.150906412338293796e-20 7.353628755299439809e-18 6.613605813202841109e-16 4.476648208273771068e-14 2.281866354625036772e-12 8.764882523606114186e-11 2.539120175172280494e-09 5.553302749410351798e-08 9.181545722938140384e-07 1.149472210649223855e-05 1.092034876896040780e-04 7.895302567028845194e-04 4.360789443798673490e-03 1.849787200163180781e-02 6.070974336286606710e-02 1.557989602566011433e-01 3.174267439541695879e-01 5.247430448838827921e-01 7.254234095630769374e-01 8.720212288192286110e-01 9.528329834244285701e-01 9.864451247335739303e-01 9.969919446892192560e-01 9.994880395182577093e-01 9.999335005667316922e-01 9.999934313731067004e-01 9.999995079073521476e-01 9.999999720968072436e-01 9.999999988043215549e-01 9.999999999613282675e-01 9.999999999990568655e-01 9.999999999999826805e-01 9.999999999999997780e-01 1.000000000000000000e+00 1.000000000000000000e+00 1.000000000000000000e+00 1.000000000000000000e+00 1.000000000000000000e+00 1.000000000000000000e+00 1.000000000000000000e+00 1.000000000000000000e+00 1.000000000000000000e+00 1.000000000000000000e+00 1.000000000000000000e+00 1.000000000000000000e+00 1.000000000000000000e+00 1.000000000000000000e+00 1.000000000000000000e+00 1.000000000000000000e+00 1.000000000000000000e+00 1.000000000000000000e+00 1.000000000000000000e+00 1.000000000000000000e+00 1.000000000000000000e+00 1.000000000000000000e+00 1.000000000000000000e+00 1.000000000000000000e+00 1.000000000000000000e+00 1.000000000000000000e+00 1.000000000000000000e+00 1.000000000000000000e+00 1.000000000000000000e+00 1.000000000000000000e+00 1.000000000000000000e+00 1.000000000000000000e+00 1.000000000000000000e+00 1.000000000000000000e+00 1.000000000000000000e+00 1.000000000000000000e+00 1.000000000000000000e+00 1.000000000000000000e+00 1.000000000000000000e+00 1.000000000000000000e+00 1.000000000000000000e+00 1.000000000000000000e+00 1.000000000000000000e+00 1.000000000000000000e+00 1.000000000000000000e+00 1.000000000000000000e+00 1.000000000000000000e+00 1.000000000000000000e+00
6.504194111661364329e-58 1.025646063398091936e-54 1.303795658107694746e-51 1.336142503016165123e-48 1.103958352025402059e-45 7.354228921581804049e-43 3.950361215302434086e-40 1.711139856320428589e-37 5.977514920644940531e-35 1.684161952666469915e-32 3.827554338308382561e-30 7.017541819283058467e-28 1.038085128702086100e-25 1.239169990808568354e-23 1.193859364533112572e-21 9.285057342461601037e-20 5.830720972008038707e-18 2.957182204002144558e-16 1.211663014516161216e-14 4.012223605923052525e-13 1.074153279549935651e-11 2.326145168762298973e-10 4.077087552332666362e-09 5.787779834238661137e-08 6.660342559429566943e-07 6.219645953063966090e-06 4.719513137679877423e-05 2.914901771521114914e-04 1.468548411758470278e-03 6.052301143121047514e-03 2.048100007609303386e-02 5.719684842099207606e-02 1.327290466238751909e-01 2.583575153598493546e-01 4.273002668712400087e-01 6.109952693427594950e-01 7.724922666700420049e-01 8.872907644043908082e-01 9.532689350317946619e-01 9.839264496188555587e-01 9.954429246100700013e-01 9.989400812404094498e-01 9.997984713039045346e-01 9.999687595014294939e-01 9.999960597532973061e-01 9.999995963013363909e-01 9.999999664440795133e-01 9.999999977394311568e-01 9.999999998766766485e-01 9.999999999945554663e-01 9.999999999998055999e-01 9.999999999999944489e-01 9.999999999999998890e-01 1.000000000000000000e+00 1.000000000000000000e+00 1.000000000000000000e+00 1.000000000000000000e+00 1.000000000000000000e+00 1.000000000000000000e+00 1.000000000000000000e+00 1.000000000000000000e+00 1.000000000000000000e+00 1.000000000000000000e+00 1.000000000000000000e+00 1.000000000000000000e+00 1.000000000000000000e+00 1.000000000000000000e+00 1.000000000000000000e+00 1.000000000000000000e+00 1.000000000000000000e+00 1.000000000000000000e+00 1.000000000000000000e+00 1.000000000000000000e+00 1.000000000000000000e+00 1.000000000000000000e+00 1.000000000000000000e+00 1.000000000000000000e+00 1.000000000000000000e+00 1.000000000000000000e+00 1.000000000000000000e+00 1.000000000000000000e+00 1.000000000000000000e+00 1.000000000000000000e+00 1.000000000000000000e+00 1.000000000000000000e+00 1.000000000000000000e+00 1.000000000000000000e+00 1.000000000000000000e+00 1.000000000000000000e+00 1.000000000000000000e+00 1.000000000000000000e+00 1.000000000000000000e+00 1.000000000000000000e+00 1.000000000000000000e+00 1.000000000000000000e+00 1.000000000000000000e+00 1.000000000000000000e+00 1.000000000000000000e+00 1.000000000000000000e+00 1.000000000000000000e+00
1.315391007227545561e-30 7.744552836527684363e-29 4.012002045539373947e-27 1.828847602144678987e-25 7.336290281964599659e-24 2.589955655212583712e-22 8.047533578058025446e-21 2.201049703772831801e-19 5.299564048440813306e-18 1.123429407693641640e-16 2.097032620665143061e-15 3.447339701152138707e-14 4.991795550552409480e-13 6.368068325631239164e-12 7.158683894790011895e-11 7.093224876500880488e-10 6.196791312109632651e-09 4.774750105997800087e-08 3.246145656800133321e-07 1.948149926216486885e-06 1.032653981046088199e-05 4.837858860381652861e-05 2.004767576148466411e-04 7.355430799705560711e-04 2.392218907472660593e-03 6.906843593240988635e-03 1.773531449277073943e-02 4.059553182616211509e-02 8.307380462354646555e-02 1.525492390253787023e-01 2.525670523956444757e-01 3.793053577032884927e-01 5.206647653032662193e-01 6.594453340443668932e-01 7.793730582525375539e-01 8.705943832475830924e-01 9.316684596120156092e-01 9.676598082307042992e-01 9.863285912913775100e-01 9.948518498441147884e-01 9.982768555629265572e-01 9.994882241713431981e-01 9.998653126974270666e-01 9.999686255125254108e-01 9.999935370287718062e-01 9.999988235723741292e-01 9.999998108952851128e-01 9.999999731703942407e-01 9.999999966417962849e-01 9.999999996293061910e-01 9.999999999639257453e-01 9.999999999969059195e-01 9.999999999997661870e-01 9.999999999999844569e-01 9.999999999999991118e-01 1.000000000000000000e+00 1.000000000000000000e+00 1.000000000000000000e+00 1.000000000000000000e+00 1.000000000000000000e+00 1.000000000000000000e+00 1.000000000000000000e+00 1.000000000000000000e+00 1.000000000000000000e+00 1.000000000000000000e+00 1.000000000000000000e+00 1.000000000000000000e+00 1.000000000000000000e+00 1.000000000000000000e+00 1.000000000000000000e+00 1.000000000000000000e+00 1.000000000000000000e+00 1.000000000000000000e+00 1.000000000000000000e+00 1.000000000000000000e+00 1.000000000000000000e+00 1.000000000000000000e+00 1.000000000000000000e+00 1.000000000000000000e+00 1.000000000000000000e+00 1.000000000000000000e+00 1.000000000000000000e+00 1.000000000000000000e+00 1.000000000000000000e+00 1.000000000000000000e+00 1.000000000000000000e+00 1.000000000000000000e+00 1.000000000000000000e+00 1.000000000000000000e+00 1.000000000000000000e+00 1.000000000000000000e+00 1.000000000000000000e+00 1.000000000000000000e+00 1.000000000000000000e+00 1.000000000000000000e+00 1.000000000000000000e+00 1.000000000000000000e+00 1.000000000000000000e+00 1.000000000000000000e+00 1.000000000000000000e+00
2.426611718164724107e-19 3.321089424272994759e-18 4.171820824646372898e-17 4.810241506740219040e-16 5.091418346069555474e-15 4.947427578702045788e-14 4.413986904598928199e-13 3.616099745248284162e-12 2.720568808889525000e-11 1.879954480311858007e-10 1.193352512670464961e-09 6.959816079714478318e-09 3.730077529471417738e-08 1.837485472636434891e-07 8.321933439277375511e-07 3.466115833295235758e-06 1.328078249116101512e-05 4.683085137986532030e-05 1.520413693235978035e-04 4.547154412643240298e-04 1.253526165441563476e-03 3.187574353134396601e-03 7.483407416137788370e-03 1.623699331798862319e-02 3.260081403030537506e-02 6.066451693671412460e-02 1.048183111213337876e-01 1.685499272218297095e-01 2.529429495267226935e-01 3.554664710905648395e-01 4.697296534319045369e-01 5.865598740507517173e-01 6.961496936386623036e-01 7.904582744913932757e-01 8.649139546662105715e-01 9.188413609291870010e-01 9.546745569050725244e-01 9.765181922580399299e-01 9.887341213860825206e-01 9.950015437965042953e-01 9.979514674751605030e-01 9.992252352054558084e-01 9.997298099108282710e-01 9.999131740622737574e-01 9.999743041343660543e-01 9.999929999552379378e-01 9.999982453818536676e-01 9.999995954667912912e-01 9.999999142405691099e-01 9.999999832871862004e-01 9.999999970066624222e-01 9.999999995073809433e-01 9.999999999255204663e-01 9.999999999896564962e-01 9.999999999986807220e-01 9.999999999998454570e-01 9.999999999999833467e-01 9.999999999999983347e-01 9.999999999999997780e-01 1.000000000000000000e+00 1.000000000000000000e+00 1.000000000000000000e+00 1.000000000000000000e+00 1.000000000000000000e+00 1.000000000000000000e+00 1.000000000000000000e+00 1.000000000000000000e+00 1.000000000000000000e+00 1.000000000000000000e+00 1.000000000000000000e+00 1.000000000000000000e+00 1.000000000000000000e+00 1.000000000000000000e+00 1.000000000000000000e+00 1.000000000000000000e+00 1.000000000000000000e+00 1.000000000000000000e+00 1.000000000000000000e+00 1.000000000000000000e+00 1.000000000000000000e+00 1.000000000000000000e+00 1.000000000000000000e+00 1.000000000000000000e+00 1.000000000000000000e+00 1.000000000000000000e+00 1.000000000000000000e+00 1.000000000000000000e+00 1.000000000000000000e+00 1.000000000000000000e+00 1.000000000000000000e+00 1.000000000000000000e+00 1.000000000000000000e+00 1.000000000000000000e+00 1.000000000000000000e+00 1.000000000000000000e+00 1.000000000000000000e+00 1.000000000000000000e+00 1.000000000000000000e+00 1.000000000000000000e+00 1.000000000000000000e+00
2.473525380568248114e-34 4.189212674793721426e-32 5.922154512040291676e-30 6.988739375488580171e-28 6.885489279548376106e-26 5.664191809591413409e-24 3.891031273192808933e-22 2.232434229840805104e-20 1.069920978767908247e-18 4.284158584080654047e-17 1.433552376287476178e-15 4.009618864351736580e-14 9.376876138124347806e-13 1.834100731842190160e-11 3.001699945382322515e-10 4.112351430262124987e-09 4.718781352212819033e-08 4.538077249327060030e-07 3.660689034633113276e-06 2.479290336167249000e-05 1.411535407239244662e-04 6.765748518094478374e-04 2.735503440919733256e-03 9.352612834040444079e-03 2.712719842017198568e-02 6.703470853527836171e-02 1.419292936595895338e-01 2.594190712669345311e-01 4.134873518732614106e-01 5.823741613222582769e-01 7.371308968621966828e-01 8.556730542158794695e-01 9.315762002384344598e-01 9.722019029619046737e-01 9.903772623037211398e-01 9.971738286183990940e-01 9.992980549139260926e-01 9.998529284350962110e-01 9.999740562683590017e-01 9.999961527478232748e-01 9.999995209793808293e-01 9.999999499716453188e-01 9.999999956208638352e-01 9.999999996789417089e-01 9.999999999802955397e-01 9.999999999989881427e-01 9.999999999999564793e-01 9.999999999999984457e-01 1.000000000000000000e+00 1.000000000000000000e+00 1.000000000000000000e+00 1.000000000000000000e+00 1.000000000000000000e+00 1.000000000000000000e+00 1.000000000000000000e+00 1.000000000000000000e+00 1.000000000000000000e+00 1.000000000000000000e+00 1.000000000000000000e+00 1.000000000000000000e+00 1.000000000000000000e+00 1.000000000000000000e+00 1.000000000000000000e+00 1.000000000000000000e+00 1.000000000000000000e+00 1.000000000000000000e+00 1.000000000000000000e+00 1.000000000000000000e+00 1.000000000000000000e+00 1.000000000000000000e+00 1.000000000000000000e+00 1.000000000000000000e+00 1.000000000000000000e+00 1.000000000000000000e+00 1.000000000000000000e+00 1.000000000000000000e+00 1.000000000000000000e+00 1.000000000000000000e+00 1.000000000000000000e+00 1.000000000000000000e+00 1.000000000000000000e+00 1.000000000000000000e+00 1.000000000000000000e+00 1.000000000000000000e+00 1.000000000000000000e+00 1.000000000000000000e+00 1.000000000000000000e+00 1.000000000000000000e+00 1.000000000000000000e+00 1.000000000000000000e+00 1.000000000000000000e+00 1.000000000000000000e+00 1.000000000000000000e+00 1.000000000000000000e+00 1.000000000000000000e+00 1.000000000000000000e+00 1.000000000000000000e+00 1.000000000000000000e+00 1.000000000000000000e+00 1.000000000000000000e+00
9.276918717548042236e-23 2.421926748133686992e-21 5.651310577206823142e-20 1.178705234000821236e-18 2.197708207811653463e-17 3.663440083008638392e-16 5.460257084252688236e-15 7.277777143532936661e-14 8.675805585594878087e-13 9.251628148760159631e-12 8.826840936313663337e-11 7.536400419878322311e-10 5.759705733934362947e-09 3.941271696915497368e-08 2.415535506180974141e-07 1.326465009520368066e-06 6.529440604720596361e-06 2.882576964030891142e-05 1.142036825413024660e-04 4.063459861831862879e-04 1.299622417458007675e-03 3.740382868984148523e-03 9.699984005970999773e-03 2.270366806322868594e-02 4.805943355216153734e-02 9.224206196959076898e-02 1.610429011981731884e-01 2.567855835012655685e-01 3.758518790563762368e-01 5.081777121575091760e-01 6.396013645678424453e-01 7.562488799478852552e-01 8.487719187503137697e-01 9.143555563307333989e-01 9.558997688643369184e-01 9.794173476961787195e-01 9.913143844934744209e-01 9.966926922973827763e-01 9.988654393438712864e-01 9.996498163720483054e-01 9.999028555645823602e-01 9.999758000644167755e-01 9.999945903476293863e-01 9.999989155249857653e-01 9.999998051311502767e-01 9.999999686274932964e-01 9.999999954764576815e-01 9.999999994160280181e-01 9.999999999325208666e-01 9.999999999930224703e-01 9.999999999993545163e-01 9.999999999999465983e-01 9.999999999999960032e-01 9.999999999999997780e-01 1.000000000000000000e+00 1.000000000000000000e+00 1.000000000000000000e+00 1.000000000000000000e+00 1.000000000000000000e+00 1.000000000000000000e+00 1.000000000000000000e+00 1.000000000000000000e+00 1.000000000000000000e+00 1.000000000000000000e+00 1.000000000000000000e+00 1.000000000000000000e+00 1.000000000000000000e+00 1.000000000000000000e+00 1.000000000000000000e+00 1.000000000000000000e+00 1.000000000000000000e+00 1.000000000000000000e+00 1.000000000000000000e+00 1.000000000000000000e+00 1.000000000000000000e+00 1.000000000000000000e+00 1.000000000000000000e+00 1.000000000000000000e+00 1.000000000000000000e+00 1.000000000000000000e+00 1.000000000000000000e+00 1.000000000000000000e+00 1.000000000000000000e+00 1.000000000000000000e+00 1.000000000000000000e+00 1.000000000000000000e+00 1.000000000000000000e+00 1.000000000000000000e+00 1.000000000000000000e+00 1.000000000000000000e+00 1.000000000000000000e+00 1.000000000000000000e+00 1.000000000000000000e+00 1.000000000000000000e+00 1.000000000000000000e+00 1.000000000000000000e+00 1.000000000000000000e+00 1.000000000000000000e+00 1.000000000000000000e+00 1.000000000000000000e+00
1.133873920177184460e-30 1.077492675293566549e-28 8.724987928809152411e-27 6.020829657504737401e-25 3.541060721905690463e-23 1.775193222525190768e-21 7.586627897244026478e-20 2.764429114262365415e-18 8.589866528532994840e-17 2.276522705862479050e-15 5.146995937955574981e-14 9.929721776906371852e-13 1.635095332233269211e-11 2.298860948865314429e-10 2.760645519269300777e-09 2.832897322440503735e-08 2.485440786582588936e-07 1.865536906553343133e-06 1.198849684435480480e-05 6.602245357823391760e-05 3.119494562314603842e-04 1.266381487237039794e-03 4.425026981724851025e-03 1.333938396595965407e-02 3.479430010438525761e-02 7.883191399279780576e-02 1.559207227554071651e-01 2.710107648172156991e-01 4.175550908813913109e-01 5.766985344792185941e-01 7.240987864466171819e-01 8.405371981161668948e-01 9.189847399257180527e-01 9.640603407784169576e-01 9.861492692282651795e-01 9.953806858173194216e-01 9.986707942197964316e-01 9.996707617058940842e-01 9.999299284439502333e-01 9.999872044418838257e-01 9.999979975613366712e-01 9.999997316923098234e-01 9.999999692428607201e-01 9.999999969854647119e-01 9.999999997475212954e-01 9.999999999819380037e-01 9.999999999988967714e-01 9.999999999999424904e-01 9.999999999999974465e-01 9.999999999999998890e-01 1.000000000000000000e+00 1.000000000000000000e+00 1.000000000000000000e+00 1.000000000000000000e+00 1.000000000000000000e+00 1.000000000000000000e+00 1.000000000000000000e+00 1.000000000000000000e+00 1.000000000000000000e+00 1.000000000000000000e+00 1.000000000000000000e+00 1.000000000000000000e+00 1.000000000000000000e+00 1.000000000000000000e+00 1.000000000000000000e+00 1.000000000000000000e+00 1.000000000000000000e+00 1.000000000000000000e+00 1.000000000000000000e+00 1.000000000000000000e+00 1.000000000000000000e+00 1.000000000000000000e+00 1.000000000000000000e+00 1.000000000000000000e+00 1.000000000000000000e+00 1.000000000000000000e+00 1.000000000000000000e+00 1.000000000000000000e+00 1.000000000000000000e+00 1.000000000000000000e+00 1.000000000000000000e+00 1.000000000000000000e+00 1.000000000000000000e+00 1.000000000000000000e+00 1.000000000000000000e+00 1.000000000000000000e+00 1.000000000000000000e+00 1.000000000000000000e+00 1.000000000000000000e+00 1.000000000000000000e+00 1.000000000000000000e+00 1.000000000000000000e+00 1.000000000000000000e+00 1.000000000000000000e+00 1.000000000000000000e+00 1.000000000000000000e+00 1.000000000000000000e+00 1.000000000000000000e+00 1.000000000000000000e+00 1.000000000000000000e+00
2.607338654579817610e-29 1.777520195877954744e-27 1.049192240436879819e-25 5.362354445356215686e-24 2.373320141436221105e-22 9.097089297156820876e-21 3.020258318068487044e-19 8.686351925750729678e-18 2.164440563776458612e-16 4.673478254992202784e-15 8.745852426514473417e-14 1.418808721691052136e-12 1.995773827681752134e-11 2.434931711191362960e-10 2.577460668489692895e-09 2.368060136093694888e-08 1.889224731284713643e-07 1.309470067040178654e-06 7.890497022101835897e-06 4.136587993961470449e-05 1.888484165893282245e-04 7.516465019033899625e-04 2.611909950578569783e-03 7.938115638027928161e-03 2.114783864976326963e-02 4.952776032244675386e-02 1.023453345004316783e-01 1.874987650132491079e-01 3.064276846494697337e-01 4.503201616164001497e-01 6.011391749254687555e-01 7.380828610324889905e-01 8.458024721250021472e-01 9.192051225247361845e-01 9.625351250599800679e-01 9.846925860195074875e-01 9.945077694411490477e-01 9.982740741507465376e-01 9.995259499506707890e-01 9.998863831001394420e-01 9.999762694441090005e-01 9.999956852317459788e-01 9.999993176388067839e-01 9.999999062077054024e-01 9.999999888015769223e-01 9.999999988391772288e-01 9.999999998955735325e-01 9.999999999918505189e-01 9.999999999994484412e-01 9.999999999999675815e-01 9.999999999999983347e-01 1.000000000000000000e+00 1.000000000000000000e+00 1.000000000000000000e+00 1.000000000000000000e+00 1.000000000000000000e+00 1.000000000000000000e+00 1.000000000000000000e+00 1.000000000000000000e+00 1.000000000000000000e+00 1.000000000000000000e+00 1.000000000000000000e+00 1.000000000000000000e+00 1.000000000000000000e+00 1.000000000000000000e+00 1.000000000000000000e+00 1.000000000000000000e+00 1.000000000000000000e+00 1.000000000000000000e+00 1.000000000000000000e+00 1.000000000000000000e+00 1.000000000000000000e+00 1.000000000000000000e+00 1.000000000000000000e+00 1.000000000000000000e+00 1.000000000000000000e+00 1.000000000000000000e+00 1.000000000000000000e+00 1.000000000000000000e+00 1.000000000000000000e+00 1.000000000000000000e+00 1.000000000000000000e+00 1.000000000000000000e+00 1.000000000000000000e+00 1.000000000000000000e+00 1.000000000000000000e+00 1.000000000000000000e+00 1.000000000000000000e+00 1.000000000000000000e+00 1.000000000000000000e+00 1.000000000000000000e+00 1.000000000000000000e+00 1.000000000000000000e+00 1.000000000000000000e+00 1.000000000000000000e+00 1.000000000000000000e+00 1.000000000000000000e+00 1.000000000000000000e+00 1.000000000000000000e+00 1.000000000000000000e+00
4.279756636600096551e-82 4.317201704656856585e-77 3.006960109899140955e-72 1.446193384540032564e-67 4.803226280109573599e-63 1.101757567804114560e-58 1.745532799877655049e-54 1.910322072873250134e-50 1.444359117506285900e-46 7.545602732103437953e-43 2.724149200869060969e-39 6.797722600514555835e-36 1.172681515821961316e-32 1.398886979370815136e-29 1.154221016705023187e-26 6.589259702761450307e-24 2.603677421169263565e-21 7.124136337655579988e-19 1.350520082356329879e-16 1.774887944348310478e-14 1.618382456744140876e-12 1.024830876952457277e-10 4.512454154872263529e-09 1.383689557166805410e-07 2.960799652196721388e-06 4.432933853800597319e-05 4.660905037533798353e-04 3.459001240758707418e-03 1.825068074890994624e-02 6.919275388156856388e-02 1.915053996773158074e-01 3.963160029312333688e-01 6.355441268863081250e-01 8.304743372036955673e-01 9.412682258589025741e-01 9.851840848743311785e-01 9.973190293191477318e-01 9.996554919511083659e-01 9.999687781577206724e-01 9.999980140620594593e-01 9.999999116506831376e-01 9.999999972581119501e-01 9.999999999407540585e-01 9.999999999991100452e-01 9.999999999999906741e-01 1.000000000000000000e+00 1.000000000000000000e+00 1.000000000000000000e+00 1.000000000000000000e+00 1.000000000000000000e+00 1.000000000000000000e+00 1.000000000000000000e+00 1.000000000000000000e+00 1.000000000000000000e+00 1.000000000000000000e+00 1.000000000000000000e+00 1.000000000000000000e+00 1.000000000000000000e+00 1.000000000000000000e+00 1.000000000000000000e+00 1.000000000000000000e+00 1.000000000000000000e+00 1.000000000000000000e+00 1.000000000000000000e+00 1.000000000000000000e+00 1.000000000000000000e+00 1.000000000000000000e+00 1.000000000000000000e+00 1.000000000000000000e+00 1.000000000000000000e+00 1.000000000000000000e+00 1.000000000000000000e+00 1.000000000000000000e+00 1.000000000000000000e+00 1.000000000000000000e+00 1.000000000000000000e+00 1.000000000000000000e+00 1.000000000000000000e+00 1.000000000000000000e+00 1.000000000000000000e+00 1.000000000000000000e+00 1.000000000000000000e+00 1.000000000000000000e+00 1.000000000000000000e+00 1.000000000000000000e+00 1.000000000000000000e+00 1.000000000000000000e+00 1.000000000000000000e+00 1.000000000000000000e+00 1.000000000000000000e+00 1.000000000000000000e+00 1.000000000000000000e+00 1.000000000000000000e+00 1.000000000000000000e+00 1.000000000000000000e+00 1.000000000000000000e+00 1.000000000000000000e+00 1.000000000000000000e+00 1.000000000000000000e+00 1.000000000000000000e+00
1.463508511193670436e-67 6.959100714345928955e-64 2.594655138251557290e-60 7.585720527256224375e-57 1.739116843542431341e-53 3.126811859677999121e-50 4.409046989899954113e-47 4.876290174597076789e-44 4.230302024444631306e-41 2.878917510776986798e-38 1.537115303850557764e-35 6.439489850397340346e-33 2.116988660708149835e-30 5.462214241864600614e-28 1.106295447554123060e-25 1.759155397679441406e-23 2.196633699893635134e-21 2.154440360663759601e-19 1.660174928275088654e-17 1.005436070983190816e-15 4.787391681573577184e-14 1.792997266420500434e-12 5.284766039583895561e-11 1.226629663616897756e-09 2.243771563874120663e-08 3.237686033474450880e-07 3.689750564216217068e-06 3.325956031375177768e-05 2.375899650876423072e-04 1.348402564210780591e-03 6.100032588778534631e-03 2.209571335835277747e-02 6.447733179853518126e-02 1.528695920039112865e-01 2.979970604084720698e-01 4.855868035377859937e-01 6.764868318147628790e-01 8.294339315510910193e-01 9.259063811963765822e-01 9.738100187439320266e-01 9.925341479383358312e-01 9.982946054039769646e-01 9.996893008586020812e-01 9.999550094847314829e-01 9.999948354162289110e-01 9.999995309531926058e-01 9.999999663496934588e-01 9.999999980953240275e-01 9.999999999150259722e-01 9.999999999970143882e-01 9.999999999999173994e-01 9.999999999999982236e-01 1.000000000000000000e+00 1.000000000000000000e+00 1.000000000000000000e+00 1.000000000000000000e+00 1.000000000000000000e+00 1.000000000000000000e+00 1.000000000000000000e+00 1.000000000000000000e+00 1.000000000000000000e+00 1.000000000000000000e+00 1.000000000000000000e+00 1.000000000000000000e+00 1.000000000000000000e+00 1.000000000000000000e+00 1.000000000000000000e+00 1.000000000000000000e+00 1.000000000000000000e+00 1.000000000000000000e+00 1.000000000000000000e+00 1.000000000000000000e+00 1.000000000000000000e+00 1.000000000000000000e+00 1.000000000000000000e+00 1.000000000000000000e+00 1.000000000000000000e+00 1.000000000000000000e+00 1.000000000000000000e+00 1.000000000000000000e+00 1.000000000000000000e+00 1.000000000000000000e+00 1.000000000000000000e+00 1.000000000000000000e+00 1.000000000000000000e+00 1.000000000000000000e+00 1.000000000000000000e+00 1.000000000000000000e+00 1.000000000000000000e+00 1.000000000000000000e+00 1.000000000000000000e+00 1.000000000000000000e+00 1.000000000000000000e+00 1.000000000000000000e+00 1.000000000000000000e+00 1.000000000000000000e+00 1.000000000000000000e+00 1.000000000000000000e+00 1.000000000000000000e+00 1.000000000000000000e+00
7.886756964681941197e-67 1.848225733485171756e-63 3.524474639531954896e-60 5.469326923471283324e-57 6.907044472386528469e-54 7.098880852025555012e-51 5.938120484999432196e-48 4.042908137094617263e-45 2.240531553825550917e-42 1.010763979962410188e-39 3.712120639579346259e-37 1.109950298520650379e-34 2.702299256162484401e-32 5.357418229075181902e-30 8.650051310804187172e-28 1.137568481605982566e-25 1.218691328982489002e-23 1.063743198066961476e-21 7.566339771014324908e-20 4.386631337774265672e-18 2.073367892567484378e-16 7.991739659405268329e-15 2.512842876920699011e-13 6.447800322687554636e-12 1.350742937391243106e-10 2.311415565111802000e-09 3.232980312196454445e-08 3.698980624212671854e-07 3.465173695571725067e-06 2.660974263001809030e-05 1.677522533851142034e-04 8.698057850104152578e-04 3.718383237987084484e-03 1.314746634294783507e-02 3.861157909797351823e-02 9.472083869449481053e-02 1.956023017990713708e-01 3.436075901171651292e-01 5.207996231058779069e-01 6.939079528282944276e-01 8.319139041938126145e-01 9.216932728815099285e-01 9.693518052665855977e-01 9.899947014920364996e-01 9.972899693114856134e-01 9.993933704345144831e-01 9.998881117416760222e-01 9.999830345039200097e-01 9.999978889409383287e-01 9.999997847317400046e-01 9.999999820310891963e-01 9.999999987733100282e-01 9.999999999315616339e-01 9.999999999968813835e-01 9.999999999998839817e-01 9.999999999999964473e-01 9.999999999999998890e-01 1.000000000000000000e+00 1.000000000000000000e+00 1.000000000000000000e+00 1.000000000000000000e+00 1.000000000000000000e+00 1.000000000000000000e+00 1.000000000000000000e+00 1.000000000000000000e+00 1.000000000000000000e+00 1.000000000000000000e+00 1.000000000000000000e+00 1.000000000000000000e+00 1.000000000000000000e+00 1.000000000000000000e+00 1.000000000000000000e+00 1.000000000000000000e+00 1.000000000000000000e+00 1.000000000000000000e+00 1.000000000000000000e+00 1.000000000000000000e+00 1.000000000000000000e+00 1.000000000000000000e+00 1.000000000000000000e+00 1.000000000000000000e+00 1.000000000000000000e+00 1.000000000000000000e+00 1.000000000000000000e+00 1.000000000000000000e+00 1.000000000000000000e+00 1.000000000000000000e+00 1.000000000000000000e+00 1.000000000000000000e+00 1.000000000000000000e+00 1.000000000000000000e+00 1.000000000000000000e+00 1.000000000000000000e+00 1.000000000000000000e+00 1.000000000000000000e+00 1.000000000000000000e+00 1.000000000000000000e+00 1.000000000000000000e+00 1.000000000000000000e+00 1.000000000000000000e+00
2.078888697703536596e-59 1.481668305227208397e-56 8.940850377273566562e-54 4.568037510467265932e-51 1.976148626441066502e-48 7.238791954288027782e-46 2.245370667430650756e-43 5.898016892093378302e-41 1.312025853451643345e-38 2.471847344948540358e-36 3.944305559766769717e-34 5.331120615388044913e-32 6.103766115136074783e-30 5.920309638789253822e-28 4.865166623367747695e-26 3.387675422410924761e-24 1.998967594203908689e-22 9.996882777278268224e-21 4.237797335082391374e-19 1.523008654791070748e-17 4.641201815989335932e-16 1.199540381436945335e-14 2.630021830069470067e-13 4.893093878980985543e-12 7.727274748500237020e-11 1.036215539549135850e-09 1.180445368982115384e-08 1.142984876745764984e-07 9.412504937523236286e-07 6.597323150868820159e-06 3.939378087918669820e-05 2.006214022911937409e-04 8.726294544605401465e-04 3.247568612290360063e-03 1.036449059717385948e-02 2.844915306713376515e-02 6.741837498509239968e-02 1.386279687347276024e-01 2.489775223926441461e-01 3.939966241184282292e-01 5.556210397685231728e-01 7.083838624665798056e-01 8.308331838051199458e-01 9.140707520376061268e-01 9.620551732676481116e-01 9.855131184909780018e-01 9.952378349369584987e-01 9.986564269418680695e-01 9.996754518985915272e-01 9.999330077716264142e-01 9.999882011844785090e-01 9.999982291002099677e-01 9.999997737102596096e-01 9.999999754018422671e-01 9.999999977268952955e-01 9.999999998215256536e-01 9.999999999880992974e-01 9.999999999993263167e-01 9.999999999999675815e-01 9.999999999999986677e-01 1.000000000000000000e+00 1.000000000000000000e+00 1.000000000000000000e+00 1.000000000000000000e+00 1.000000000000000000e+00 1.000000000000000000e+00 1.000000000000000000e+00 1.000000000000000000e+00 1.000000000000000000e+00 1.000000000000000000e+00 1.000000000000000000e+00 1.000000000000000000e+00 1.000000000000000000e+00 1.000000000000000000e+00 1.000000000000000000e+00 1.000000000000000000e+00 1.000000000000000000e+00 1.000000000000000000e+00 1.000000000000000000e+00 1.000000000000000000e+00 1.000000000000000000e+00 1.000000000000000000e+00 1.000000000000000000e+00 1.000000000000000000e+00 1.000000000000000000e+00 1.000000000000000000e+00 1.000000000000000000e+00 1.000000000000000000e+00 1.000000000000000000e+00 1.000000000000000000e+00 1.000000000000000000e+00 1.000000000000000000e+00 1.000000000000000000e+00 1.000000000000000000e+00 1.000000000000000000e+00 1.000000000000000000e+00 1.000000000000000000e+00 1.000000000000000000e+00 1.000000000000000000e+00 1.000000000000000000e+00
6.693782270560053923e-65 6.743175427496994743e-62 5.740603949893182488e-59 4.130134256598742389e-56 2.511299048286353976e-53 1.290552626077084792e-50 5.605477557325016110e-48 2.057913414524859203e-45 6.386143352459172977e-43 1.675207202103731448e-40 3.714837668049624897e-38 6.964306603042044906e-36 1.103850801621741563e-33 1.479339279755152868e-31 1.676423326539430682e-29 1.606553604682032809e-27 1.302097625733045977e-25 8.926362374579835120e-24 5.176537166506408903e-22 2.539776298908806287e-20 1.054405391453708340e-18 3.704665690431912211e-17 1.101800466721343002e-15 2.774371295497727291e-14 5.916206366086045667e-13 1.068724220990376246e-11 1.635983159683868563e-10 2.123026444816992537e-09 2.336679488790886858e-08 2.182491903185320193e-07 1.731040456542870226e-06 1.166852736079696600e-05 6.691317004087562765e-05 3.268354541070963648e-04 1.361879679027839683e-03 4.850526461648409574e-03 1.480358546640390439e-02 3.884025721289214444e-02 8.797907013878876470e-02 1.730183336863314325e-01 2.976040133019323686e-01 4.521213185527355183e-01 6.143584348655173333e-01 7.585660687757752596e-01 8.670809199158779901e-01 9.362079807139549459e-01 9.734863820215391428e-01 9.905042963881341977e-01 9.970806064871851060e-01 9.992317518386122366e-01 9.998273470101486371e-01 9.999669217840647661e-01 9.999946049454666586e-01 9.999992517511440138e-01 9.999999118351219352e-01 9.999999911810111275e-01 9.999999992515791192e-01 9.999999999461418598e-01 9.999999999967148501e-01 9.999999999998302469e-01 9.999999999999925615e-01 9.999999999999997780e-01 1.000000000000000000e+00 1.000000000000000000e+00 1.000000000000000000e+00 1.000000000000000000e+00 1.000000000000000000e+00 1.000000000000000000e+00 1.000000000000000000e+00 1.000000000000000000e+00 1.000000000000000000e+00 1.000000000000000000e+00 1.000000000000000000e+00 1.000000000000000000e+00 1.000000000000000000e+00 1.000000000000000000e+00 1.000000000000000000e+00 1.000000000000000000e+00 1.000000000000000000e+00 1.000000000000000000e+00 1.000000000000000000e+00 1.000000000000000000e+00 1.000000000000000000e+00 1.000000000000000000e+00 1.000000000000000000e+00 1.000000000000000000e+00 1.000000000000000000e+00 1.000000000000000000e+00 1.000000000000000000e+00 1.000000000000000000e+00 1.000000000000000000e+00 1.000000000000000000e+00 1.000000000000000000e+00 1.000000000000000000e+00 1.000000000000000000e+00 1.000000000000000000e+00 1.000000000000000000e+00 1.000000000000000000e+00 1.000000000000000000e+00 1.000000000000000000e+00
