1.500000000000000040e-113 1.190000000000000064e-108 7.279999999999999949e-104 3.470000000000000130e-99 1.279999999999999880e-94 3.690000000000000053e-90 8.249999999999999314e-86 1.430000000000000038e-81 1.929999999999999836e-77 2.020000000000000091e-73 1.639999999999999909e-69 1.039999999999999954e-65 5.100000000000000029e-62 1.940000000000000014e-58 5.759999999999999650e-55 1.330000000000000040e-51 2.370000000000000109e-48 3.300000000000000056e-45 3.570000000000000267e-42 3.000000000000000277e-39 1.960000000000000072e-36 9.950000000000000660e-34 3.930000000000000117e-31 1.210000000000000045e-28 2.879999999999999881e-26 5.360000000000000252e-24 7.749999999999999613e-22 8.720000000000000593e-20 7.639999999999999406e-18 5.209999999999999857e-16 2.770000000000000125e-14 1.149999999999999947e-12 3.709999999999999984e-11 9.349999999999999765e-10 1.839999999999999933e-08 2.829999999999999798e-07 3.409999999999999962e-06 3.224119999999999889e-05 2.392410000000000088e-04 1.398235000000000059e-03 6.459165999999999692e-03 2.369723799999999894e-02 6.950295700000000410e-02 1.644707420000000031e-01 3.181089659999999930e-01 5.120707589999999865e-01 7.031619140000000545e-01 8.500787610000000161e-01 9.382230049999999988e-01 9.794876839999999696e-01 9.945600980000000035e-01 9.988549960000000505e-01 9.998096010000000478e-01 9.999750720000000204e-01 9.999974369999999890e-01 9.999997929999999702e-01 9.999999870000000346e-01 9.999999990000000283e-01 1.000000000000000000e+00 1.000000000000000000e+00 1.000000000000000000e+00 1.000000000000000000e+00 1.000000000000000000e+00 1.000000000000000000e+00 1.000000000000000000e+00 1.000000000000000000e+00 1.000000000000000000e+00 1.000000000000000000e+00 1.000000000000000000e+00 1.000000000000000000e+00 1.000000000000000000e+00 1.000000000000000000e+00 1.000000000000000000e+00 1.000000000000000000e+00 1.000000000000000000e+00 1.000000000000000000e+00 1.000000000000000000e+00 1.000000000000000000e+00 1.000000000000000000e+00 1.000000000000000000e+00 1.000000000000000000e+00 1.000000000000000000e+00 1.000000000000000000e+00 1.000000000000000000e+00 1.000000000000000000e+00 1.000000000000000000e+00 1.000000000000000000e+00 1.000000000000000000e+00 1.000000000000000000e+00 1.000000000000000000e+00 1.000000000000000000e+00 1.000000000000000000e+00 1.000000000000000000e+00 1.000000000000000000e+00 1.000000000000000000e+00 1.000000000000000000e+00 1.000000000000000000e+00 1.000000000000000000e+00 1.000000000000000000e+00 1.000000000000000000e+00
1.069999999999999942e-140 1.340000000000000090e-134 1.219999999999999961e-128 8.150000000000000180e-123 3.960000000000000321e-117 1.409999999999999945e-111 3.640000000000000090e-106 6.879999999999999569e-101 9.489999999999999339e-96 9.549999999999999810e-91 7.009999999999999502e-86 3.760000000000000042e-81 1.469999999999999916e-76 4.189999999999999938e-72 8.729999999999999800e-68 1.329999999999999925e-63 1.470000000000000020e-59 1.190000000000000050e-55 7.060000000000000113e-52 3.049999999999999740e-48 9.619999999999999720e-45 2.220000000000000112e-41 3.730000000000000103e-38 4.579999999999999857e-35 4.110000000000000141e-32 2.700000000000000225e-29 1.300000000000000050e-26 4.539999999999999635e-24 1.169999999999999946e-21 2.189999999999999999e-19 3.000000000000000061e-17 3.020000000000000164e-15 2.219999999999999881e-13 1.200000000000000057e-11 4.760000000000000106e-10 1.390000000000000039e-08 2.970000000000000257e-07 4.689999999999999989e-06 5.459929999999999748e-05 4.711760000000000167e-04 3.023676999999999788e-03 1.451016899999999984e-02 5.248548900000000322e-02 1.447486420000000107e-01 3.095125329999999786e-01 5.258174439999999672e-01 7.345892579999999672e-01 8.827299920000000188e-01 9.600044370000000438e-01 9.896312579999999581e-01 9.979780870000000137e-01 9.997055929999999480e-01 9.999681550000000252e-01 9.999974510000000372e-01 9.999998490000000517e-01 9.999999929999999759e-01 1.000000000000000000e+00 1.000000000000000000e+00 1.000000000000000000e+00 1.000000000000000000e+00 1.000000000000000000e+00 1.000000000000000000e+00 1.000000000000000000e+00 1.000000000000000000e+00 1.000000000000000000e+00 1.000000000000000000e+00 1.000000000000000000e+00 1.000000000000000000e+00 1.000000000000000000e+00 1.000000000000000000e+00 1.000000000000000000e+00 1.000000000000000000e+00 1.000000000000000000e+00 1.000000000000000000e+00 1.000000000000000000e+00 1.000000000000000000e+00 1.000000000000000000e+00 1.000000000000000000e+00 1.000000000000000000e+00 1.000000000000000000e+00 1.000000000000000000e+00 1.000000000000000000e+00 1.000000000000000000e+00 1.000000000000000000e+00 1.000000000000000000e+00 1.000000000000000000e+00 1.000000000000000000e+00 1.000000000000000000e+00 1.000000000000000000e+00 1.000000000000000000e+00 1.000000000000000000e+00 1.000000000000000000e+00 1.000000000000000000e+00 1.000000000000000000e+00 1.000000000000000000e+00 1.000000000000000000e+00 1.000000000000000000e+00 1.000000000000000000e+00 1.000000000000000000e+00 1.000000000000000000e+00
8.180000000000000369e-142 1.240000000000000025e-135 1.360000000000000021e-129 1.080000000000000071e-123 6.260000000000000090e-118 2.620000000000000039e-112 7.970000000000000403e-107 1.760000000000000104e-101 2.800000000000000153e-96 3.250000000000000038e-91 2.730000000000000047e-86 1.670000000000000076e-81 7.370000000000000022e-77 2.369999999999999815e-72 5.509999999999999598e-68 9.309999999999999746e-64 1.140000000000000038e-59 1.010000000000000083e-55 6.550000000000000347e-52 3.070000000000000274e-48 1.039999999999999946e-44 2.570000000000000006e-41 4.610000000000000237e-38 5.999999999999999780e-35 5.669999999999999763e-32 3.890000000000000044e-29 1.939999999999999960e-26 7.040000000000000638e-24 1.859999999999999982e-21 3.560000000000000220e-19 4.960000000000000108e-17 5.030000000000000087e-15 3.719999999999999800e-13 2.010000000000000038e-11 7.879999999999999672e-10 2.260000000000000054e-08 4.750000000000000050e-07 7.310000000000000315e-06 8.265069999999999795e-05 6.882770000000000511e-04 4.242113999999999954e-03 1.947047000000000014e-02 6.713752900000000134e-02 1.761600700000000019e-01 3.583986679999999758e-01 5.810629980000000527e-01 7.799337979999999559e-01 9.097676620000000325e-01 9.717190900000000076e-01 9.933202199999999760e-01 9.988225720000000196e-01 9.998461619999999828e-01 9.999851730000000050e-01 9.999989500000000531e-01 9.999999450000000012e-01 9.999999979999999455e-01 1.000000000000000000e+00 1.000000000000000000e+00 1.000000000000000000e+00 1.000000000000000000e+00 1.000000000000000000e+00 1.000000000000000000e+00 1.000000000000000000e+00 1.000000000000000000e+00 1.000000000000000000e+00 1.000000000000000000e+00 1.000000000000000000e+00 1.000000000000000000e+00 1.000000000000000000e+00 1.000000000000000000e+00 1.000000000000000000e+00 1.000000000000000000e+00 1.000000000000000000e+00 1.000000000000000000e+00 1.000000000000000000e+00 1.000000000000000000e+00 1.000000000000000000e+00 1.000000000000000000e+00 1.000000000000000000e+00 1.000000000000000000e+00 1.000000000000000000e+00 1.000000000000000000e+00 1.000000000000000000e+00 1.000000000000000000e+00 1.000000000000000000e+00 1.000000000000000000e+00 1.000000000000000000e+00 1.000000000000000000e+00 1.000000000000000000e+00 1.000000000000000000e+00 1.000000000000000000e+00 1.000000000000000000e+00 1.000000000000000000e+00 1.000000000000000000e+00 1.000000000000000000e+00 1.000000000000000000e+00 1.000000000000000000e+00 1.000000000000000000e+00 1.000000000000000000e+00 1.000000000000000000e+00
2.360000000000000064e-147 6.529999999999999790e-141 1.290000000000000057e-134 1.829999999999999941e-128 1.849999999999999874e-122 1.329999999999999939e-116 6.889999999999999475e-111 2.540000000000000071e-105 6.710000000000000114e-100 1.269999999999999968e-94 1.710000000000000050e-89 1.639999999999999974e-84 1.130000000000000041e-79 5.579999999999999823e-75 1.969999999999999990e-70 4.950000000000000368e-66 8.910000000000000853e-62 1.150000000000000012e-57 1.060000000000000114e-53 6.970000000000000083e-50 3.280000000000000013e-46 1.110000000000000056e-42 2.670000000000000162e-39 4.610000000000000299e-36 5.700000000000000251e-33 5.049999999999999720e-30 3.199999999999999908e-27 1.449999999999999935e-24 4.719999999999999684e-22 1.099999999999999925e-19 1.840000000000000070e-17 2.210000000000000018e-15 1.899999999999999982e-13 1.170000000000000063e-11 5.219999999999999552e-10 1.670000000000000065e-08 3.859999999999999889e-07 6.430000000000000270e-06 7.770270000000000399e-05 6.818840000000000057e-04 4.368796000000000311e-03 2.057096500000000008e-02 7.186519199999999441e-02 1.888932140000000037e-01 3.813546520000000162e-01 6.095446310000000034e-01 8.046061329999999456e-01 9.248180049999999985e-01 9.782202089999999517e-01 9.953165099999999876e-01 9.992595969999999994e-01 9.999145240000000268e-01 9.999928280000000003e-01 9.999995640000000074e-01 9.999999809999999822e-01 9.999999990000000283e-01 1.000000000000000000e+00 1.000000000000000000e+00 1.000000000000000000e+00 1.000000000000000000e+00 1.000000000000000000e+00 1.000000000000000000e+00 1.000000000000000000e+00 1.000000000000000000e+00 1.000000000000000000e+00 1.000000000000000000e+00 1.000000000000000000e+00 1.000000000000000000e+00 1.000000000000000000e+00 1.000000000000000000e+00 1.000000000000000000e+00 1.000000000000000000e+00 1.000000000000000000e+00 1.000000000000000000e+00 1.000000000000000000e+00 1.000000000000000000e+00 1.000000000000000000e+00 1.000000000000000000e+00 1.000000000000000000e+00 1.000000000000000000e+00 1.000000000000000000e+00 1.000000000000000000e+00 1.000000000000000000e+00 1.000000000000000000e+00 1.000000000000000000e+00 1.000000000000000000e+00 1.000000000000000000e+00 1.000000000000000000e+00 1.000000000000000000e+00 1.000000000000000000e+00 1.000000000000000000e+00 1.000000000000000000e+00 1.000000000000000000e+00 1.000000000000000000e+00 1.000000000000000000e+00 1.000000000000000000e+00 1.000000000000000000e+00 1.000000000000000000e+00 1.000000000000000000e+00 1.000000000000000000e+00
1.889999999999999906e-152 8.209999999999999488e-146 2.520000000000000023e-139 5.499999999999999766e-133 8.500000000000000036e-127 9.299999999999999543e-121 7.219999999999999716e-115 3.969999999999999905e-109 1.540000000000000051e-103 4.260000000000000126e-98 8.339999999999999523e-93 1.160000000000000052e-87 1.140000000000000003e-82 7.919999999999999560e-78 3.909999999999999707e-73 1.369999999999999986e-68 3.400000000000000118e-64 5.979999999999999995e-60 7.460000000000000057e-56 6.609999999999999665e-52 4.149999999999999954e-48 1.849999999999999994e-44 5.830000000000000501e-41 1.310000000000000102e-37 2.080000000000000038e-34 2.340000000000000090e-31 1.879999999999999932e-28 1.069999999999999955e-25 4.320000000000000111e-23 1.239999999999999938e-20 2.530000000000000019e-18 3.680000000000000140e-16 3.800000000000000216e-14 2.800000000000000186e-12 1.470000000000000094e-10 5.489999999999999860e-09 1.470000000000000061e-07 2.810000000000000201e-06 3.864870000000000149e-05 3.824149999999999902e-04 2.736343999999999929e-03 1.424768000000000041e-02 5.446862200000000126e-02 1.549151470000000030e-01 3.342643639999999805e-01 5.632608780000000204e-01 7.723631869999999511e-01 9.089082509999999449e-01 9.726638979999999712e-01 9.939443079999999986e-01 9.990202150000000447e-01 9.998850649999999618e-01 9.999902750000000395e-01 9.999994089999999503e-01 9.999999739999999582e-01 9.999999990000000283e-01 1.000000000000000000e+00 1.000000000000000000e+00 1.000000000000000000e+00 1.000000000000000000e+00 1.000000000000000000e+00 1.000000000000000000e+00 1.000000000000000000e+00 1.000000000000000000e+00 1.000000000000000000e+00 1.000000000000000000e+00 1.000000000000000000e+00 1.000000000000000000e+00 1.000000000000000000e+00 1.000000000000000000e+00 1.000000000000000000e+00 1.000000000000000000e+00 1.000000000000000000e+00 1.000000000000000000e+00 1.000000000000000000e+00 1.000000000000000000e+00 1.000000000000000000e+00 1.000000000000000000e+00 1.000000000000000000e+00 1.000000000000000000e+00 1.000000000000000000e+00 1.000000000000000000e+00 1.000000000000000000e+00 1.000000000000000000e+00 1.000000000000000000e+00 1.000000000000000000e+00 1.000000000000000000e+00 1.000000000000000000e+00 1.000000000000000000e+00 1.000000000000000000e+00 1.000000000000000000e+00 1.000000000000000000e+00 1.000000000000000000e+00 1.000000000000000000e+00 1.000000000000000000e+00 1.000000000000000000e+00 1.000000000000000000e+00 1.000000000000000000e+00 1.000000000000000000e+00 1.000000000000000000e+00
2.010000000000000184e-127 7.629999999999999854e-122 2.160000000000000021e-116 4.579999999999999691e-111 7.230000000000000347e-106 8.539999999999999937e-101 7.530000000000000272e-96 4.960000000000000132e-91 2.440000000000000056e-86 8.969999999999999560e-82 2.460000000000000081e-77 5.049999999999999914e-73 7.740000000000000510e-69 8.870000000000000632e-65 7.589999999999999972e-61 4.850000000000000001e-57 2.320000000000000118e-53 8.279999999999999944e-50 2.210000000000000150e-46 4.409999999999999655e-43 6.570000000000000131e-40 7.330000000000000279e-37 6.109999999999999603e-34 3.809999999999999810e-31 1.780000000000000036e-28 6.209999999999999636e-26 1.619999999999999968e-23 3.170000000000000138e-21 4.639999999999999962e-19 5.089999999999999879e-17 4.180000000000000080e-15 2.580000000000000114e-13 1.190000000000000059e-11 4.130000000000000214e-10 1.080000000000000076e-08 2.119999999999999925e-07 3.130000000000000102e-06 3.494859999999999942e-05 2.953179999999999803e-04 1.895058999999999936e-03 9.277199999999999336e-03 3.486906499999999770e-02 1.015354680000000037e-01 2.320555609999999935e-01 4.241306739999999853e-01 6.366128189999999964e-01 8.133144070000000170e-01 9.237753210000000381e-01 9.756774999999999753e-01 9.940051420000000082e-01 9.988679390000000380e-01 9.998371550000000330e-01 9.999822299999999720e-01 9.999985340000000500e-01 9.999999090000000201e-01 9.999999960000000021e-01 1.000000000000000000e+00 1.000000000000000000e+00 1.000000000000000000e+00 1.000000000000000000e+00 1.000000000000000000e+00 1.000000000000000000e+00 1.000000000000000000e+00 1.000000000000000000e+00 1.000000000000000000e+00 1.000000000000000000e+00 1.000000000000000000e+00 1.000000000000000000e+00 1.000000000000000000e+00 1.000000000000000000e+00 1.000000000000000000e+00 1.000000000000000000e+00 1.000000000000000000e+00 1.000000000000000000e+00 1.000000000000000000e+00 1.000000000000000000e+00 1.000000000000000000e+00 1.000000000000000000e+00 1.000000000000000000e+00 1.000000000000000000e+00 1.000000000000000000e+00 1.000000000000000000e+00 1.000000000000000000e+00 1.000000000000000000e+00 1.000000000000000000e+00 1.000000000000000000e+00 1.000000000000000000e+00 1.000000000000000000e+00 1.000000000000000000e+00 1.000000000000000000e+00 1.000000000000000000e+00 1.000000000000000000e+00 1.000000000000000000e+00 1.000000000000000000e+00 1.000000000000000000e+00 1.000000000000000000e+00 1.000000000000000000e+00 1.000000000000000000e+00 1.000000000000000000e+00 1.000000000000000000e+00
5.270000000000000356e-111 3.570000000000000033e-106 1.880000000000000104e-101 7.689999999999999508e-97 2.449999999999999911e-92 6.049999999999999788e-88 1.160000000000000077e-83 1.739999999999999914e-79 2.030000000000000120e-75 1.839999999999999957e-71 1.289999999999999948e-67 7.079999999999999397e-64 3.009999999999999825e-60 9.980000000000000221e-57 2.570000000000000212e-53 5.149999999999999891e-50 8.030000000000000171e-47 9.750000000000000008e-44 9.200000000000000410e-41 6.759999999999999555e-38 3.859999999999999926e-35 1.720000000000000124e-32 5.960000000000000076e-30 1.610000000000000033e-27 3.370000000000000101e-25 5.520000000000000240e-23 7.029999999999999559e-21 6.979999999999999644e-19 5.410000000000000025e-17 3.260000000000000119e-15 1.540000000000000001e-13 5.640000000000000202e-12 1.620000000000000093e-10 3.630000000000000079e-09 6.369999999999999468e-08 8.749999999999999869e-07 9.419999999999999595e-06 7.966369999999999420e-05 5.303729999999999990e-04 2.787911000000000122e-03 1.161674600000000071e-02 3.857977199999999829e-02 1.028913330000000015e-01 2.227065099999999964e-01 3.970764949999999738e-01 5.953159599999999774e-01 7.713815080000000490e-01 8.935383220000000515e-01 9.597446069999999718e-01 9.877721289999999987e-01 9.970388789999999890e-01 9.994314770000000125e-01 9.999138060000000161e-01 9.999897119999999751e-01 9.999990349999999806e-01 9.999999290000000096e-01 9.999999960000000021e-01 1.000000000000000000e+00 1.000000000000000000e+00 1.000000000000000000e+00 1.000000000000000000e+00 1.000000000000000000e+00 1.000000000000000000e+00 1.000000000000000000e+00 1.000000000000000000e+00 1.000000000000000000e+00 1.000000000000000000e+00 1.000000000000000000e+00 1.000000000000000000e+00 1.000000000000000000e+00 1.000000000000000000e+00 1.000000000000000000e+00 1.000000000000000000e+00 1.000000000000000000e+00 1.000000000000000000e+00 1.000000000000000000e+00 1.000000000000000000e+00 1.000000000000000000e+00 1.000000000000000000e+00 1.000000000000000000e+00 1.000000000000000000e+00 1.000000000000000000e+00 1.000000000000000000e+00 1.000000000000000000e+00 1.000000000000000000e+00 1.000000000000000000e+00 1.000000000000000000e+00 1.000000000000000000e+00 1.000000000000000000e+00 1.000000000000000000e+00 1.000000000000000000e+00 1.000000000000000000e+00 1.000000000000000000e+00 1.000000000000000000e+00 1.000000000000000000e+00 1.000000000000000000e+00 1.000000000000000000e+00 1.000000000000000000e+00 1.000000000000000000e+00 1.000000000000000000e+00
2.039999999999999851e-83 8.470000000000000188e-80 2.910000000000000240e-76 8.289999999999999973e-73 1.949999999999999903e-69 3.809999999999999810e-66 6.159999999999999881e-63 8.239999999999999911e-60 9.129999999999999474e-57 8.380000000000000502e-54 6.369999999999999722e-51 4.009999999999999861e-48 2.089999999999999891e-45 9.030000000000000431e-43 3.230000000000000155e-40 9.570000000000000278e-38 2.350000000000000012e-35 4.780000000000000035e-33 8.050000000000000321e-31 1.120000000000000093e-28 1.300000000000000050e-26 1.249999999999999951e-24 9.940000000000000215e-23 6.550000000000000024e-21 3.579999999999999921e-19 1.630000000000000109e-17 6.119999999999999852e-16 1.909999999999999876e-14 4.950000000000000112e-13 1.059999999999999926e-11 1.899999999999999901e-10 2.829999999999999947e-09 3.490000000000000149e-08 3.590000000000000250e-07 3.069999999999999829e-06 2.190830000000000164e-05 1.304610000000000101e-04 6.494730000000000208e-04 2.708486999999999874e-03 9.486756000000000702e-03 2.800420699999999971e-02 6.998679800000000284e-02 1.489822060000000059e-01 2.723477830000000099e-01 4.322507030000000139e-01 6.042772039999999567e-01 7.578847899999999749e-01 8.717275869999999705e-01 9.417547870000000376e-01 9.775054930000000031e-01 9.926530749999999959e-01 9.979793430000000187e-01 9.995335199999999531e-01 9.999098320000000539e-01 9.999854350000000336e-01 9.999980370000000063e-01 9.999997790000000331e-01 9.999999790000000388e-01 9.999999979999999455e-01 1.000000000000000000e+00 1.000000000000000000e+00 1.000000000000000000e+00 1.000000000000000000e+00 1.000000000000000000e+00 1.000000000000000000e+00 1.000000000000000000e+00 1.000000000000000000e+00 1.000000000000000000e+00 1.000000000000000000e+00 1.000000000000000000e+00 1.000000000000000000e+00 1.000000000000000000e+00 1.000000000000000000e+00 1.000000000000000000e+00 1.000000000000000000e+00 1.000000000000000000e+00 1.000000000000000000e+00 1.000000000000000000e+00 1.000000000000000000e+00 1.000000000000000000e+00 1.000000000000000000e+00 1.000000000000000000e+00 1.000000000000000000e+00 1.000000000000000000e+00 1.000000000000000000e+00 1.000000000000000000e+00 1.000000000000000000e+00 1.000000000000000000e+00 1.000000000000000000e+00 1.000000000000000000e+00 1.000000000000000000e+00 1.000000000000000000e+00 1.000000000000000000e+00 1.000000000000000000e+00 1.000000000000000000e+00 1.000000000000000000e+00 1.000000000000000000e+00 1.000000000000000000e+00 1.000000000000000000e+00 1.000000000000000000e+00
8.269999999999999662e-93 8.539999999999999516e-89 7.159999999999999827e-85 4.869999999999999953e-81 2.689999999999999811e-77 1.210000000000000076e-73 4.399999999999999788e-70 1.299999999999999942e-66 3.119999999999999743e-63 6.090000000000000431e-60 9.649999999999999558e-57 1.240000000000000015e-53 1.300000000000000069e-50 1.100000000000000093e-47 7.589999999999999881e-45 4.249999999999999801e-42 1.930000000000000002e-39 7.139999999999999759e-37 2.149999999999999983e-34 5.230000000000000094e-32 1.039999999999999947e-29 1.670000000000000150e-27 2.190000000000000228e-25 2.329999999999999942e-23 2.019999999999999952e-21 1.419999999999999955e-19 8.159999999999999721e-18 3.800000000000000118e-16 1.440000000000000049e-14 4.460000000000000181e-13 1.120000000000000074e-11 2.300000000000000071e-10 3.849999999999999733e-09 5.239999999999999938e-08 5.840000000000000413e-07 5.309999999999999982e-06 3.957920000000000215e-05 2.416100000000000127e-04 1.211297000000000068e-03 5.000402000000000145e-03 1.705549099999999901e-02 4.828515299999999733e-02 1.141655599999999993e-01 2.273432509999999962e-01 3.856860380000000088e-01 5.661039129999999586e-01 7.335245310000000352e-01 8.600517509999999755e-01 9.379262929999999665e-01 9.769589330000000293e-01 9.928905340000000468e-01 9.981854909999999803e-01 9.996183520000000433e-01 9.999340319999999727e-01 9.999906490000000092e-01 9.999989150000000437e-01 9.999998970000000265e-01 9.999999920000000042e-01 9.999999990000000283e-01 1.000000000000000000e+00 1.000000000000000000e+00 1.000000000000000000e+00 1.000000000000000000e+00 1.000000000000000000e+00 1.000000000000000000e+00 1.000000000000000000e+00 1.000000000000000000e+00 1.000000000000000000e+00 1.000000000000000000e+00 1.000000000000000000e+00 1.000000000000000000e+00 1.000000000000000000e+00 1.000000000000000000e+00 1.000000000000000000e+00 1.000000000000000000e+00 1.000000000000000000e+00 1.000000000000000000e+00 1.000000000000000000e+00 1.000000000000000000e+00 1.000000000000000000e+00 1.000000000000000000e+00 1.000000000000000000e+00 1.000000000000000000e+00 1.000000000000000000e+00 1.000000000000000000e+00 1.000000000000000000e+00 1.000000000000000000e+00 1.000000000000000000e+00 1.000000000000000000e+00 1.000000000000000000e+00 1.000000000000000000e+00 1.000000000000000000e+00 1.000000000000000000e+00 1.000000000000000000e+00 1.000000000000000000e+00 1.000000000000000000e+00 1.000000000000000000e+00 1.000000000000000000e+00 1.000000000000000000e+00 1.000000000000000000e+00
4.539999999999999938e-84 1.869999999999999881e-80 6.370000000000000095e-77 1.799999999999999963e-73 4.239999999999999994e-70 8.249999999999999735e-67 1.329999999999999925e-63 1.790000000000000088e-60 1.990000000000000104e-57 1.840000000000000091e-54 1.409999999999999922e-51 8.969999999999999576e-49 4.729999999999999842e-46 2.070000000000000130e-43 7.530000000000000422e-41 2.269999999999999929e-38 5.690000000000000196e-36 1.180000000000000039e-33 2.039999999999999977e-31 2.929999999999999964e-29 3.480000000000000335e-27 3.439999999999999903e-25 2.819999999999999803e-23 1.920000000000000018e-21 1.090000000000000074e-19 5.129999999999999666e-18 2.010000000000000121e-16 6.530000000000000006e-15 1.760000000000000074e-13 3.970000000000000249e-12 7.430000000000000450e-11 1.159999999999999923e-09 1.499999999999999866e-08 1.619999999999999948e-07 1.469999999999999902e-06 1.104280000000000039e-05 6.952209999999999629e-05 3.663590000000000206e-04 1.618915000000000068e-03 6.013010000000000056e-03 1.882925400000000013e-02 4.991020399999999968e-02 1.125845230000000058e-01 2.176748649999999952e-01 3.642046090000000125e-01 5.341018779999999744e-01 6.979147879999999526e-01 8.292587479999999900e-01 9.168311230000000256e-01 9.653834119999999963e-01 9.877667199999999870e-01 9.963468399999999559e-01 9.990814519999999810e-01 9.998060669999999650e-01 9.999656919999999616e-01 9.999949230000000355e-01 9.999993719999999975e-01 9.999999349999999509e-01 9.999999939999999476e-01 1.000000000000000000e+00 1.000000000000000000e+00 1.000000000000000000e+00 1.000000000000000000e+00 1.000000000000000000e+00 1.000000000000000000e+00 1.000000000000000000e+00 1.000000000000000000e+00 1.000000000000000000e+00 1.000000000000000000e+00 1.000000000000000000e+00 1.000000000000000000e+00 1.000000000000000000e+00 1.000000000000000000e+00 1.000000000000000000e+00 1.000000000000000000e+00 1.000000000000000000e+00 1.000000000000000000e+00 1.000000000000000000e+00 1.000000000000000000e+00 1.000000000000000000e+00 1.000000000000000000e+00 1.000000000000000000e+00 1.000000000000000000e+00 1.000000000000000000e+00 1.000000000000000000e+00 1.000000000000000000e+00 1.000000000000000000e+00 1.000000000000000000e+00 1.000000000000000000e+00 1.000000000000000000e+00 1.000000000000000000e+00 1.000000000000000000e+00 1.000000000000000000e+00 1.000000000000000000e+00 1.000000000000000000e+00 1.000000000000000000e+00 1.000000000000000000e+00 1.000000000000000000e+00 1.000000000000000000e+00 1.000000000000000000e+00
3.340000000000000008e-93 3.349999999999999841e-89 2.729999999999999976e-85 1.809999999999999883e-81 9.779999999999999761e-78 4.299999999999999720e-74 1.539999999999999861e-70 4.469999999999999842e-67 1.060000000000000041e-63 2.039999999999999873e-60 3.200000000000000082e-57 4.089999999999999726e-54 4.250000000000000181e-51 3.600000000000000151e-48 2.480000000000000073e-45 1.389999999999999958e-42 6.349999999999999673e-40 2.359999999999999931e-37 7.150000000000000263e-35 1.760000000000000044e-32 3.550000000000000296e-30 5.800000000000000259e-28 7.739999999999999896e-26 8.399999999999999726e-24 7.439999999999999741e-22 5.370000000000000122e-20 3.160000000000000134e-18 1.520000000000000047e-16 5.929999999999999723e-15 1.890000000000000025e-13 4.930000000000000198e-12 1.049999999999999993e-10 1.819999999999999919e-09 2.590000000000000031e-08 3.010000000000000086e-07 2.870000000000000050e-06 2.239819999999999843e-05 1.435359999999999891e-04 7.565659999999999660e-04 3.287761000000000156e-03 1.181575999999999980e-02 3.526242100000000212e-02 8.787102700000000433e-02 1.842093029999999909e-01 3.281971690000000108e-01 5.038481019999999644e-01 6.787436919999999541e-01 8.208819400000000321e-01 9.151664139999999836e-01 9.662114699999999612e-01 9.887659359999999564e-01 9.968989630000000268e-01 9.992921839999999722e-01 9.998668170000000188e-01 9.999793900000000235e-01 9.999973819999999902e-01 9.999997269999999494e-01 9.999999769999999844e-01 9.999999979999999455e-01 1.000000000000000000e+00 1.000000000000000000e+00 1.000000000000000000e+00 1.000000000000000000e+00 1.000000000000000000e+00 1.000000000000000000e+00 1.000000000000000000e+00 1.000000000000000000e+00 1.000000000000000000e+00 1.000000000000000000e+00 1.000000000000000000e+00 1.000000000000000000e+00 1.000000000000000000e+00 1.000000000000000000e+00 1.000000000000000000e+00 1.000000000000000000e+00 1.000000000000000000e+00 1.000000000000000000e+00 1.000000000000000000e+00 1.000000000000000000e+00 1.000000000000000000e+00 1.000000000000000000e+00 1.000000000000000000e+00 1.000000000000000000e+00 1.000000000000000000e+00 1.000000000000000000e+00 1.000000000000000000e+00 1.000000000000000000e+00 1.000000000000000000e+00 1.000000000000000000e+00 1.000000000000000000e+00 1.000000000000000000e+00 1.000000000000000000e+00 1.000000000000000000e+00 1.000000000000000000e+00 1.000000000000000000e+00 1.000000000000000000e+00 1.000000000000000000e+00 1.000000000000000000e+00 1.000000000000000000e+00 1.000000000000000000e+00
1.900000000000000137e-135 1.319999999999999921e-129 6.760000000000000044e-124 2.570000000000000071e-118 7.240000000000000439e-113 1.510000000000000024e-107 2.330000000000000103e-102 2.659999999999999834e-97 2.250000000000000016e-92 1.410000000000000028e-87 6.549999999999999952e-83 2.250000000000000027e-78 5.729999999999999767e-74 1.080000000000000053e-69 1.510000000000000051e-65 1.560000000000000131e-61 1.189999999999999942e-57 6.770000000000000458e-54 2.850000000000000170e-50 8.859999999999999554e-47 2.049999999999999910e-43 3.500000000000000160e-40 4.429999999999999816e-37 4.169999999999999884e-34 2.900000000000000067e-31 1.500000000000000013e-28 5.749999999999999791e-26 1.630000000000000013e-23 3.440000000000000299e-21 5.389999999999999823e-19 6.270000000000000071e-17 5.419999999999999719e-15 3.479999999999999813e-13 1.659999999999999954e-11 5.910000000000000271e-10 1.570000000000000162e-08 3.099999999999999966e-07 4.580000000000000195e-06 5.066100000000000166e-05 4.210050000000000120e-04 2.637026000000000214e-03 1.251307800000000039e-02 4.530421700000000079e-02 1.264372980000000035e-01 2.760576989999999897e-01 4.817382539999999769e-01 6.925215289999999690e-01 8.535571539999999846e-01 9.452687910000000526e-01 9.841992779999999552e-01 9.965144089999999899e-01 9.994168979999999980e-01 9.999264220000000369e-01 9.999930240000000081e-01 9.999995050000000107e-01 9.999999739999999582e-01 9.999999990000000283e-01 1.000000000000000000e+00 1.000000000000000000e+00 1.000000000000000000e+00 1.000000000000000000e+00 1.000000000000000000e+00 1.000000000000000000e+00 1.000000000000000000e+00 1.000000000000000000e+00 1.000000000000000000e+00 1.000000000000000000e+00 1.000000000000000000e+00 1.000000000000000000e+00 1.000000000000000000e+00 1.000000000000000000e+00 1.000000000000000000e+00 1.000000000000000000e+00 1.000000000000000000e+00 1.000000000000000000e+00 1.000000000000000000e+00 1.000000000000000000e+00 1.000000000000000000e+00 1.000000000000000000e+00 1.000000000000000000e+00 1.000000000000000000e+00 1.000000000000000000e+00 1.000000000000000000e+00 1.000000000000000000e+00 1.000000000000000000e+00 1.000000000000000000e+00 1.000000000000000000e+00 1.000000000000000000e+00 1.000000000000000000e+00 1.000000000000000000e+00 1.000000000000000000e+00 1.000000000000000000e+00 1.000000000000000000e+00 1.000000000000000000e+00 1.000000000000000000e+00 1.000000000000000000e+00 1.000000000000000000e+00 1.000000000000000000e+00 1.000000000000000000e+00 1.000000000000000000e+00
6.499999999999999678e-106 2.419999999999999944e-101 7.130000000000000309e-97 1.660000000000000018e-92 3.040000000000000089e-88 4.399999999999999786e-84 5.029999999999999946e-80 4.539999999999999714e-76 3.240000000000000059e-72 1.819999999999999944e-68 8.110000000000000260e-65 2.850000000000000026e-61 7.899999999999999319e-58 1.730000000000000094e-54 2.990000000000000112e-51 4.090000000000000175e-48 4.419999999999999989e-45 3.770000000000000242e-42 2.539999999999999869e-39 1.350000000000000037e-36 5.699999999999999737e-34 1.899999999999999983e-31 4.990000000000000136e-29 1.040000000000000069e-26 1.709999999999999934e-24 2.219999999999999915e-22 2.279999999999999857e-20 1.860000000000000118e-18 1.200000000000000024e-16 6.099999999999999725e-15 2.460000000000000120e-13 7.879999999999999543e-12 2.000000000000000073e-10 4.030000000000000352e-09 6.430000000000000005e-08 8.169999999999999704e-07 8.260000000000000537e-06 6.650870000000000241e-05 4.277810000000000163e-04 2.203038000000000045e-03 9.115708999999999618e-03 3.044836899999999943e-02 8.262873299999999588e-02 1.838035090000000038e-01 3.393180479999999832e-01 5.288243070000000490e-01 7.119036539999999968e-01 8.521258400000000233e-01 9.372676810000000192e-01 9.782498450000000068e-01 9.938863199999999898e-01 9.986149159999999636e-01 9.997481620000000513e-01 9.999633690000000463e-01 9.999957480000000176e-01 9.999996070000000126e-01 9.999999710000000430e-01 9.999999979999999455e-01 1.000000000000000000e+00 1.000000000000000000e+00 1.000000000000000000e+00 1.000000000000000000e+00 1.000000000000000000e+00 1.000000000000000000e+00 1.000000000000000000e+00 1.000000000000000000e+00 1.000000000000000000e+00 1.000000000000000000e+00 1.000000000000000000e+00 1.000000000000000000e+00 1.000000000000000000e+00 1.000000000000000000e+00 1.000000000000000000e+00 1.000000000000000000e+00 1.000000000000000000e+00 1.000000000000000000e+00 1.000000000000000000e+00 1.000000000000000000e+00 1.000000000000000000e+00 1.000000000000000000e+00 1.000000000000000000e+00 1.000000000000000000e+00 1.000000000000000000e+00 1.000000000000000000e+00 1.000000000000000000e+00 1.000000000000000000e+00 1.000000000000000000e+00 1.000000000000000000e+00 1.000000000000000000e+00 1.000000000000000000e+00 1.000000000000000000e+00 1.000000000000000000e+00 1.000000000000000000e+00 1.000000000000000000e+00 1.000000000000000000e+00 1.000000000000000000e+00 1.000000000000000000e+00 1.000000000000000000e+00 1.000000000000000000e+00 1.000000000000000000e+00
4.340000000000000113e-81 1.290000000000000029e-77 3.209999999999999835e-74 6.680000000000000061e-71 1.160000000000000019e-67 1.690000000000000041e-64 2.049999999999999995e-61 2.089999999999999930e-58 1.779999999999999849e-55 1.259999999999999958e-52 7.510000000000000265e-50 3.729999999999999917e-47 1.549999999999999921e-44 5.399999999999999980e-42 1.569999999999999995e-39 3.830000000000000152e-37 7.790000000000000439e-35 1.329999999999999944e-32 1.889999999999999877e-30 2.260000000000000076e-28 2.249999999999999943e-26 1.879999999999999820e-24 1.320000000000000083e-22 7.699999999999999833e-21 3.779999999999999820e-19 1.549999999999999918e-17 5.329999999999999834e-16 1.539999999999999938e-14 3.709999999999999843e-13 7.499999999999999950e-12 1.270000000000000009e-10 1.809999999999999953e-09 2.169999999999999910e-08 2.169999999999999976e-07 1.830000000000000055e-06 1.301479999999999946e-05 7.779419999999999456e-05 3.921600000000000129e-04 1.670080999999999909e-03 6.021892000000000043e-03 1.843714299999999959e-02 4.811143899999999890e-02 1.075354339999999992e-01 2.072396960000000010e-01 3.474069710000000089e-01 5.125147719999999518e-01 6.754744010000000021e-01 8.102414289999999575e-01 9.036258700000000532e-01 9.578440670000000212e-01 9.842185669999999886e-01 9.949678020000000123e-01 9.986381519999999457e-01 9.996880670000000135e-01 9.999396560000000100e-01 9.999901570000000461e-01 9.999986480000000455e-01 9.999998439999999711e-01 9.999999849999999801e-01 9.999999990000000283e-01 1.000000000000000000e+00 1.000000000000000000e+00 1.000000000000000000e+00 1.000000000000000000e+00 1.000000000000000000e+00 1.000000000000000000e+00 1.000000000000000000e+00 1.000000000000000000e+00 1.000000000000000000e+00 1.000000000000000000e+00 1.000000000000000000e+00 1.000000000000000000e+00 1.000000000000000000e+00 1.000000000000000000e+00 1.000000000000000000e+00 1.000000000000000000e+00 1.000000000000000000e+00 1.000000000000000000e+00 1.000000000000000000e+00 1.000000000000000000e+00 1.000000000000000000e+00 1.000000000000000000e+00 1.000000000000000000e+00 1.000000000000000000e+00 1.000000000000000000e+00 1.000000000000000000e+00 1.000000000000000000e+00 1.000000000000000000e+00 1.000000000000000000e+00 1.000000000000000000e+00 1.000000000000000000e+00 1.000000000000000000e+00 1.000000000000000000e+00 1.000000000000000000e+00 1.000000000000000000e+00 1.000000000000000000e+00 1.000000000000000000e+00 1.000000000000000000e+00 1.000000000000000000e+00 1.000000000000000000e+00
2.130000000000000126e-114 1.869999999999999945e-109 1.270000000000000035e-104 6.729999999999999871e-100 2.750000000000000013e-95 8.700000000000000152e-91 2.130000000000000103e-86 4.050000000000000195e-82 5.960000000000000017e-78 6.789999999999999742e-74 5.990000000000000188e-70 4.089999999999999920e-66 2.170000000000000051e-62 8.890000000000000458e-59 2.820000000000000017e-55 6.950000000000000498e-52 1.329999999999999978e-48 1.960000000000000037e-45 2.250000000000000045e-42 1.990000000000000112e-39 1.369999999999999943e-36 7.319999999999999582e-34 3.030000000000000217e-31 9.709999999999999968e-29 2.420000000000000036e-26 4.660000000000000030e-24 6.979999999999999780e-22 8.109999999999999602e-20 7.310000000000000392e-18 5.120000000000000366e-16 2.789999999999999976e-14 1.180000000000000021e-12 3.869999999999999948e-11 9.909999999999999900e-10 1.970000000000000104e-08 3.069999999999999829e-07 3.719999999999999959e-06 3.522949999999999872e-05 2.616089999999999952e-04 1.526110999999999917e-03 7.019220999999999967e-03 2.558045899999999984e-02 7.437274000000000662e-02 1.741668670000000030e-01 3.329886289999999804e-01 5.296838430000000431e-01 7.192536689999999844e-01 8.614322020000000357e-01 9.444117359999999461e-01 9.820949810000000335e-01 9.954093499999999706e-01 9.990689219999999704e-01 9.998512859999999502e-01 9.999813570000000151e-01 9.999981700000000195e-01 9.999998599999999627e-01 9.999999920000000042e-01 1.000000000000000000e+00 1.000000000000000000e+00 1.000000000000000000e+00 1.000000000000000000e+00 1.000000000000000000e+00 1.000000000000000000e+00 1.000000000000000000e+00 1.000000000000000000e+00 1.000000000000000000e+00 1.000000000000000000e+00 1.000000000000000000e+00 1.000000000000000000e+00 1.000000000000000000e+00 1.000000000000000000e+00 1.000000000000000000e+00 1.000000000000000000e+00 1.000000000000000000e+00 1.000000000000000000e+00 1.000000000000000000e+00 1.000000000000000000e+00 1.000000000000000000e+00 1.000000000000000000e+00 1.000000000000000000e+00 1.000000000000000000e+00 1.000000000000000000e+00 1.000000000000000000e+00 1.000000000000000000e+00 1.000000000000000000e+00 1.000000000000000000e+00 1.000000000000000000e+00 1.000000000000000000e+00 1.000000000000000000e+00 1.000000000000000000e+00 1.000000000000000000e+00 1.000000000000000000e+00 1.000000000000000000e+00 1.000000000000000000e+00 1.000000000000000000e+00 1.000000000000000000e+00 1.000000000000000000e+00 1.000000000000000000e+00 1.000000000000000000e+00 1.000000000000000000e+00
4.839999999999999949e-90 3.369999999999999915e-86 1.920000000000000066e-82 9.030000000000000391e-79 3.480000000000000206e-75 1.099999999999999987e-71 2.869999999999999983e-68 6.119999999999999842e-65 1.069999999999999921e-61 1.549999999999999951e-58 1.830000000000000111e-55 1.780000000000000043e-52 1.430000000000000029e-49 9.360000000000000635e-47 5.049999999999999943e-44 2.239999999999999982e-41 8.149999999999999872e-39 2.440000000000000137e-36 5.999999999999999994e-34 1.210000000000000075e-31 2.019999999999999888e-29 2.760000000000000006e-27 3.099999999999999947e-25 2.859999999999999984e-23 2.179999999999999923e-21 1.359999999999999889e-19 6.990000000000000554e-18 2.959999999999999780e-16 1.029999999999999934e-14 2.960000000000000009e-13 6.989999999999999902e-12 1.359999999999999956e-10 2.190000000000000089e-09 2.890000000000000070e-08 3.160000000000000238e-07 2.860000000000000146e-06 2.134670000000000011e-05 1.320849999999999932e-04 6.780500000000000286e-04 2.894015000000000216e-03 1.029900700000000065e-02 3.067314700000000130e-02 7.683177700000000387e-02 1.629444220000000054e-01 2.952377939999999978e-01 4.626079819999999732e-01 6.369866950000000472e-01 7.866052000000000044e-01 8.923233120000000351e-01 9.538376299999999919e-01 9.833124450000000349e-01 9.949417699999999476e-01 9.987197749999999763e-01 9.997302989999999889e-01 9.999528220000000189e-01 9.999931600000000476e-01 9.999991790000000158e-01 9.999999189999999594e-01 9.999999929999999759e-01 1.000000000000000000e+00 1.000000000000000000e+00 1.000000000000000000e+00 1.000000000000000000e+00 1.000000000000000000e+00 1.000000000000000000e+00 1.000000000000000000e+00 1.000000000000000000e+00 1.000000000000000000e+00 1.000000000000000000e+00 1.000000000000000000e+00 1.000000000000000000e+00 1.000000000000000000e+00 1.000000000000000000e+00 1.000000000000000000e+00 1.000000000000000000e+00 1.000000000000000000e+00 1.000000000000000000e+00 1.000000000000000000e+00 1.000000000000000000e+00 1.000000000000000000e+00 1.000000000000000000e+00 1.000000000000000000e+00 1.000000000000000000e+00 1.000000000000000000e+00 1.000000000000000000e+00 1.000000000000000000e+00 1.000000000000000000e+00 1.000000000000000000e+00 1.000000000000000000e+00 1.000000000000000000e+00 1.000000000000000000e+00 1.000000000000000000e+00 1.000000000000000000e+00 1.000000000000000000e+00 1.000000000000000000e+00 1.000000000000000000e+00 1.000000000000000000e+00 1.000000000000000000e+00 1.000000000000000000e+00 1.000000000000000000e+00
4.680000000000000187e-116 4.159999999999999864e-111 2.879999999999999811e-106 1.540000000000000051e-101 6.440000000000000145e-97 2.089999999999999895e-92 5.259999999999999934e-88 1.030000000000000054e-83 1.570000000000000136e-79 1.850000000000000118e-75 1.700000000000000017e-71 1.219999999999999986e-67 6.739999999999999452e-64 2.910000000000000132e-60 9.750000000000000445e-57 2.539999999999999997e-53 5.149999999999999891e-50 8.109999999999999877e-47 9.929999999999999604e-44 9.460000000000000506e-41 7.000000000000000255e-38 4.030000000000000207e-35 1.810000000000000081e-32 6.290000000000000244e-30 1.710000000000000109e-27 3.599999999999999909e-25 5.910000000000000238e-23 7.560000000000000001e-21 7.520000000000000238e-19 5.830000000000000563e-17 3.520000000000000005e-15 1.659999999999999995e-13 6.100000000000000261e-12 1.749999999999999902e-10 3.909999999999999940e-09 6.849999999999999796e-08 9.369999999999999862e-07 1.005819999999999968e-05 8.470840000000000368e-05 5.612580000000000260e-04 2.934529999999999864e-03 1.215649899999999943e-02 4.012088600000000144e-02 1.063045410000000024e-01 2.285709469999999965e-01 4.048939999999999761e-01 6.034018330000000541e-01 7.778714009999999623e-01 8.975806509999999516e-01 9.616986680000000343e-01 9.885052629999999674e-01 9.972523760000000514e-01 9.994797359999999520e-01 9.999222739999999998e-01 9.999908650000000065e-01 9.999991569999999719e-01 9.999999389999999488e-01 9.999999969999999738e-01 1.000000000000000000e+00 1.000000000000000000e+00 1.000000000000000000e+00 1.000000000000000000e+00 1.000000000000000000e+00 1.000000000000000000e+00 1.000000000000000000e+00 1.000000000000000000e+00 1.000000000000000000e+00 1.000000000000000000e+00 1.000000000000000000e+00 1.000000000000000000e+00 1.000000000000000000e+00 1.000000000000000000e+00 1.000000000000000000e+00 1.000000000000000000e+00 1.000000000000000000e+00 1.000000000000000000e+00 1.000000000000000000e+00 1.000000000000000000e+00 1.000000000000000000e+00 1.000000000000000000e+00 1.000000000000000000e+00 1.000000000000000000e+00 1.000000000000000000e+00 1.000000000000000000e+00 1.000000000000000000e+00 1.000000000000000000e+00 1.000000000000000000e+00 1.000000000000000000e+00 1.000000000000000000e+00 1.000000000000000000e+00 1.000000000000000000e+00 1.000000000000000000e+00 1.000000000000000000e+00 1.000000000000000000e+00 1.000000000000000000e+00 1.000000000000000000e+00 1.000000000000000000e+00 1.000000000000000000e+00 1.000000000000000000e+00 1.000000000000000000e+00
2.089999999999999963e-91 1.630000000000000061e-87 1.039999999999999999e-83 5.439999999999999790e-80 2.329999999999999960e-76 8.200000000000000320e-73 2.360000000000000202e-69 5.579999999999999955e-66 1.080000000000000077e-62 1.720000000000000027e-59 2.239999999999999944e-56 2.389999999999999848e-53 2.090000000000000046e-50 1.500000000000000083e-47 8.819999999999999857e-45 4.259999999999999991e-42 1.680000000000000142e-39 5.470000000000000068e-37 1.459999999999999907e-34 3.179999999999999945e-32 5.699999999999999774e-30 8.380000000000000810e-28 1.010000000000000010e-25 9.999999999999999604e-24 8.139999999999999845e-22 5.429999999999999707e-20 2.979999999999999936e-18 1.340000000000000080e-16 4.950000000000000365e-15 1.499999999999999919e-13 3.760000000000000134e-12 7.720000000000000224e-11 1.300000000000000060e-09 1.809999999999999995e-08 2.080000000000000096e-07 1.959999999999999869e-06 1.531999999999999901e-05 9.875600000000000112e-05 5.270060000000000022e-04 2.333092000000000152e-03 8.592191000000000758e-03 2.641798100000000010e-02 6.814109799999999717e-02 1.484046850000000084e-01 2.753136469999999947e-01 4.402478719999999845e-01 6.164379589999999798e-01 7.711436289999999971e-01 8.827994489999999583e-01 9.490359900000000515e-01 9.813313780000000319e-01 9.942730459999999937e-01 9.985351359999999898e-01 9.996886120000000320e-01 9.999451289999999881e-01 9.999919999999999920e-01 9.999990370000000350e-01 9.999999040000000505e-01 9.999999920000000042e-01 9.999999990000000283e-01 1.000000000000000000e+00 1.000000000000000000e+00 1.000000000000000000e+00 1.000000000000000000e+00 1.000000000000000000e+00 1.000000000000000000e+00 1.000000000000000000e+00 1.000000000000000000e+00 1.000000000000000000e+00 1.000000000000000000e+00 1.000000000000000000e+00 1.000000000000000000e+00 1.000000000000000000e+00 1.000000000000000000e+00 1.000000000000000000e+00 1.000000000000000000e+00 1.000000000000000000e+00 1.000000000000000000e+00 1.000000000000000000e+00 1.000000000000000000e+00 1.000000000000000000e+00 1.000000000000000000e+00 1.000000000000000000e+00 1.000000000000000000e+00 1.000000000000000000e+00 1.000000000000000000e+00 1.000000000000000000e+00 1.000000000000000000e+00 1.000000000000000000e+00 1.000000000000000000e+00 1.000000000000000000e+00 1.000000000000000000e+00 1.000000000000000000e+00 1.000000000000000000e+00 1.000000000000000000e+00 1.000000000000000000e+00 1.000000000000000000e+00 1.000000000000000000e+00 1.000000000000000000e+00 1.000000000000000000e+00
5.829999999999999650e-100 1.120000000000000061e-95 1.730000000000000015e-91 2.139999999999999995e-87 2.129999999999999909e-83 1.699999999999999878e-79 1.080000000000000013e-75 5.569999999999999805e-72 2.299999999999999968e-68 7.600000000000000344e-65 2.020000000000000045e-61 4.299999999999999934e-58 7.360000000000000076e-55 1.010000000000000067e-51 1.110000000000000026e-48 9.870000000000000610e-46 7.020000000000000165e-43 4.009999999999999627e-40 1.840000000000000013e-37 6.759999999999999588e-35 2.000000000000000112e-32 4.749999999999999695e-30 9.070000000000000363e-28 1.389999999999999967e-25 1.710000000000000081e-23 1.700000000000000012e-21 1.350000000000000039e-19 8.660000000000000142e-18 4.460000000000000489e-16 1.850000000000000006e-14 6.169999999999999963e-13 1.659999999999999954e-11 3.580000000000000045e-10 6.249999999999999717e-09 8.799999999999999390e-08 9.999999999999999547e-07 9.190000000000000103e-06 6.833290000000000436e-05 4.121679999999999745e-04 2.021053999999999993e-03 8.081318000000000529e-03 2.645911600000000127e-02 7.133054299999999626e-02 1.595477210000000035e-01 2.992065649999999799e-01 4.772529569999999777e-01 6.600447489999999862e-01 8.111710300000000151e-01 9.117890509999999615e-01 9.657337190000000460e-01 9.890218650000000000e-01 9.971166320000000027e-01 9.993818979999999907e-01 9.998922120000000024e-01 9.999847469999999516e-01 9.999982520000000319e-01 9.999998380000000298e-01 9.999999880000000063e-01 9.999999990000000283e-01 1.000000000000000000e+00 1.000000000000000000e+00 1.000000000000000000e+00 1.000000000000000000e+00 1.000000000000000000e+00 1.000000000000000000e+00 1.000000000000000000e+00 1.000000000000000000e+00 1.000000000000000000e+00 1.000000000000000000e+00 1.000000000000000000e+00 1.000000000000000000e+00 1.000000000000000000e+00 1.000000000000000000e+00 1.000000000000000000e+00 1.000000000000000000e+00 1.000000000000000000e+00 1.000000000000000000e+00 1.000000000000000000e+00 1.000000000000000000e+00 1.000000000000000000e+00 1.000000000000000000e+00 1.000000000000000000e+00 1.000000000000000000e+00 1.000000000000000000e+00 1.000000000000000000e+00 1.000000000000000000e+00 1.000000000000000000e+00 1.000000000000000000e+00 1.000000000000000000e+00 1.000000000000000000e+00 1.000000000000000000e+00 1.000000000000000000e+00 1.000000000000000000e+00 1.000000000000000000e+00 1.000000000000000000e+00 1.000000000000000000e+00 1.000000000000000000e+00 1.000000000000000000e+00 1.000000000000000000e+00 1.000000000000000000e+00
6.280000000000000087e-74 9.480000000000000467e-71 1.209999999999999992e-67 1.320000000000000042e-64 1.210000000000000031e-61 9.459999999999999925e-59 6.270000000000000370e-56 3.519999999999999923e-53 1.680000000000000013e-50 6.779999999999999413e-48 2.320000000000000038e-45 6.759999999999999687e-43 1.669999999999999988e-40 3.489999999999999925e-38 6.199999999999999701e-36 9.350000000000000147e-34 1.200000000000000012e-31 1.300000000000000108e-29 1.200000000000000010e-27 9.349999999999999929e-26 6.209999999999999682e-24 3.500000000000000053e-22 1.670000000000000069e-20 6.800000000000000409e-19 2.349999999999999976e-17 6.880000000000000369e-16 1.710000000000000097e-14 3.630000000000000183e-13 6.529999999999999842e-12 1.000000000000000036e-10 1.300000000000000060e-09 1.439999999999999990e-08 1.360000000000000002e-07 1.089999999999999940e-06 7.500000000000000190e-06 4.388909999999999963e-05 2.194130000000000082e-04 9.385599999999999585e-04 3.441324999999999853e-03 1.084011799999999928e-02 2.942058700000000152e-02 6.905946200000000201e-02 1.408995060000000077e-01 2.515114199999999856e-01 3.961999789999999799e-01 5.569932180000000121e-01 7.088046279999999921e-01 8.305754199999999532e-01 9.135567460000000306e-01 9.615975159999999855e-01 9.852253109999999925e-01 9.950973990000000491e-01 9.986013179999999601e-01 9.996577530000000378e-01 9.999283089999999596e-01 9.999871639999999839e-01 9.999980379999999780e-01 9.999997440000000237e-01 9.999999720000000147e-01 9.999999969999999738e-01 1.000000000000000000e+00 1.000000000000000000e+00 1.000000000000000000e+00 1.000000000000000000e+00 1.000000000000000000e+00 1.000000000000000000e+00 1.000000000000000000e+00 1.000000000000000000e+00 1.000000000000000000e+00 1.000000000000000000e+00 1.000000000000000000e+00 1.000000000000000000e+00 1.000000000000000000e+00 1.000000000000000000e+00 1.000000000000000000e+00 1.000000000000000000e+00 1.000000000000000000e+00 1.000000000000000000e+00 1.000000000000000000e+00 1.000000000000000000e+00 1.000000000000000000e+00 1.000000000000000000e+00 1.000000000000000000e+00 1.000000000000000000e+00 1.000000000000000000e+00 1.000000000000000000e+00 1.000000000000000000e+00 1.000000000000000000e+00 1.000000000000000000e+00 1.000000000000000000e+00 1.000000000000000000e+00 1.000000000000000000e+00 1.000000000000000000e+00 1.000000000000000000e+00 1.000000000000000000e+00 1.000000000000000000e+00 1.000000000000000000e+00 1.000000000000000000e+00 1.000000000000000000e+00 1.000000000000000000e+00
2.290000000000000121e-65 1.560000000000000088e-62 9.210000000000000139e-60 4.670000000000000102e-57 2.039999999999999982e-54 7.710000000000000266e-52 2.509999999999999823e-49 7.020000000000000476e-47 1.700000000000000082e-44 3.530000000000000144e-42 6.339999999999999764e-40 9.810000000000000978e-38 1.309999999999999993e-35 1.510000000000000064e-33 1.490000000000000063e-31 1.280000000000000107e-29 9.429999999999999272e-28 6.000000000000000231e-26 3.299999999999999840e-24 1.559999999999999991e-22 6.379999999999999798e-21 2.250000000000000065e-19 6.839999999999999811e-18 1.789999999999999997e-16 4.070000000000000265e-15 7.959999999999999656e-14 1.339999999999999945e-12 1.959999999999999888e-11 2.469999999999999742e-10 2.700000000000000189e-09 2.539999999999999914e-08 2.069999999999999875e-07 1.459999999999999997e-06 8.950000000000000707e-06 4.740390000000000196e-05 2.179700000000000019e-04 8.707170000000000187e-04 3.026291999999999871e-03 9.168993999999999756e-03 2.427484900000000112e-02 5.633244600000000130e-02 1.150441920000000035e-01 2.078412990000000071e-01 3.344211730000000160e-01 4.834325300000000269e-01 6.348236849999999709e-01 7.675656549999999578e-01 8.680136010000000235e-01 9.336123539999999776e-01 9.705838340000000342e-01 9.885662509999999514e-01 9.961142370000000135e-01 9.988482840000000307e-01 9.997028820000000149e-01 9.999333900000000330e-01 9.999870389999999665e-01 9.999978139999999849e-01 9.999996799999999464e-01 9.999999600000000211e-01 9.999999960000000021e-01 1.000000000000000000e+00 1.000000000000000000e+00 1.000000000000000000e+00 1.000000000000000000e+00 1.000000000000000000e+00 1.000000000000000000e+00 1.000000000000000000e+00 1.000000000000000000e+00 1.000000000000000000e+00 1.000000000000000000e+00 1.000000000000000000e+00 1.000000000000000000e+00 1.000000000000000000e+00 1.000000000000000000e+00 1.000000000000000000e+00 1.000000000000000000e+00 1.000000000000000000e+00 1.000000000000000000e+00 1.000000000000000000e+00 1.000000000000000000e+00 1.000000000000000000e+00 1.000000000000000000e+00 1.000000000000000000e+00 1.000000000000000000e+00 1.000000000000000000e+00 1.000000000000000000e+00 1.000000000000000000e+00 1.000000000000000000e+00 1.000000000000000000e+00 1.000000000000000000e+00 1.000000000000000000e+00 1.000000000000000000e+00 1.000000000000000000e+00 1.000000000000000000e+00 1.000000000000000000e+00 1.000000000000000000e+00 1.000000000000000000e+00 1.000000000000000000e+00 1.000000000000000000e+00 1.000000000000000000e+00
2.020000000000000034e-63 1.109999999999999992e-60 5.330000000000000155e-58 2.209999999999999859e-55 7.920000000000000290e-53 2.460000000000000197e-50 6.639999999999999927e-48 1.550000000000000045e-45 3.139999999999999984e-43 5.500000000000000223e-41 8.359999999999999442e-39 1.099999999999999969e-36 1.260000000000000093e-34 1.239999999999999987e-32 1.069999999999999949e-30 7.919999999999999539e-29 5.099999999999999909e-27 2.850000000000000196e-25 1.380000000000000060e-23 5.800000000000000329e-22 2.109999999999999931e-20 6.669999999999999946e-19 1.829999999999999969e-17 4.350000000000000180e-16 8.970000000000000212e-15 1.609999999999999956e-13 2.499999999999999849e-12 3.369999999999999736e-11 3.949999999999999801e-10 4.019999999999999766e-09 3.560000000000000114e-08 2.739999999999999918e-07 1.830000000000000055e-06 1.068779999999999955e-05 5.427940000000000076e-05 2.404060000000000019e-04 9.296600000000000133e-04 3.143415000000000098e-03 9.310357999999999482e-03 2.421118900000000101e-02 5.544033699999999926e-02 1.122113319999999970e-01 2.017304639999999982e-01 3.241731959999999968e-01 4.694449940000000043e-01 6.189523590000000075e-01 7.524203579999999558e-01 8.557735239999999521e-01 9.251959429999999651e-01 9.656442929999999869e-01 9.860861960000000259e-01 9.950471469999999652e-01 9.984542950000000472e-01 9.995779209999999804e-01 9.998993139999999835e-01 9.999790450000000108e-01 9.999961990000000300e-01 9.999993999999999827e-01 9.999999170000000159e-01 9.999999899999999498e-01 9.999999990000000283e-01 1.000000000000000000e+00 1.000000000000000000e+00 1.000000000000000000e+00 1.000000000000000000e+00 1.000000000000000000e+00 1.000000000000000000e+00 1.000000000000000000e+00 1.000000000000000000e+00 1.000000000000000000e+00 1.000000000000000000e+00 1.000000000000000000e+00 1.000000000000000000e+00 1.000000000000000000e+00 1.000000000000000000e+00 1.000000000000000000e+00 1.000000000000000000e+00 1.000000000000000000e+00 1.000000000000000000e+00 1.000000000000000000e+00 1.000000000000000000e+00 1.000000000000000000e+00 1.000000000000000000e+00 1.000000000000000000e+00 1.000000000000000000e+00 1.000000000000000000e+00 1.000000000000000000e+00 1.000000000000000000e+00 1.000000000000000000e+00 1.000000000000000000e+00 1.000000000000000000e+00 1.000000000000000000e+00 1.000000000000000000e+00 1.000000000000000000e+00 1.000000000000000000e+00 1.000000000000000000e+00 1.000000000000000000e+00 1.000000000000000000e+00 1.000000000000000000e+00 1.000000000000000000e+00
3.389999999999999979e-45 3.150000000000000095e-43 2.640000000000000189e-41 1.990000000000000112e-39 1.350000000000000079e-37 8.250000000000000098e-36 4.539999999999999659e-34 2.250000000000000023e-32 1.010000000000000014e-30 4.050000000000000057e-29 1.469999999999999999e-27 4.790000000000000213e-26 1.410000000000000049e-24 3.739999999999999843e-23 8.929999999999999063e-22 1.919999999999999943e-20 3.720000000000000235e-19 6.510000000000000027e-18 1.029999999999999974e-16 1.460000000000000058e-15 1.860000000000000089e-14 2.149999999999999926e-13 2.240000000000000149e-12 2.099999999999999857e-11 1.780000000000000057e-10 1.360000000000000060e-09 9.349999999999999352e-09 5.819999999999999837e-08 3.270000000000000032e-07 1.659999999999999988e-06 7.600000000000000080e-06 3.148530000000000160e-05 1.180170000000000053e-04 4.003999999999999747e-04 1.230565000000000088e-03 3.429204999999999840e-03 8.675027999999999559e-03 1.995078200000000024e-02 4.178578599999999837e-02 7.987827399999999911e-02 1.397478319999999885e-01 2.245203950000000115e-01 3.326609409999999878e-01 4.569425320000000124e-01 5.856224119999999811e-01 7.056552929999999613e-01 8.065283680000000510e-01 8.829005149999999968e-01 9.349933870000000091e-01 9.670047040000000482e-01 9.847265410000000108e-01 9.935653039999999825e-01 9.975367520000000265e-01 9.991443509999999861e-01 9.997305899999999745e-01 9.999231809999999943e-01 9.999801790000000246e-01 9.999953750000000197e-01 9.999990239999999586e-01 9.999998140000000424e-01 9.999999680000000168e-01 9.999999950000000304e-01 9.999999990000000283e-01 1.000000000000000000e+00 1.000000000000000000e+00 1.000000000000000000e+00 1.000000000000000000e+00 1.000000000000000000e+00 1.000000000000000000e+00 1.000000000000000000e+00 1.000000000000000000e+00 1.000000000000000000e+00 1.000000000000000000e+00 1.000000000000000000e+00 1.000000000000000000e+00 1.000000000000000000e+00 1.000000000000000000e+00 1.000000000000000000e+00 1.000000000000000000e+00 1.000000000000000000e+00 1.000000000000000000e+00 1.000000000000000000e+00 1.000000000000000000e+00 1.000000000000000000e+00 1.000000000000000000e+00 1.000000000000000000e+00 1.000000000000000000e+00 1.000000000000000000e+00 1.000000000000000000e+00 1.000000000000000000e+00 1.000000000000000000e+00 1.000000000000000000e+00 1.000000000000000000e+00 1.000000000000000000e+00 1.000000000000000000e+00 1.000000000000000000e+00 1.000000000000000000e+00 1.000000000000000000e+00 1.000000000000000000e+00 1.000000000000000000e+00
1.440000000000000021e-54 3.800000000000000326e-52 8.779999999999999058e-50 1.780000000000000027e-47 3.169999999999999892e-45 4.950000000000000035e-43 6.780000000000000067e-41 8.160000000000000598e-39 8.619999999999999766e-37 8.000000000000000063e-35 6.510000000000000002e-33 4.659999999999999618e-31 2.920000000000000243e-29 1.610000000000000033e-27 7.799999999999999726e-26 3.309999999999999812e-24 1.239999999999999957e-22 4.059999999999999666e-21 1.170000000000000082e-19 2.960000000000000042e-18 6.570000000000000016e-17 1.280000000000000092e-15 2.209999999999999860e-14 3.329999999999999947e-13 4.420000000000000149e-12 5.150000000000000310e-11 5.290000000000000344e-10 4.779999999999999624e-09 3.800000000000000278e-08 2.660000000000000261e-07 1.639999999999999968e-06 8.909999999999999396e-06 4.273710000000000117e-05 1.808690000000000059e-04 6.763579999999999506e-04 2.237517000000000065e-03 6.558066000000000416e-03 1.706115799999999988e-02 3.948906800000000217e-02 8.155782799999999888e-02 1.508740379999999881e-01 2.512010989999999833e-01 3.787605150000000198e-01 5.212294039999999518e-01 6.610082800000000036e-01 7.814777160000000444e-01 8.726840169999999786e-01 9.333413310000000518e-01 9.687776529999999608e-01 9.869628049999999986e-01 9.951603319999999808e-01 9.984062700000000401e-01 9.995352389999999643e-01 9.998801449999999980e-01 9.999726970000000215e-01 9.999945110000000303e-01 9.999990269999999848e-01 9.999998479999999690e-01 9.999999790000000388e-01 9.999999969999999738e-01 1.000000000000000000e+00 1.000000000000000000e+00 1.000000000000000000e+00 1.000000000000000000e+00 1.000000000000000000e+00 1.000000000000000000e+00 1.000000000000000000e+00 1.000000000000000000e+00 1.000000000000000000e+00 1.000000000000000000e+00 1.000000000000000000e+00 1.000000000000000000e+00 1.000000000000000000e+00 1.000000000000000000e+00 1.000000000000000000e+00 1.000000000000000000e+00 1.000000000000000000e+00 1.000000000000000000e+00 1.000000000000000000e+00 1.000000000000000000e+00 1.000000000000000000e+00 1.000000000000000000e+00 1.000000000000000000e+00 1.000000000000000000e+00 1.000000000000000000e+00 1.000000000000000000e+00 1.000000000000000000e+00 1.000000000000000000e+00 1.000000000000000000e+00 1.000000000000000000e+00 1.000000000000000000e+00 1.000000000000000000e+00 1.000000000000000000e+00 1.000000000000000000e+00 1.000000000000000000e+00 1.000000000000000000e+00 1.000000000000000000e+00 1.000000000000000000e+00 1.000000000000000000e+00 1.000000000000000000e+00
8.310000000000000709e-40 4.680000000000000093e-38 2.389999999999999956e-36 1.109999999999999965e-34 4.730000000000000135e-33 1.819999999999999924e-31 6.400000000000000533e-30 2.039999999999999946e-28 5.940000000000000114e-27 1.569999999999999917e-25 3.780000000000000318e-24 8.279999999999999772e-23 1.650000000000000045e-21 3.000000000000000287e-20 4.949999999999999661e-19 7.449999999999999647e-18 1.020000000000000058e-16 1.269999999999999929e-15 1.450000000000000132e-14 1.499999999999999919e-13 1.410000000000000050e-12 1.210000000000000054e-11 9.449999999999999679e-11 6.729999999999999507e-10 4.369999999999999592e-09 2.590000000000000031e-08 1.400000000000000095e-07 6.870000000000000504e-07 3.080000000000000157e-06 1.264270000000000010e-05 4.731269999999999850e-05 1.617509999999999901e-04 5.054890000000000251e-04 1.445043000000000022e-03 3.782044999999999938e-03 9.071871999999999922e-03 1.996797999999999976e-02 4.039245600000000019e-02 7.523276800000000542e-02 1.293164529999999979e-01 2.057185059999999954e-01 3.039383729999999839e-01 4.188463020000000037e-01 5.411832030000000016e-01 6.597114790000000450e-01 7.642179989999999812e-01 8.480715239999999655e-01 9.093002350000000122e-01 9.499861229999999601e-01 9.745890120000000323e-01 9.881278230000000162e-01 9.949077530000000058e-01 9.979974660000000553e-01 9.992787850000000027e-01 9.997623319999999758e-01 9.999283909999999720e-01 9.999802859999999960e-01 9.999950440000000551e-01 9.999988629999999601e-01 9.999997619999999587e-01 9.999999550000000514e-01 9.999999920000000042e-01 9.999999990000000283e-01 1.000000000000000000e+00 1.000000000000000000e+00 1.000000000000000000e+00 1.000000000000000000e+00 1.000000000000000000e+00 1.000000000000000000e+00 1.000000000000000000e+00 1.000000000000000000e+00 1.000000000000000000e+00 1.000000000000000000e+00 1.000000000000000000e+00 1.000000000000000000e+00 1.000000000000000000e+00 1.000000000000000000e+00 1.000000000000000000e+00 1.000000000000000000e+00 1.000000000000000000e+00 1.000000000000000000e+00 1.000000000000000000e+00 1.000000000000000000e+00 1.000000000000000000e+00 1.000000000000000000e+00 1.000000000000000000e+00 1.000000000000000000e+00 1.000000000000000000e+00 1.000000000000000000e+00 1.000000000000000000e+00 1.000000000000000000e+00 1.000000000000000000e+00 1.000000000000000000e+00 1.000000000000000000e+00 1.000000000000000000e+00 1.000000000000000000e+00 1.000000000000000000e+00 1.000000000000000000e+00 1.000000000000000000e+00 1.000000000000000000e+00
8.220000000000000657e-43 6.249999999999999558e-41 4.289999999999999868e-39 2.660000000000000181e-37 1.489999999999999976e-35 7.569999999999999938e-34 3.469999999999999777e-32 1.440000000000000015e-30 5.379999999999999888e-29 1.820000000000000084e-27 5.570000000000000301e-26 1.540000000000000048e-24 3.859999999999999797e-23 8.729999999999999571e-22 1.780000000000000110e-20 3.299999999999999774e-19 5.519999999999999902e-18 8.360000000000000506e-17 1.139999999999999986e-15 1.420000000000000039e-14 1.590000000000000041e-13 1.610000000000000006e-12 1.470000000000000158e-11 1.219999999999999923e-10 9.200000000000000283e-10 6.260000000000000303e-09 3.860000000000000154e-08 2.160000000000000019e-07 1.089999999999999940e-06 5.010000000000000313e-06 2.084719999999999922e-05 7.873519999999999792e-05 2.700059999999999895e-04 8.413410000000000073e-04 2.384180999999999974e-03 6.150700000000000264e-03 1.446360499999999917e-02 3.105035999999999907e-02 6.097084299999999679e-02 1.097659770000000007e-01 1.817087169999999918e-01 2.776049279999999730e-01 3.931685180000000224e-01 5.190745100000000445e-01 6.430905630000000039e-01 7.535277879999999762e-01 8.424394429999999545e-01 9.071547060000000329e-01 9.497398729999999567e-01 9.750743549999999482e-01 9.887002750000000173e-01 9.953257570000000332e-01 9.982382459999999957e-01 9.993956990000000262e-01 9.998115440000000520e-01 9.999466099999999580e-01 9.999862689999999832e-01 9.999967960000000211e-01 9.999993219999999683e-01 9.999998700000000129e-01 9.999999769999999844e-01 9.999999960000000021e-01 9.999999990000000283e-01 1.000000000000000000e+00 1.000000000000000000e+00 1.000000000000000000e+00 1.000000000000000000e+00 1.000000000000000000e+00 1.000000000000000000e+00 1.000000000000000000e+00 1.000000000000000000e+00 1.000000000000000000e+00 1.000000000000000000e+00 1.000000000000000000e+00 1.000000000000000000e+00 1.000000000000000000e+00 1.000000000000000000e+00 1.000000000000000000e+00 1.000000000000000000e+00 1.000000000000000000e+00 1.000000000000000000e+00 1.000000000000000000e+00 1.000000000000000000e+00 1.000000000000000000e+00 1.000000000000000000e+00 1.000000000000000000e+00 1.000000000000000000e+00 1.000000000000000000e+00 1.000000000000000000e+00 1.000000000000000000e+00 1.000000000000000000e+00 1.000000000000000000e+00 1.000000000000000000e+00 1.000000000000000000e+00 1.000000000000000000e+00 1.000000000000000000e+00 1.000000000000000000e+00 1.000000000000000000e+00 1.000000000000000000e+00 1.000000000000000000e+00
5.660000000000000288e-35 1.919999999999999930e-33 5.990000000000000219e-32 1.720000000000000003e-30 4.570000000000000101e-29 1.110000000000000014e-27 2.500000000000000096e-26 5.170000000000000056e-25 9.840000000000000057e-24 1.720000000000000008e-22 2.790000000000000161e-21 4.140000000000000215e-20 5.670000000000000452e-19 7.160000000000000420e-18 8.320000000000000102e-17 8.900000000000000652e-16 8.779999999999999886e-15 7.979999999999999823e-14 6.679999999999999809e-13 5.159999999999999824e-12 3.669999999999999993e-11 2.399999999999999984e-10 1.449999999999999956e-09 8.099999999999999739e-09 4.160000000000000193e-08 1.970000000000000038e-07 8.630000000000000382e-07 3.480000000000000139e-06 1.298110000000000011e-05 4.467150000000000081e-05 1.420249999999999963e-04 4.173739999999999785e-04 1.134386000000000031e-03 2.853407000000000079e-03 6.647868999999999827e-03 1.435929399999999988e-02 2.878828900000000163e-02 5.364568799999999693e-02 9.307276800000000017e-02 1.506504019999999888e-01 2.280669929999999956e-01 3.239045890000000205e-01 4.331391030000000253e-01 5.477711910000000461e-01 6.585291629999999730e-01 7.570586390000000332e-01 8.377597469999999991e-01 8.986173100000000025e-01 9.408715960000000322e-01 9.678830139999999860e-01 9.837810489999999630e-01 9.923961030000000294e-01 9.966943320000000162e-01 9.986687410000000265e-01 9.995037650000000440e-01 9.998289070000000445e-01 9.999454690000000312e-01 9.999839419999999590e-01 9.999956330000000504e-01 9.999989030000000501e-01 9.999997459999999672e-01 9.999999459999999729e-01 9.999999889999999780e-01 9.999999979999999455e-01 1.000000000000000000e+00 1.000000000000000000e+00 1.000000000000000000e+00 1.000000000000000000e+00 1.000000000000000000e+00 1.000000000000000000e+00 1.000000000000000000e+00 1.000000000000000000e+00 1.000000000000000000e+00 1.000000000000000000e+00 1.000000000000000000e+00 1.000000000000000000e+00 1.000000000000000000e+00 1.000000000000000000e+00 1.000000000000000000e+00 1.000000000000000000e+00 1.000000000000000000e+00 1.000000000000000000e+00 1.000000000000000000e+00 1.000000000000000000e+00 1.000000000000000000e+00 1.000000000000000000e+00 1.000000000000000000e+00 1.000000000000000000e+00 1.000000000000000000e+00 1.000000000000000000e+00 1.000000000000000000e+00 1.000000000000000000e+00 1.000000000000000000e+00 1.000000000000000000e+00 1.000000000000000000e+00 1.000000000000000000e+00 1.000000000000000000e+00 1.000000000000000000e+00 1.000000000000000000e+00 1.000000000000000000e+00
1.600000000000000009e-40 9.200000000000000328e-39 4.820000000000000224e-37 2.299999999999999898e-35 9.979999999999999231e-34 3.949999999999999913e-32 1.419999999999999978e-30 4.659999999999999828e-29 1.390000000000000082e-27 3.790000000000000175e-26 9.379999999999999156e-25 2.119999999999999875e-23 4.349999999999999776e-22 8.140000000000000598e-21 1.389999999999999922e-19 2.160000000000000062e-18 3.050000000000000257e-17 3.939999999999999928e-16 4.629999999999999898e-15 4.959999999999999817e-14 4.839999999999999571e-13 4.310000000000000012e-12 3.489999999999999710e-11 2.579999999999999879e-10 1.739999999999999988e-09 1.069999999999999986e-08 6.019999999999999643e-08 3.089999999999999744e-07 1.439999999999999977e-06 6.170000000000000218e-06 2.405710000000000045e-05 8.578750000000000492e-05 2.797470000000000035e-04 8.347370000000000007e-04 2.280911000000000050e-03 5.712710000000000184e-03 1.312907399999999926e-02 2.772496400000000125e-02 5.388523600000000302e-02 9.658523900000000328e-02 1.600582220000000000e-01 2.459845969999999993e-01 3.519201040000000114e-01 4.708619629999999945e-01 5.924823409999999679e-01 7.057371110000000280e-01 8.017843690000000523e-01 8.759651250000000111e-01 9.281415800000000216e-01 9.615636899999999709e-01 9.810606920000000120e-01 9.914186659999999485e-01 9.964299970000000117e-01 9.986380030000000518e-01 9.995239639999999870e-01 9.998477009999999776e-01 9.999554299999999785e-01 9.999880759999999480e-01 9.999970849999999523e-01 9.999993489999999818e-01 9.999998669999999867e-01 9.999999750000000409e-01 9.999999960000000021e-01 9.999999990000000283e-01 1.000000000000000000e+00 1.000000000000000000e+00 1.000000000000000000e+00 1.000000000000000000e+00 1.000000000000000000e+00 1.000000000000000000e+00 1.000000000000000000e+00 1.000000000000000000e+00 1.000000000000000000e+00 1.000000000000000000e+00 1.000000000000000000e+00 1.000000000000000000e+00 1.000000000000000000e+00 1.000000000000000000e+00 1.000000000000000000e+00 1.000000000000000000e+00 1.000000000000000000e+00 1.000000000000000000e+00 1.000000000000000000e+00 1.000000000000000000e+00 1.000000000000000000e+00 1.000000000000000000e+00 1.000000000000000000e+00 1.000000000000000000e+00 1.000000000000000000e+00 1.000000000000000000e+00 1.000000000000000000e+00 1.000000000000000000e+00 1.000000000000000000e+00 1.000000000000000000e+00 1.000000000000000000e+00 1.000000000000000000e+00 1.000000000000000000e+00 1.000000000000000000e+00 1.000000000000000000e+00 1.000000000000000000e+00
2.309999999999999910e-41 1.420000000000000046e-39 7.889999999999999548e-38 3.999999999999999764e-36 1.839999999999999918e-34 7.730000000000000303e-33 2.950000000000000158e-31 1.019999999999999945e-29 3.240000000000000046e-28 9.299999999999999497e-27 2.430000000000000007e-25 5.790000000000000137e-24 1.260000000000000047e-22 2.480000000000000102e-21 4.439999999999999943e-20 7.260000000000000273e-19 1.079999999999999954e-17 1.460000000000000058e-16 1.800000000000000061e-15 2.019999999999999849e-14 2.070000000000000015e-13 1.919999999999999897e-12 1.630000000000000123e-11 1.260000000000000043e-10 8.860000000000000424e-10 5.680000000000000238e-09 3.319999999999999950e-08 1.770000000000000100e-07 8.600000000000000246e-07 3.809999999999999944e-06 1.543899999999999906e-05 5.705180000000000152e-05 1.925949999999999949e-04 5.943100000000000206e-04 1.677626999999999894e-03 4.335842000000000342e-03 1.027089999999999947e-02 2.232855200000000151e-02 4.461830900000000183e-02 8.211169999999999580e-02 1.394985539999999968e-01 2.194230199999999964e-01 3.207109590000000177e-01 4.375121060000000117e-01 5.600719819999999682e-01 6.770923610000000314e-01 7.787608870000000127e-01 8.591362500000000457e-01 9.169551799999999808e-01 9.548017730000000203e-01 9.773437459999999577e-01 9.895607239999999472e-01 9.955854960000000142e-01 9.982889579999999485e-01 9.993927839999999785e-01 9.998028730000000364e-01 9.999415010000000104e-01 9.999841409999999930e-01 9.999960740000000126e-01 9.999991129999999950e-01 9.999998169999999575e-01 9.999999659999999624e-01 9.999999939999999476e-01 9.999999990000000283e-01 1.000000000000000000e+00 1.000000000000000000e+00 1.000000000000000000e+00 1.000000000000000000e+00 1.000000000000000000e+00 1.000000000000000000e+00 1.000000000000000000e+00 1.000000000000000000e+00 1.000000000000000000e+00 1.000000000000000000e+00 1.000000000000000000e+00 1.000000000000000000e+00 1.000000000000000000e+00 1.000000000000000000e+00 1.000000000000000000e+00 1.000000000000000000e+00 1.000000000000000000e+00 1.000000000000000000e+00 1.000000000000000000e+00 1.000000000000000000e+00 1.000000000000000000e+00 1.000000000000000000e+00 1.000000000000000000e+00 1.000000000000000000e+00 1.000000000000000000e+00 1.000000000000000000e+00 1.000000000000000000e+00 1.000000000000000000e+00 1.000000000000000000e+00 1.000000000000000000e+00 1.000000000000000000e+00 1.000000000000000000e+00 1.000000000000000000e+00 1.000000000000000000e+00 1.000000000000000000e+00 1.000000000000000000e+00
1.460000000000000011e-39 7.279999999999999681e-38 3.329999999999999680e-36 1.389999999999999961e-34 5.309999999999999661e-33 1.859999999999999954e-31 5.929999999999999934e-30 1.730000000000000088e-28 4.629999999999999949e-27 1.130000000000000015e-25 2.530000000000000183e-24 5.169999999999999835e-23 9.670000000000000759e-22 1.650000000000000007e-20 2.589999999999999796e-19 3.710000000000000289e-18 4.859999999999999716e-17 5.819999999999999908e-16 6.380000000000000330e-15 6.409999999999999950e-14 5.890000000000000146e-13 4.949999999999999709e-12 3.810000000000000285e-11 2.690000000000000017e-10 1.730000000000000023e-09 1.029999999999999959e-08 5.550000000000000066e-08 2.759999999999999833e-07 1.250000000000000102e-06 5.229999999999999901e-06 2.000659999999999917e-05 7.023470000000000028e-05 2.263579999999999900e-04 6.701329999999999483e-04 1.823673999999999955e-03 4.565762000000000119e-03 1.052663000000000036e-02 2.237666899999999834e-02 4.392004000000000047e-02 7.973734000000000377e-02 1.341949500000000073e-01 2.099151850000000041e-01 3.061991239999999892e-01 4.181647960000000053e-01 5.372356510000000362e-01 6.530375699999999561e-01 7.560324579999999628e-01 8.398056200000000304e-01 9.021192319999999931e-01 9.445078190000000262e-01 9.708773229999999588e-01 9.858790320000000440e-01 9.936838690000000529e-01 9.973972509999999847e-01 9.990129340000000191e-01 9.996558020000000377e-01 9.998897190000000101e-01 9.999675550000000079e-01 9.999912399999999479e-01 9.999978299999999765e-01 9.999995069999999542e-01 9.999998970000000265e-01 9.999999800000000105e-01 9.999999969999999738e-01 9.999999990000000283e-01 1.000000000000000000e+00 1.000000000000000000e+00 1.000000000000000000e+00 1.000000000000000000e+00 1.000000000000000000e+00 1.000000000000000000e+00 1.000000000000000000e+00 1.000000000000000000e+00 1.000000000000000000e+00 1.000000000000000000e+00 1.000000000000000000e+00 1.000000000000000000e+00 1.000000000000000000e+00 1.000000000000000000e+00 1.000000000000000000e+00 1.000000000000000000e+00 1.000000000000000000e+00 1.000000000000000000e+00 1.000000000000000000e+00 1.000000000000000000e+00 1.000000000000000000e+00 1.000000000000000000e+00 1.000000000000000000e+00 1.000000000000000000e+00 1.000000000000000000e+00 1.000000000000000000e+00 1.000000000000000000e+00 1.000000000000000000e+00 1.000000000000000000e+00 1.000000000000000000e+00 1.000000000000000000e+00 1.000000000000000000e+00 1.000000000000000000e+00 1.000000000000000000e+00 1.000000000000000000e+00
1.070000000000000027e-37 4.329999999999999955e-36 1.610000000000000035e-34 5.480000000000000006e-33 1.719999999999999959e-31 4.949999999999999712e-30 1.309999999999999941e-28 3.199999999999999908e-27 7.170000000000000362e-26 1.480000000000000034e-24 2.799999999999999713e-23 4.880000000000000406e-22 7.809999999999999272e-21 1.149999999999999899e-19 1.559999999999999981e-18 1.949999999999999947e-17 2.230000000000000244e-16 2.360000000000000089e-15 2.289999999999999898e-14 2.039999999999999890e-13 1.679999999999999910e-12 1.270000000000000041e-11 8.850000000000000458e-11 5.680000000000000031e-10 3.349999999999999805e-09 1.820000000000000084e-08 9.110000000000000181e-08 4.200000000000000022e-07 1.790000000000000014e-06 6.999999999999999895e-06 2.527129999999999977e-05 8.419910000000000502e-05 2.588979999999999732e-04 7.350720000000000257e-04 1.928355999999999994e-03 4.677698999999999573e-03 1.050171400000000053e-02 2.184465899999999891e-02 4.215608900000000075e-02 7.559619800000000334e-02 1.262146080000000059e-01 1.966618179999999882e-01 2.868052990000000135e-01 3.928577229999999920e-01 5.075734570000000057e-01 6.216619009999999612e-01 7.259840669999999552e-01 8.136897239999999476e-01 8.814842010000000228e-01 9.296652389999999766e-01 9.611479699999999626e-01 9.800619139999999785e-01 9.905092170000000529e-01 9.958148530000000553e-01 9.982921630000000102e-01 9.993556470000000136e-01 9.997753959999999829e-01 9.999277130000000513e-01 9.999785310000000038e-01 9.999941190000000146e-01 9.999985139999999495e-01 9.999996540000000156e-01 9.999999259999999834e-01 9.999999849999999801e-01 9.999999969999999738e-01 1.000000000000000000e+00 1.000000000000000000e+00 1.000000000000000000e+00 1.000000000000000000e+00 1.000000000000000000e+00 1.000000000000000000e+00 1.000000000000000000e+00 1.000000000000000000e+00 1.000000000000000000e+00 1.000000000000000000e+00 1.000000000000000000e+00 1.000000000000000000e+00 1.000000000000000000e+00 1.000000000000000000e+00 1.000000000000000000e+00 1.000000000000000000e+00 1.000000000000000000e+00 1.000000000000000000e+00 1.000000000000000000e+00 1.000000000000000000e+00 1.000000000000000000e+00 1.000000000000000000e+00 1.000000000000000000e+00 1.000000000000000000e+00 1.000000000000000000e+00 1.000000000000000000e+00 1.000000000000000000e+00 1.000000000000000000e+00 1.000000000000000000e+00 1.000000000000000000e+00 1.000000000000000000e+00 1.000000000000000000e+00 1.000000000000000000e+00 1.000000000000000000e+00 1.000000000000000000e+00
