1.163119999999999909e-03
1.442417999999999999e-03
1.949023000000000031e-03
2.914390000000000210e-03
5.402388000000000155e-03
1.151226200000000054e-02
2.764790699999999934e-02
7.232689900000000005e-02
1.927000700000000011e-01
4.699487459999999728e-01
9.655336359999999729e-01
1.658770684000000051e+00
2.483612060000000010e+00
3.365570540000000221e+00
4.264857899999999979e+00
5.141627879999999706e+00
5.984350280000000133e+00
6.776971800000000101e+00
7.518775899999999623e+00
8.201639560000000273e+00
8.826681680000000085e+00
9.402748479999999631e+00
9.920866099999999577e+00
1.038321627999999919e+01
1.080553300000000050e+01
1.118886810000000054e+01
1.153050645999999979e+01
1.184959268000000066e+01
1.213997056000000008e+01
1.240876976000000020e+01
1.265674671999999923e+01
