1.614410230000000168e-01
1.987863162000000072e-01
2.426956999999999864e-01
2.945750100000000260e-01
3.573895659999999919e-01
4.332544140000000321e-01
5.224030720000000239e-01
6.268762359999999756e-01
7.501690699999998824e-01
8.956649040000000950e-01
1.070321429999999907e+00
1.272909206000000015e+00
1.519767181999999828e+00
1.816731760000000140e+00
2.170772679999999788e+00
2.591269239999999474e+00
3.093894199999999817e+00
3.693542099999999717e+00
4.401126160000000453e+00
5.213524559999999752e+00
6.142954699999999768e+00
7.176627200000000428e+00
8.283505480000000532e+00
9.409063120000000779e+00
1.051055778000000096e+01
1.151177611999999861e+01
1.236090060000000079e+01
1.302892003999999915e+01
1.351106084000000074e+01
1.383068334000000021e+01
1.402586776000000057e+01
