1.614410000000000012e-01
1.987859999999999905e-01
2.426959999999999951e-01
2.945749999999999758e-01
3.573900000000000410e-01
4.332539999999999725e-01
5.224029999999999507e-01
6.268759999999999888e-01
7.501689999999999747e-01
8.956650000000000444e-01
1.070320999999999856e+00
1.272909000000000068e+00
1.519767000000000090e+00
1.816732000000000014e+00
2.170773000000000064e+00
2.591269000000000045e+00
3.093893999999999700e+00
3.693542000000000325e+00
4.401125999999999650e+00
5.213524999999999743e+00
6.142955000000000609e+00
7.176626999999999867e+00
8.283504999999999896e+00
9.409062999999999732e+00
1.051055799999999962e+01
1.151177599999999934e+01
1.236090100000000014e+01
1.302891999999999939e+01
1.351106099999999977e+01
1.383068300000000050e+01
1.402586800000000089e+01
