0.000000000000000000e+00 0.000000000000000000e+00 0.000000000000000000e+00 0.000000000000000000e+00 0.000000000000000000e+00 0.000000000000000000e+00 0.000000000000000000e+00 0.000000000000000000e+00 0.000000000000000000e+00 0.000000000000000000e+00 0.000000000000000000e+00 0.000000000000000000e+00 0.000000000000000000e+00 0.000000000000000000e+00 0.000000000000000000e+00 0.000000000000000000e+00 0.000000000000000000e+00 0.000000000000000000e+00 0.000000000000000000e+00 0.000000000000000000e+00 0.000000000000000000e+00 0.000000000000000000e+00 0.000000000000000000e+00 0.000000000000000000e+00 0.000000000000000000e+00 0.000000000000000000e+00 0.000000000000000000e+00 0.000000000000000000e+00 0.000000000000000000e+00 0.000000000000000000e+00 2.458958296498488114e-317 1.560823917179991920e-286 2.588565201499689219e-257 1.122030791828024031e-229 1.271610068148973469e-203 3.769651277933305564e-179 2.924698250444070678e-156 5.942650449519772241e-135 3.164852826258958363e-115 4.422298474430057514e-97 1.623444418753158802e-80 1.568463847280323082e-65 3.997368966822351064e-52 2.696187039408133731e-40 4.835609674707742718e-30 2.322766003758208609e-21 3.023540419002169825e-14 1.089172439830926667e-08 1.132996143726559401e-04 3.774301937896946957e-02 5.526474513019808965e-01 9.794344396285322718e-01 9.999612591241550108e-01 9.999999977121547534e-01 9.999999999999961142e-01 1.000000000000000000e+00 1.000000000000000000e+00 1.000000000000000000e+00 1.000000000000000000e+00 1.000000000000000000e+00 1.000000000000000000e+00 1.000000000000000000e+00 1.000000000000000000e+00 1.000000000000000000e+00 1.000000000000000000e+00 1.000000000000000000e+00 1.000000000000000000e+00 1.000000000000000000e+00 1.000000000000000000e+00 1.000000000000000000e+00 1.000000000000000000e+00 1.000000000000000000e+00 1.000000000000000000e+00 1.000000000000000000e+00 1.000000000000000000e+00 1.000000000000000000e+00 1.000000000000000000e+00 1.000000000000000000e+00 1.000000000000000000e+00 1.000000000000000000e+00 1.000000000000000000e+00 1.000000000000000000e+00 1.000000000000000000e+00 1.000000000000000000e+00 1.000000000000000000e+00 1.000000000000000000e+00 1.000000000000000000e+00 1.000000000000000000e+00 1.000000000000000000e+00 1.000000000000000000e+00 1.000000000000000000e+00 1.000000000000000000e+00 1.000000000000000000e+00 1.000000000000000000e+00 1.000000000000000000e+00 1.000000000000000000e+00 1.000000000000000000e+00 1.000000000000000000e+00 1.000000000000000000e+00 1.000000000000000000e+00
0.000000000000000000e+00 0.000000000000000000e+00 0.000000000000000000e+00 0.000000000000000000e+00 0.000000000000000000e+00 0.000000000000000000e+00 0.000000000000000000e+00 0.000000000000000000e+00 0.000000000000000000e+00 0.000000000000000000e+00 0.000000000000000000e+00 0.000000000000000000e+00 0.000000000000000000e+00 0.000000000000000000e+00 0.000000000000000000e+00 0.000000000000000000e+00 0.000000000000000000e+00 0.000000000000000000e+00 0.000000000000000000e+00 0.000000000000000000e+00 0.000000000000000000e+00 0.000000000000000000e+00 0.000000000000000000e+00 0.000000000000000000e+00 0.000000000000000000e+00 0.000000000000000000e+00 0.000000000000000000e+00 0.000000000000000000e+00 0.000000000000000000e+00 0.000000000000000000e+00 1.768521140531546725e-311 2.571254353768815094e-281 1.062575905144119665e-252 1.248509876931011755e-225 4.172562288683268074e-200 3.968125127944760342e-176 1.074415006613807939e-153 8.287942178917202861e-133 1.822890371192123311e-113 1.144341066118023831e-95 2.053043008967765796e-79 1.054461867830542805e-64 1.554009271362901705e-51 6.592585592033120102e-40 8.088117249142508131e-30 2.889925806054025640e-21 3.041882865824408156e-14 9.625804151805272957e-09 9.538914536456239194e-05 3.264597629224647024e-02 5.177139520252405092e-01 9.733256563632873837e-01 9.999332087801813262e-01 9.999999942652344487e-01 9.999999999999846789e-01 1.000000000000000000e+00 1.000000000000000000e+00 1.000000000000000000e+00 1.000000000000000000e+00 1.000000000000000000e+00 1.000000000000000000e+00 1.000000000000000000e+00 1.000000000000000000e+00 1.000000000000000000e+00 1.000000000000000000e+00 1.000000000000000000e+00 1.000000000000000000e+00 1.000000000000000000e+00 1.000000000000000000e+00 1.000000000000000000e+00 1.000000000000000000e+00 1.000000000000000000e+00 1.000000000000000000e+00 1.000000000000000000e+00 1.000000000000000000e+00 1.000000000000000000e+00 1.000000000000000000e+00 1.000000000000000000e+00 1.000000000000000000e+00 1.000000000000000000e+00 1.000000000000000000e+00 1.000000000000000000e+00 1.000000000000000000e+00 1.000000000000000000e+00 1.000000000000000000e+00 1.000000000000000000e+00 1.000000000000000000e+00 1.000000000000000000e+00 1.000000000000000000e+00 1.000000000000000000e+00 1.000000000000000000e+00 1.000000000000000000e+00 1.000000000000000000e+00 1.000000000000000000e+00 1.000000000000000000e+00 1.000000000000000000e+00 1.000000000000000000e+00 1.000000000000000000e+00 1.000000000000000000e+00 1.000000000000000000e+00
0.000000000000000000e+00 0.000000000000000000e+00 0.000000000000000000e+00 0.000000000000000000e+00 0.000000000000000000e+00 0.000000000000000000e+00 0.000000000000000000e+00 0.000000000000000000e+00 0.000000000000000000e+00 0.000000000000000000e+00 0.000000000000000000e+00 0.000000000000000000e+00 0.000000000000000000e+00 0.000000000000000000e+00 0.000000000000000000e+00 0.000000000000000000e+00 0.000000000000000000e+00 0.000000000000000000e+00 0.000000000000000000e+00 0.000000000000000000e+00 0.000000000000000000e+00 0.000000000000000000e+00 0.000000000000000000e+00 0.000000000000000000e+00 0.000000000000000000e+00 0.000000000000000000e+00 0.000000000000000000e+00 0.000000000000000000e+00 0.000000000000000000e+00 0.000000000000000000e+00 7.494634325791376897e-299 4.817262926163924200e-270 1.048724284454926909e-242 7.735142865786518915e-217 1.933662366295843398e-192 1.639033969097989097e-169 4.713230980329329907e-148 4.600991588937984644e-128 1.525914953137786979e-109 1.721027206726606740e-92 6.609625514180322173e-77 8.658070685973776715e-63 3.876962262277033903e-50 5.952963381276388794e-39 3.148349571388675478e-29 5.773914552927292070e-21 3.712083224346420904e-14 8.527362543765642081e-09 7.268406467472012585e-05 2.510293955973687610e-02 4.532081976016837932e-01 9.575635085313312089e-01 9.998171902228629726e-01 9.999999674830954977e-01 9.999999999997838396e-01 1.000000000000000000e+00 1.000000000000000000e+00 1.000000000000000000e+00 1.000000000000000000e+00 1.000000000000000000e+00 1.000000000000000000e+00 1.000000000000000000e+00 1.000000000000000000e+00 1.000000000000000000e+00 1.000000000000000000e+00 1.000000000000000000e+00 1.000000000000000000e+00 1.000000000000000000e+00 1.000000000000000000e+00 1.000000000000000000e+00 1.000000000000000000e+00 1.000000000000000000e+00 1.000000000000000000e+00 1.000000000000000000e+00 1.000000000000000000e+00 1.000000000000000000e+00 1.000000000000000000e+00 1.000000000000000000e+00 1.000000000000000000e+00 1.000000000000000000e+00 1.000000000000000000e+00 1.000000000000000000e+00 1.000000000000000000e+00 1.000000000000000000e+00 1.000000000000000000e+00 1.000000000000000000e+00 1.000000000000000000e+00 1.000000000000000000e+00 1.000000000000000000e+00 1.000000000000000000e+00 1.000000000000000000e+00 1.000000000000000000e+00 1.000000000000000000e+00 1.000000000000000000e+00 1.000000000000000000e+00 1.000000000000000000e+00 1.000000000000000000e+00 1.000000000000000000e+00 1.000000000000000000e+00 1.000000000000000000e+00
0.000000000000000000e+00 0.000000000000000000e+00 0.000000000000000000e+00 0.000000000000000000e+00 0.000000000000000000e+00 0.000000000000000000e+00 0.000000000000000000e+00 0.000000000000000000e+00 0.000000000000000000e+00 0.000000000000000000e+00 0.000000000000000000e+00 0.000000000000000000e+00 0.000000000000000000e+00 0.000000000000000000e+00 0.000000000000000000e+00 0.000000000000000000e+00 0.000000000000000000e+00 0.000000000000000000e+00 0.000000000000000000e+00 0.000000000000000000e+00 0.000000000000000000e+00 0.000000000000000000e+00 0.000000000000000000e+00 0.000000000000000000e+00 0.000000000000000000e+00 0.000000000000000000e+00 0.000000000000000000e+00 0.000000000000000000e+00 0.000000000000000000e+00 1.552302325378149369e-298 2.671784122066765375e-271 2.242864969637035160e-245 9.185313642368095939e-221 1.835714904507016786e-197 1.790983176661035085e-175 8.533686819743458418e-155 1.986835014887764952e-135 2.261702972987126108e-117 1.259764248248533756e-100 3.436669039429110237e-85 4.597371517034211052e-71 3.020600827524614434e-58 9.768050525734905000e-47 1.559257037191987130e-36 1.233753023254617704e-27 4.869002933228826491e-20 9.679242256950917179e-14 9.858287276205549406e-09 5.314040001136125662e-05 1.629479517611976541e-02 3.451603070241073823e-01 9.099201196250825685e-01 9.989613304045692477e-01 9.999992736324007092e-01 9.999999999724228372e-01 1.000000000000000000e+00 1.000000000000000000e+00 1.000000000000000000e+00 1.000000000000000000e+00 1.000000000000000000e+00 1.000000000000000000e+00 1.000000000000000000e+00 1.000000000000000000e+00 1.000000000000000000e+00 1.000000000000000000e+00 1.000000000000000000e+00 1.000000000000000000e+00 1.000000000000000000e+00 1.000000000000000000e+00 1.000000000000000000e+00 1.000000000000000000e+00 1.000000000000000000e+00 1.000000000000000000e+00 1.000000000000000000e+00 1.000000000000000000e+00 1.000000000000000000e+00 1.000000000000000000e+00 1.000000000000000000e+00 1.000000000000000000e+00 1.000000000000000000e+00 1.000000000000000000e+00 1.000000000000000000e+00 1.000000000000000000e+00 1.000000000000000000e+00 1.000000000000000000e+00 1.000000000000000000e+00 1.000000000000000000e+00 1.000000000000000000e+00 1.000000000000000000e+00 1.000000000000000000e+00 1.000000000000000000e+00 1.000000000000000000e+00 1.000000000000000000e+00 1.000000000000000000e+00 1.000000000000000000e+00 1.000000000000000000e+00 1.000000000000000000e+00 1.000000000000000000e+00 1.000000000000000000e+00 1.000000000000000000e+00
0.000000000000000000e+00 0.000000000000000000e+00 0.000000000000000000e+00 0.000000000000000000e+00 0.000000000000000000e+00 0.000000000000000000e+00 0.000000000000000000e+00 0.000000000000000000e+00 0.000000000000000000e+00 0.000000000000000000e+00 0.000000000000000000e+00 0.000000000000000000e+00 0.000000000000000000e+00 0.000000000000000000e+00 0.000000000000000000e+00 0.000000000000000000e+00 0.000000000000000000e+00 0.000000000000000000e+00 0.000000000000000000e+00 0.000000000000000000e+00 0.000000000000000000e+00 0.000000000000000000e+00 0.000000000000000000e+00 0.000000000000000000e+00 0.000000000000000000e+00 9.355638743432924498e-314 5.791395656681954355e-290 4.075281269727670772e-267 3.260300982431192182e-245 2.965875949873388002e-224 3.068475461295267079e-204 3.611250488195377204e-185 4.835739279573053133e-167 7.369884067673202967e-150 1.278775499441858542e-133 2.527164416438812615e-118 5.690901144222155795e-104 1.461107233317090472e-90 4.279930789284650343e-78 1.431586868793008588e-66 5.473883782522129285e-56 2.395941108900741354e-46 1.202699463045900006e-37 6.940930655538804276e-30 4.621324087523882726e-23 3.567783203811425177e-17 3.218648624818487005e-12 3.436193807027732474e-08 4.439749868926818623e-05 7.258955359200333635e-03 1.662620769787585828e-01 6.936076157185248059e-01 9.762182069632321380e-01 9.997262702324432038e-01 9.999995920725002208e-01 9.999999999256390382e-01 9.999999999999984457e-01 1.000000000000000000e+00 1.000000000000000000e+00 1.000000000000000000e+00 1.000000000000000000e+00 1.000000000000000000e+00 1.000000000000000000e+00 1.000000000000000000e+00 1.000000000000000000e+00 1.000000000000000000e+00 1.000000000000000000e+00 1.000000000000000000e+00 1.000000000000000000e+00 1.000000000000000000e+00 1.000000000000000000e+00 1.000000000000000000e+00 1.000000000000000000e+00 1.000000000000000000e+00 1.000000000000000000e+00 1.000000000000000000e+00 1.000000000000000000e+00 1.000000000000000000e+00 1.000000000000000000e+00 1.000000000000000000e+00 1.000000000000000000e+00 1.000000000000000000e+00 1.000000000000000000e+00 1.000000000000000000e+00 1.000000000000000000e+00 1.000000000000000000e+00 1.000000000000000000e+00 1.000000000000000000e+00 1.000000000000000000e+00 1.000000000000000000e+00 1.000000000000000000e+00 1.000000000000000000e+00 1.000000000000000000e+00 1.000000000000000000e+00 1.000000000000000000e+00 1.000000000000000000e+00 1.000000000000000000e+00 1.000000000000000000e+00 1.000000000000000000e+00 1.000000000000000000e+00
0.000000000000000000e+00 0.000000000000000000e+00 0.000000000000000000e+00 0.000000000000000000e+00 0.000000000000000000e+00 0.000000000000000000e+00 0.000000000000000000e+00 0.000000000000000000e+00 0.000000000000000000e+00 0.000000000000000000e+00 0.000000000000000000e+00 0.000000000000000000e+00 0.000000000000000000e+00 0.000000000000000000e+00 0.000000000000000000e+00 0.000000000000000000e+00 0.000000000000000000e+00 1.409387691928689138e-308 3.844993107247906793e-291 3.237909107232548808e-274 8.417080701888172740e-258 6.754794002760299669e-242 1.673574745755921732e-226 1.280241906608420771e-211 3.024041585797376523e-197 2.205824604193381008e-183 4.969180841257853477e-170 3.457621491827508561e-157 7.431954963771503497e-145 4.935404666064596853e-133 1.012758367102103294e-121 6.422902106599302758e-111 1.259185723449992003e-100 7.632836209052684044e-91 1.431005913375127872e-81 8.300396419875900988e-73 1.490138797910726927e-64 8.283736926837610539e-57 1.426725272521733912e-49 7.618429758345826740e-43 1.262318585177160010e-36 6.497004036353825859e-31 1.040136625331966455e-25 5.188912694195915625e-21 8.085600256967813759e-17 3.948553532614746927e-13 6.071800659209224542e-10 2.961011259915642064e-07 4.631078382838482304e-05 2.367305326957513684e-03 4.093273653976498699e-02 2.561147736887273707e-01 6.661195974038984779e-01 9.349637954097074211e-01 9.953171652818695314e-01 9.998847487066536699e-01 9.999990678144552447e-01 9.999999975742797087e-01 9.999999999979942711e-01 9.999999999999995559e-01 1.000000000000000000e+00 1.000000000000000000e+00 1.000000000000000000e+00 1.000000000000000000e+00 1.000000000000000000e+00 1.000000000000000000e+00 1.000000000000000000e+00 1.000000000000000000e+00 1.000000000000000000e+00 1.000000000000000000e+00 1.000000000000000000e+00 1.000000000000000000e+00 1.000000000000000000e+00 1.000000000000000000e+00 1.000000000000000000e+00 1.000000000000000000e+00 1.000000000000000000e+00 1.000000000000000000e+00 1.000000000000000000e+00 1.000000000000000000e+00 1.000000000000000000e+00 1.000000000000000000e+00 1.000000000000000000e+00 1.000000000000000000e+00 1.000000000000000000e+00 1.000000000000000000e+00 1.000000000000000000e+00 1.000000000000000000e+00 1.000000000000000000e+00 1.000000000000000000e+00 1.000000000000000000e+00 1.000000000000000000e+00 1.000000000000000000e+00 1.000000000000000000e+00 1.000000000000000000e+00 1.000000000000000000e+00 1.000000000000000000e+00 1.000000000000000000e+00 1.000000000000000000e+00 1.000000000000000000e+00
2.114562480488655907e-313 6.750023800942996085e-302 1.308707548416060802e-290 1.541127395951864653e-279 1.102299416593055584e-268 4.788864889589730434e-258 1.263702525432484474e-247 2.025555462572530442e-237 1.972144341411887390e-227 1.166372658704740360e-217 4.190341656246765849e-208 9.145028317939329219e-199 1.212425182866790784e-189 9.764964107682812922e-181 4.777982506973719881e-172 1.420332403600026256e-163 2.565200677576801803e-155 2.814842724965832078e-147 1.876744554196121721e-139 7.603134286564961488e-132 1.871700838619728449e-124 2.800000252030517394e-117 2.545547137895141025e-110 1.406473241226632101e-103 4.723211757552587704e-97 9.641180328089979910e-91 1.196311709388624331e-84 9.024395588365635822e-79 4.138987330895926291e-73 1.154303021500807978e-67 1.957711441966437956e-62 2.019485521559158906e-57 1.267255180694529411e-52 4.838337000426716486e-48 1.124153173780699699e-43 1.589843087808664411e-39 1.368991477569092846e-35 7.179647204502039835e-32 2.294161604854226036e-28 4.468447625228861103e-25 5.308024158344265149e-22 3.847988867377540404e-19 1.703745200316238513e-16 4.611850530280748428e-14 7.641684396705104072e-12 7.763292138101771661e-10 4.845790351371527351e-08 1.863717058963209959e-06 4.433994248905113528e-05 6.561893390517640427e-04 6.090203802575975926e-03 3.589171118518792031e-02 1.369546120595612204e-01 3.491118392380017643e-01 6.250099019801806932e-01 8.473302917018865621e-01 9.583129209080729627e-01 9.926119389996290732e-01 9.991673066091885103e-01 9.999410831889509188e-01 9.999974052187978746e-01 9.999999292768095849e-01 9.999999988118744021e-01 9.999999999877332568e-01 9.999999999999222844e-01 9.999999999999997780e-01 1.000000000000000000e+00 1.000000000000000000e+00 1.000000000000000000e+00 1.000000000000000000e+00 1.000000000000000000e+00 1.000000000000000000e+00 1.000000000000000000e+00 1.000000000000000000e+00 1.000000000000000000e+00 1.000000000000000000e+00 1.000000000000000000e+00 1.000000000000000000e+00 1.000000000000000000e+00 1.000000000000000000e+00 1.000000000000000000e+00 1.000000000000000000e+00 1.000000000000000000e+00 1.000000000000000000e+00 1.000000000000000000e+00 1.000000000000000000e+00 1.000000000000000000e+00 1.000000000000000000e+00 1.000000000000000000e+00 1.000000000000000000e+00 1.000000000000000000e+00 1.000000000000000000e+00 1.000000000000000000e+00 1.000000000000000000e+00 1.000000000000000000e+00 1.000000000000000000e+00 1.000000000000000000e+00 1.000000000000000000e+00 1.000000000000000000e+00 1.000000000000000000e+00
3.464719900255932745e-169 2.248527331864249628e-163 1.151748813948299603e-157 4.656418062637768756e-152 1.485887917836662833e-146 3.742532996331104802e-141 7.440406345034906903e-136 1.167576588658745991e-130 1.446233653991448555e-125 1.414044153468878647e-120 1.091355900469756510e-115 6.649006130693418177e-111 3.197734970103790092e-106 1.214039068477047480e-101 3.638622509081638893e-97 8.609260226598270965e-93 1.608163685891038739e-88 2.371603841380773918e-84 2.761304498943469498e-80 2.538402446950359334e-76 1.842449175732989357e-72 1.055930783827637945e-68 4.778566571378056960e-65 1.707658084973704898e-61 4.819098062109798478e-58 1.074025258516361813e-54 1.890477436909943382e-51 2.628230716127303872e-48 2.886156010610074062e-45 2.503645152528110584e-42 1.715766283487264238e-39 9.289994942978792933e-37 3.974558538735785372e-34 1.343778290246043756e-31 3.590763924484597959e-29 7.584531766914007136e-27 1.266554081161679836e-24 1.672444626510749180e-22 1.746643469277267980e-20 1.443066894625733657e-18 9.434525177733701002e-17 4.882551214429497575e-15 2.000935846852041729e-13 6.496449015288299108e-12 1.671900665719359844e-10 3.412870154250659969e-09 5.530303391798498920e-08 7.120707552590057698e-07 7.294116651278477028e-06 5.953445717183887472e-05 3.879459214842670379e-04 2.023502015572445616e-03 8.477222027477714084e-03 2.865665200942855290e-02 7.866136395009641624e-02 1.768716248282456716e-01 3.297611848870845019e-01 5.184276338787706662e-01 7.029790679314096291e-01 8.460808434116013910e-01 9.340368209854812420e-01 9.768872909062287224e-01 9.934328979614727162e-01 9.984958565278199139e-01 9.997234934261145511e-01 9.999593356512819220e-01 9.999952274745241843e-01 9.999995538420647367e-01 9.999999668262854469e-01 9.999999980404485900e-01 9.999999999081312652e-01 9.999999999965841768e-01 9.999999999998994138e-01 9.999999999999976685e-01 1.000000000000000000e+00 1.000000000000000000e+00 1.000000000000000000e+00 1.000000000000000000e+00 1.000000000000000000e+00 1.000000000000000000e+00 1.000000000000000000e+00 1.000000000000000000e+00 1.000000000000000000e+00 1.000000000000000000e+00 1.000000000000000000e+00 1.000000000000000000e+00 1.000000000000000000e+00 1.000000000000000000e+00 1.000000000000000000e+00 1.000000000000000000e+00 1.000000000000000000e+00 1.000000000000000000e+00 1.000000000000000000e+00 1.000000000000000000e+00 1.000000000000000000e+00 1.000000000000000000e+00 1.000000000000000000e+00 1.000000000000000000e+00 1.000000000000000000e+00 1.000000000000000000e+00
8.036743396232928520e-157 8.183499379926740270e-152 6.894859989094418063e-147 4.806658955700553546e-142 2.772661461020072027e-137 1.323398088222738202e-132 5.226716646290020426e-128 1.708115117355960077e-123 4.619130622734080359e-119 1.033626824805174403e-114 1.913962954045690984e-110 2.932754141042442611e-106 3.718747318119894572e-102 3.902145617413623937e-98 3.388468050003690898e-94 2.435029534381347611e-90 1.448152448168188979e-86 7.127584691479465614e-83 2.903340557562802739e-79 9.787936705441569167e-76 2.731069145597594992e-72 6.307164874536005868e-69 1.205613333163188566e-65 1.907513564106446108e-62 2.498200899598130770e-59 2.708337364433995990e-56 2.430584068952993111e-53 1.805798277053928673e-50 1.110703927831279769e-47 5.656130261510547239e-45 2.384822262637624290e-42 8.325951065565576939e-40 2.407027783627692763e-37 5.762736599518690501e-35 1.142644293632126988e-32 1.876574493440726611e-30 2.552907369529649754e-28 2.877170702943443237e-26 2.686642684004654798e-24 2.078867144082640141e-22 1.333160615680079979e-20 7.086835483993501010e-19 3.123359997734122462e-17 1.141536169761547964e-15 3.460734458706874785e-14 8.705402582892677824e-13 1.817625143099399208e-11 3.151333813520958207e-10 4.539124763621774789e-09 5.434905918494909621e-08 5.413289614229929349e-07 4.489046234013458007e-06 3.102641065204536544e-05 1.789650695681878584e-04 8.629574830357930300e-04 3.485955355243353614e-03 1.182949432773197640e-02 3.384526815631443836e-02 8.203683473196521359e-02 1.695513139125942592e-01 3.013997013957729898e-01 4.662029324797814511e-01 6.371092346199181966e-01 7.841550885049364261e-01 8.891204842454851764e-01 9.512831959256744518e-01 9.818247821006154119e-01 9.942732032248513541e-01 9.984821874960141397e-01 9.996626614072204875e-01 9.999372762663187864e-01 9.999902608933842751e-01 9.999987390452256264e-01 9.999998640211256173e-01 9.999999877980421115e-01 9.999999990895785951e-01 9.999999999435535969e-01 9.999999999970934361e-01 9.999999999998757660e-01 9.999999999999955591e-01 9.999999999999998890e-01 1.000000000000000000e+00 1.000000000000000000e+00 1.000000000000000000e+00 1.000000000000000000e+00 1.000000000000000000e+00 1.000000000000000000e+00 1.000000000000000000e+00 1.000000000000000000e+00 1.000000000000000000e+00 1.000000000000000000e+00 1.000000000000000000e+00 1.000000000000000000e+00 1.000000000000000000e+00 1.000000000000000000e+00 1.000000000000000000e+00 1.000000000000000000e+00 1.000000000000000000e+00 1.000000000000000000e+00 1.000000000000000000e+00
4.684145615076797406e-205 6.489639556106643352e-199 7.236390419402205632e-193 6.494383049439953168e-187 4.691068081489933420e-181 2.727263446898888162e-175 1.276167679428220144e-169 4.806374957114052767e-164 1.457004786252881745e-158 3.555020548549701090e-153 6.981772196538739479e-148 1.103663093305821796e-142 1.404299635788476787e-137 1.438271525774903168e-132 1.185729281530364807e-127 7.868642774797953988e-123 4.203297737273437712e-118 1.807437646611185658e-113 6.256429614592880262e-109 1.743361897275829042e-104 3.910699582466834103e-100 7.062134504833174464e-96 1.026694957233432648e-91 1.201657532028050289e-87 1.132307693273006581e-83 8.590215258929182104e-80 5.247007650180282185e-76 2.580480295947118474e-72 1.021844346793310790e-68 3.258213697466284879e-65 8.365685082830916403e-62 1.729690790759755335e-58 2.880048937148364030e-55 3.862040509119758008e-52 4.171021164383547830e-49 3.628288192759020983e-46 2.542275438521765649e-43 1.434944985606050850e-40 6.524890431727125857e-38 2.390416493959272955e-35 7.056306624120399495e-33 1.678535940793936114e-30 3.217987944136816424e-28 4.972745957237115298e-26 6.194854300064814847e-24 6.222463854829124406e-22 5.040502435311125712e-20 3.293527290645941455e-18 1.736341178210930829e-16 7.387936419159974912e-15 2.537901816750872541e-13 7.041506992147565395e-12 1.578714664365088183e-10 2.861790123931693279e-09 4.197285997374775211e-08 4.984972098819612085e-07 4.799245515302142344e-06 3.750291145256989323e-05 2.382622602003450383e-04 1.233287147715259090e-03 5.215452594705807798e-03 1.808537279378414492e-02 5.167788242532821846e-02 1.224972460846499994e-01 2.430926948976832314e-01 4.089743544819708365e-01 5.932916407901775990e-01 7.587306413054570875e-01 8.786832981556615962e-01 9.489371606510885737e-01 9.821724590516134334e-01 9.948715185799559269e-01 9.987903188233475671e-01 9.997668933035418481e-01 9.999634031094282172e-01 9.999953288718528288e-01 9.999995160803745176e-01 9.999999593618007498e-01 9.999999972365348766e-01 9.999999998479571772e-01 9.999999999932365213e-01 9.999999999997568612e-01 9.999999999999928946e-01 9.999999999999997780e-01 1.000000000000000000e+00 1.000000000000000000e+00 1.000000000000000000e+00 1.000000000000000000e+00 1.000000000000000000e+00 1.000000000000000000e+00 1.000000000000000000e+00 1.000000000000000000e+00 1.000000000000000000e+00 1.000000000000000000e+00 1.000000000000000000e+00 1.000000000000000000e+00 1.000000000000000000e+00 1.000000000000000000e+00 1.000000000000000000e+00 1.000000000000000000e+00
3.192327973638373315e-250 5.092664423252323938e-243 6.364063142962844166e-236 6.229865174473914266e-229 4.777278709887922675e-222 2.869745808391733314e-215 1.350425118457706524e-208 4.978119022266136847e-202 1.437577844007568236e-195 3.252165268709800783e-189 5.763588877704895821e-183 8.001966830853850102e-177 8.703387085776457634e-171 7.416044434379401531e-165 4.950553326426028498e-159 2.589034004128978976e-153 1.060791046658195512e-147 3.405146632799247687e-142 8.563707266586628858e-137 1.687385592922628413e-131 2.604955382272233071e-126 3.150844703154224289e-121 2.986085619631908334e-116 2.217350539418135296e-111 1.290126033442262773e-106 5.881729428840969879e-102 2.101179490815801425e-97 5.881895038317741763e-93 1.290265164991342704e-88 2.217995665840479084e-84 2.987967089557349013e-80 3.154559603921233694e-76 2.610147449889664799e-72 1.692667130910220300e-68 8.603527469501920566e-65 3.427676607230646546e-61 1.070441727506624582e-57 2.620533362328511344e-54 5.029277841304440835e-51 7.567268580441591332e-48 8.927326296935309413e-45 8.258226736566477296e-42 5.990642715101777861e-39 3.408188325826555088e-36 1.520843446797272876e-33 5.323644709817149709e-31 1.462031373476116173e-28 3.150609294765351482e-26 5.328425089907185008e-24 7.073862571498674112e-22 7.373397167067722138e-20 6.035970971024682495e-18 3.881763900854237140e-16 1.961870673282133602e-14 7.795715210495877983e-13 2.436722765564952688e-11 5.994948046402499143e-10 1.161756249274319713e-08 1.774962195903510909e-07 2.140413007810718675e-06 2.040128242520053580e-05 1.539775347206131313e-04 9.224037779099688878e-04 4.399466524285126912e-03 1.677678169985571607e-02 5.144268826413111312e-02 1.278421873777832729e-01 2.603464161486257478e-01 4.412088821336302980e-01 6.355044276660783975e-01 7.997813985200018516e-01 9.090967572721018186e-01 9.663440880954848877e-01 9.899361573828009409e-01 9.975863062225018840e-01 9.995380076796158697e-01 9.999296906762046300e-01 9.999915158116813307e-01 9.999991899594071754e-01 9.999999389073335188e-01 9.999999963650727519e-01 9.999999998295572290e-01 9.999999999937068118e-01 9.999999999998171463e-01 9.999999999999957812e-01 1.000000000000000000e+00 1.000000000000000000e+00 1.000000000000000000e+00 1.000000000000000000e+00 1.000000000000000000e+00 1.000000000000000000e+00 1.000000000000000000e+00 1.000000000000000000e+00 1.000000000000000000e+00 1.000000000000000000e+00 1.000000000000000000e+00 1.000000000000000000e+00 1.000000000000000000e+00 1.000000000000000000e+00 1.000000000000000000e+00
0.000000000000000000e+00 0.000000000000000000e+00 0.000000000000000000e+00 3.874363981557887150e-319 1.054179157907770676e-309 2.066034683940209932e-300 2.916584964172430727e-291 2.965710576206333145e-282 2.172218118884345794e-273 1.146046452337827904e-264 4.355408579175813453e-256 1.192305188884972962e-247 2.351158881641426739e-239 3.339772718027889447e-231 3.417408137740003350e-223 2.518991184213139104e-215 1.337554340296447749e-207 5.116307350752226788e-200 1.409833882544448458e-192 2.798668405650642634e-185 4.002336000238230756e-178 4.123452994814906082e-171 3.060561969224433973e-164 1.636596475635559524e-157 6.305078873665241818e-151 1.750074851524512904e-144 3.499848199997746644e-138 5.042875075655929280e-132 5.235452963836722544e-126 3.916415523091309022e-120 2.111027794276870137e-114 8.199417291082130770e-109 2.294933260274365759e-103 4.628821930259494698e-98 6.728229400840221395e-93 7.048212000127737427e-88 5.321382472629821687e-83 2.895733336392554734e-78 1.135806626585541034e-73 3.211347627051918369e-69 6.545384208491554535e-65 9.617860490325721132e-61 1.018945802101402567e-56 7.783776929757591736e-53 4.287833634666420543e-49 1.703491919261216805e-45 4.881448880727305532e-42 1.009072358176450737e-38 1.504966127735522715e-35 1.619708566192778961e-32 1.258166890418758548e-29 7.055519374533015376e-27 2.857080537322334431e-24 8.357004770156991056e-22 1.766314803852505825e-19 2.698718469823238215e-17 2.982201336366727530e-15 2.384891790713721757e-13 1.381250054354226990e-11 5.798848667367306579e-10 1.766726306239804502e-08 3.911822205539964389e-07 6.306326554800630422e-06 7.420260518412208643e-05 6.393304345870489845e-04 4.051709931244703439e-03 1.900561590620166927e-02 6.658250658041742209e-02 1.765117558768463657e-01 3.610160823843701627e-01 5.859941391256725529e-01 7.853087547938735202e-01 9.135973864395235955e-01 9.735809495809791825e-01 9.939504069778082318e-01 9.989727360757230112e-01 9.998715248289782309e-01 9.999882230292429508e-01 9.999992115067302123e-01 9.999999615426760080e-01 9.999999986363019566e-01 9.999999999648963023e-01 9.999999999993447464e-01 9.999999999999911182e-01 9.999999999999998890e-01 1.000000000000000000e+00 1.000000000000000000e+00 1.000000000000000000e+00 1.000000000000000000e+00 1.000000000000000000e+00 1.000000000000000000e+00 1.000000000000000000e+00 1.000000000000000000e+00 1.000000000000000000e+00 1.000000000000000000e+00 1.000000000000000000e+00 1.000000000000000000e+00 1.000000000000000000e+00 1.000000000000000000e+00 1.000000000000000000e+00
0.000000000000000000e+00 0.000000000000000000e+00 0.000000000000000000e+00 0.000000000000000000e+00 0.000000000000000000e+00 0.000000000000000000e+00 0.000000000000000000e+00 1.037537856266617743e-322 1.225503724631907593e-312 9.999271500316126330e-303 5.635032960978907225e-293 2.193324098673010088e-283 5.896461686335277878e-274 1.094880585123208610e-264 1.404213485895721929e-255 1.243928405512943329e-246 7.611294045637325089e-238 3.216827495558011892e-229 9.390933987105341515e-221 1.893683765526552731e-212 2.637728148542890018e-204 2.537950537889202088e-196 1.686839857450719560e-188 7.744789405494804678e-181 2.456396023732174425e-173 5.382061375256304816e-166 8.146469430403115410e-159 8.518642603154893213e-152 6.154062034294020208e-145 3.071531051837658804e-138 1.059159558692234826e-131 2.523446303681601276e-125 4.154001808646182756e-119 4.724915532625283563e-113 3.713574892766821589e-107 2.016872478872886380e-101 7.569577377357832916e-96 1.963325207297353499e-90 3.519351110867154233e-85 4.360206940443824121e-80 3.733812529355767578e-75 2.210182929942236760e-70 9.044127012532565252e-66 2.558607437820653683e-61 5.004711232342214879e-57 6.769195676399014249e-53 6.331802299613054547e-49 4.096429667336515901e-45 1.833303226417516986e-41 5.676555474126434757e-38 1.216293288149633587e-34 1.803796150710846908e-31 1.851993309889328771e-28 1.316795970730337535e-25 6.485896814458516353e-23 2.213937676751068409e-20 5.239722988307295157e-18 8.602874121679849075e-16 9.805465751424828592e-14 7.765106120935136730e-12 4.276965643450118515e-10 1.640620601663676366e-08 4.390395249449337165e-07 8.214672304418775423e-06 1.077861529071470146e-04 9.958506578163824757e-04 6.515846859503976289e-03 3.044199542308945877e-02 1.027973595561401110e-01 2.555239067754301319e-01 4.806022883472180207e-01 7.122340076691373589e-01 8.786950024031818796e-01 9.622202354689607384e-01 9.914747727974706493e-01 9.986240954675094095e-01 9.998425645746569224e-01 9.999873054611193579e-01 9.999992817694507430e-01 9.999999715760852226e-01 9.999999992150097050e-01 9.999999999848980803e-01 9.999999999997979394e-01 9.999999999999981126e-01 1.000000000000000000e+00 1.000000000000000000e+00 1.000000000000000000e+00 1.000000000000000000e+00 1.000000000000000000e+00 1.000000000000000000e+00 1.000000000000000000e+00 1.000000000000000000e+00 1.000000000000000000e+00 1.000000000000000000e+00 1.000000000000000000e+00 1.000000000000000000e+00 1.000000000000000000e+00 1.000000000000000000e+00 1.000000000000000000e+00 1.000000000000000000e+00
0.000000000000000000e+00 0.000000000000000000e+00 0.000000000000000000e+00 0.000000000000000000e+00 0.000000000000000000e+00 0.000000000000000000e+00 0.000000000000000000e+00 0.000000000000000000e+00 0.000000000000000000e+00 0.000000000000000000e+00 0.000000000000000000e+00 0.000000000000000000e+00 0.000000000000000000e+00 0.000000000000000000e+00 0.000000000000000000e+00 7.993713378000031447e-317 1.654073746216788177e-305 2.124352543336144548e-294 1.693438134305864561e-283 8.378939126897645131e-273 2.573309209978741191e-262 4.905517329097218413e-252 5.804631112921446056e-242 4.263526052201705510e-232 1.943907948403471654e-222 5.501783104433482174e-213 9.666323285648148598e-204 1.054287247187295666e-194 7.138496684183098698e-186 3.000653649506330363e-177 7.830657324229882969e-169 1.268722523966477997e-160 1.276247752977894328e-152 7.971098233121682143e-145 3.091236933968290666e-137 7.443802870746289326e-130 1.113076064974140892e-122 1.033577108037979578e-115 5.960346377157027839e-109 2.134692504624489862e-102 4.748553876331013846e-96 6.561140468373267249e-90 5.631472772621943669e-84 3.002794356717566673e-78 9.947877174260329184e-73 2.047770820512074888e-67 2.619561743020307488e-62 2.082709749923348695e-57 1.029308230968686293e-52 3.162649645899125775e-48 6.042660877081366800e-44 7.180779720468928148e-40 5.308730305770502578e-36 2.442376843764358763e-32 6.994985314364263690e-29 1.247640233219934118e-25 1.386534563802973056e-22 9.606480989927327996e-20 4.152402094189637536e-17 1.120773305576543709e-14 1.891028261559683534e-12 1.997329818358781323e-10 1.323013590433666177e-08 5.509222591686322439e-07 1.446943403902794471e-05 2.407873472010230696e-04 2.555587337004644032e-03 1.746868847246758547e-02 7.806258900374675458e-02 2.335009224589028043e-01 4.854390105194542060e-01 7.435573769473671213e-01 9.107213653694067323e-01 9.791283007237153724e-01 9.968036514264870807e-01 9.996843373840351710e-01 9.999801006924419200e-01 9.999992047065189293e-01 9.999999799446027682e-01 9.999999996819636250e-01 9.999999999968364195e-01 9.999999999999802380e-01 1.000000000000000000e+00 1.000000000000000000e+00 1.000000000000000000e+00 1.000000000000000000e+00 1.000000000000000000e+00 1.000000000000000000e+00 1.000000000000000000e+00 1.000000000000000000e+00 1.000000000000000000e+00 1.000000000000000000e+00 1.000000000000000000e+00 1.000000000000000000e+00 1.000000000000000000e+00 1.000000000000000000e+00 1.000000000000000000e+00 1.000000000000000000e+00 1.000000000000000000e+00 1.000000000000000000e+00
0.000000000000000000e+00 0.000000000000000000e+00 0.000000000000000000e+00 0.000000000000000000e+00 0.000000000000000000e+00 0.000000000000000000e+00 0.000000000000000000e+00 0.000000000000000000e+00 0.000000000000000000e+00 0.000000000000000000e+00 0.000000000000000000e+00 0.000000000000000000e+00 0.000000000000000000e+00 0.000000000000000000e+00 0.000000000000000000e+00 0.000000000000000000e+00 0.000000000000000000e+00 0.000000000000000000e+00 0.000000000000000000e+00 0.000000000000000000e+00 0.000000000000000000e+00 4.126602873001868805e-316 2.784939865432647619e-303 1.015117677872144516e-290 1.998493494112794302e-278 2.125121568570712873e-266 1.220587816829101631e-254 3.786767788208652525e-243 6.345905694162912399e-232 5.744543844525041652e-221 2.809099032997526886e-210 7.420644959641300517e-200 1.058995109497050119e-189 8.164690518334139402e-180 3.400917149916614562e-170 7.653876718574753850e-161 9.307137224479309415e-152 6.115359491629121213e-143 2.171316374899252493e-134 4.166254422139734497e-126 4.320350323045821366e-118 2.421444557205791469e-110 7.335804658024497706e-103 1.201372798001917685e-95 1.063673256829919948e-88 5.091993681220758992e-82 1.318169933488224018e-75 1.845528076118596571e-69 1.397673294917412201e-63 5.726724339300684241e-58 1.269737763674380453e-52 1.523823166087772306e-47 9.901263494159111613e-43 3.484382900187999287e-38 6.643699875544081634e-34 6.866654877523165852e-30 3.849240291540263426e-26 1.171105659165073966e-22 1.935417107149969402e-19 1.739278942686570462e-16 8.510684112314865673e-14 2.271533930405671468e-11 3.314676811502422240e-09 2.652789839124265581e-07 1.169578843046050689e-05 2.859006837076543588e-04 3.912674055843503099e-03 3.043910555490579595e-02 1.380231638740947453e-01 3.805224577887339477e-01 6.847510288118574540e-01 8.972723002497507983e-01 9.798809427256358617e-01 9.977189595438215042e-01 9.998535875771537018e-01 9.999947521599146238e-01 9.999998958849469766e-01 9.999999988633787584e-01 9.999999999931999950e-01 9.999999999999777955e-01 1.000000000000000000e+00 1.000000000000000000e+00 1.000000000000000000e+00 1.000000000000000000e+00 1.000000000000000000e+00 1.000000000000000000e+00 1.000000000000000000e+00 1.000000000000000000e+00 1.000000000000000000e+00 1.000000000000000000e+00 1.000000000000000000e+00 1.000000000000000000e+00 1.000000000000000000e+00 1.000000000000000000e+00 1.000000000000000000e+00 1.000000000000000000e+00 1.000000000000000000e+00 1.000000000000000000e+00 1.000000000000000000e+00 1.000000000000000000e+00
0.000000000000000000e+00 0.000000000000000000e+00 0.000000000000000000e+00 0.000000000000000000e+00 0.000000000000000000e+00 0.000000000000000000e+00 0.000000000000000000e+00 0.000000000000000000e+00 0.000000000000000000e+00 0.000000000000000000e+00 0.000000000000000000e+00 0.000000000000000000e+00 0.000000000000000000e+00 0.000000000000000000e+00 0.000000000000000000e+00 0.000000000000000000e+00 0.000000000000000000e+00 0.000000000000000000e+00 0.000000000000000000e+00 0.000000000000000000e+00 0.000000000000000000e+00 0.000000000000000000e+00 0.000000000000000000e+00 0.000000000000000000e+00 0.000000000000000000e+00 1.085915232703890497e-316 2.194103006570599054e-302 2.060189444073678020e-288 8.989966054096119453e-275 1.823149419785291511e-261 1.718356712165965966e-248 7.527414413258828867e-236 1.532623720967549230e-223 1.450439280647997680e-211 6.380524639977696782e-200 1.304746724498412607e-188 1.240312181608788858e-177 5.481441697159609641e-167 1.126273642573219073e-156 1.075987736943298352e-146 4.779879173347049440e-137 9.874338603232176439e-128 9.486801206884454596e-119 4.239317378805015341e-110 8.812218265632046323e-102 8.522021055373555257e-94 3.834686974758935860e-86 8.030034606296369551e-79 7.826817060660029000e-72 3.551608479100794063e-65 7.504870209243723844e-59 7.386910089448866393e-53 3.387883565575901185e-47 7.242874678780760543e-42 7.221278452597040932e-37 3.359569342697709685e-32 7.298262458856632197e-28 7.409565571093181678e-24 3.519407069658187817e-20 7.831511103133180119e-17 8.178961296824931853e-14 4.018510653491671033e-11 9.319034042573660839e-09 1.024788574121204878e-06 5.380549118460082280e-05 1.363070049177458410e-03 1.694723938395518645e-02 1.064540692168272351e-01 3.557313625249193811e-01 6.935098682744965659e-01 9.164435310987097960e-01 9.880039710816899134e-01 9.991347721524630465e-01 9.999694716038958209e-01 9.999994812921033649e-01 9.999999957973261244e-01 9.999999999838666831e-01 9.999999999999708011e-01 1.000000000000000000e+00 1.000000000000000000e+00 1.000000000000000000e+00 1.000000000000000000e+00 1.000000000000000000e+00 1.000000000000000000e+00 1.000000000000000000e+00 1.000000000000000000e+00 1.000000000000000000e+00 1.000000000000000000e+00 1.000000000000000000e+00 1.000000000000000000e+00 1.000000000000000000e+00 1.000000000000000000e+00 1.000000000000000000e+00 1.000000000000000000e+00 1.000000000000000000e+00 1.000000000000000000e+00 1.000000000000000000e+00 1.000000000000000000e+00 1.000000000000000000e+00 1.000000000000000000e+00
0.000000000000000000e+00 0.000000000000000000e+00 0.000000000000000000e+00 0.000000000000000000e+00 0.000000000000000000e+00 0.000000000000000000e+00 0.000000000000000000e+00 0.000000000000000000e+00 0.000000000000000000e+00 0.000000000000000000e+00 0.000000000000000000e+00 0.000000000000000000e+00 0.000000000000000000e+00 0.000000000000000000e+00 0.000000000000000000e+00 0.000000000000000000e+00 0.000000000000000000e+00 0.000000000000000000e+00 0.000000000000000000e+00 0.000000000000000000e+00 0.000000000000000000e+00 0.000000000000000000e+00 0.000000000000000000e+00 0.000000000000000000e+00 0.000000000000000000e+00 0.000000000000000000e+00 0.000000000000000000e+00 0.000000000000000000e+00 1.156113611268516913e-321 1.326597418155841603e-305 5.869146882510410406e-290 1.001108794224297254e-274 6.583781522443125407e-260 1.669460855307558832e-245 1.632316197226700679e-231 6.154346607268596156e-218 8.948159511810188039e-205 5.017489242964269356e-192 1.085099839836490188e-179 9.051406524387918298e-168 2.912471344129506481e-156 3.615318587536810051e-145 1.731472245321088876e-134 3.199768978156876803e-124 2.281981754422029144e-114 6.281448690757111211e-105 6.674732507706134944e-96 2.738526128602003220e-87 4.339141096982485727e-79 2.655854495259814694e-71 6.281253229490192437e-64 5.742223303774369780e-57 2.029942086348747789e-50 2.776323860656591138e-44 1.469932684182508790e-38 3.014961241490260491e-33 2.397816620234190033e-28 7.402811069386961852e-24 8.885114314435622718e-20 4.153899156390810651e-16 7.584209272379201254e-13 5.427557521917257563e-10 1.530430603825680243e-07 1.713807288969284128e-05 7.717444244127143801e-04 1.427154550675662978e-02 1.125458032244848056e-01 4.065379439629529523e-01 7.704047098427034834e-01 9.569940107304093502e-01 9.964642750729574283e-01 9.998787725628914824e-01 9.999983138986636710e-01 9.999999906372142311e-01 9.999999999794451089e-01 9.999999999999822364e-01 1.000000000000000000e+00 1.000000000000000000e+00 1.000000000000000000e+00 1.000000000000000000e+00 1.000000000000000000e+00 1.000000000000000000e+00 1.000000000000000000e+00 1.000000000000000000e+00 1.000000000000000000e+00 1.000000000000000000e+00 1.000000000000000000e+00 1.000000000000000000e+00 1.000000000000000000e+00 1.000000000000000000e+00 1.000000000000000000e+00 1.000000000000000000e+00 1.000000000000000000e+00 1.000000000000000000e+00 1.000000000000000000e+00 1.000000000000000000e+00 1.000000000000000000e+00 1.000000000000000000e+00 1.000000000000000000e+00 1.000000000000000000e+00
0.000000000000000000e+00 0.000000000000000000e+00 0.000000000000000000e+00 0.000000000000000000e+00 0.000000000000000000e+00 0.000000000000000000e+00 0.000000000000000000e+00 0.000000000000000000e+00 0.000000000000000000e+00 0.000000000000000000e+00 0.000000000000000000e+00 0.000000000000000000e+00 0.000000000000000000e+00 0.000000000000000000e+00 0.000000000000000000e+00 0.000000000000000000e+00 0.000000000000000000e+00 0.000000000000000000e+00 0.000000000000000000e+00 0.000000000000000000e+00 0.000000000000000000e+00 0.000000000000000000e+00 0.000000000000000000e+00 0.000000000000000000e+00 0.000000000000000000e+00 0.000000000000000000e+00 0.000000000000000000e+00 0.000000000000000000e+00 0.000000000000000000e+00 1.678136215460977512e-307 2.779861288993519508e-291 1.662645659635782106e-275 3.590674425118204294e-260 2.800095750203944977e-245 7.885204197019616148e-231 8.019015095907080746e-217 2.945264978079379241e-203 3.907085714827249288e-190 1.872146420928359986e-177 3.240571722165288459e-165 2.026465217059913956e-153 4.578653917174383741e-142 3.738251947937389985e-131 1.103033580735410911e-120 1.176422037444038070e-110 4.535921442293782469e-101 6.323828968958196142e-92 3.188627979283759089e-83 5.816329278080880975e-75 3.839250732843345236e-67 9.173823384027916596e-60 7.938593106891330742e-53 2.489116646891520880e-46 2.829576414885933409e-40 1.167074995996079949e-34 1.748173307126550379e-29 9.521267004260757799e-25 1.888410986426018692e-20 1.366693913418494135e-16 3.619220794863043463e-13 3.520487669462531716e-10 1.264939059953800151e-07 1.693245473044942804e-05 8.560613566774259589e-04 1.673463485421544661e-02 1.320571861371646893e-01 4.573825240575947748e-01 8.166465343305602254e-01 9.720842172736875453e-01 9.982612498221556940e-01 9.999578309702394918e-01 9.999996122126501019e-01 9.999999986683052455e-01 9.999999999983082422e-01 9.999999999999992228e-01 1.000000000000000000e+00 1.000000000000000000e+00 1.000000000000000000e+00 1.000000000000000000e+00 1.000000000000000000e+00 1.000000000000000000e+00 1.000000000000000000e+00 1.000000000000000000e+00 1.000000000000000000e+00 1.000000000000000000e+00 1.000000000000000000e+00 1.000000000000000000e+00 1.000000000000000000e+00 1.000000000000000000e+00 1.000000000000000000e+00 1.000000000000000000e+00 1.000000000000000000e+00 1.000000000000000000e+00 1.000000000000000000e+00 1.000000000000000000e+00 1.000000000000000000e+00 1.000000000000000000e+00 1.000000000000000000e+00 1.000000000000000000e+00 1.000000000000000000e+00
0.000000000000000000e+00 0.000000000000000000e+00 0.000000000000000000e+00 0.000000000000000000e+00 0.000000000000000000e+00 0.000000000000000000e+00 0.000000000000000000e+00 0.000000000000000000e+00 0.000000000000000000e+00 0.000000000000000000e+00 0.000000000000000000e+00 0.000000000000000000e+00 0.000000000000000000e+00 0.000000000000000000e+00 0.000000000000000000e+00 0.000000000000000000e+00 0.000000000000000000e+00 0.000000000000000000e+00 0.000000000000000000e+00 0.000000000000000000e+00 0.000000000000000000e+00 0.000000000000000000e+00 0.000000000000000000e+00 0.000000000000000000e+00 0.000000000000000000e+00 0.000000000000000000e+00 0.000000000000000000e+00 0.000000000000000000e+00 0.000000000000000000e+00 0.000000000000000000e+00 1.293072713283845832e-308 2.546703748920388036e-291 1.578609016067722514e-274 3.079885259594438125e-258 1.891401092787827129e-242 3.656366240338503857e-227 2.225170719015881980e-212 4.263422965729873197e-198 2.572008884173363136e-184 4.885929746891419680e-171 2.923003367651418451e-158 5.507710027170303196e-146 3.269124162539639670e-134 6.113319638329654037e-123 3.602335097508726501e-112 6.690204982261999755e-102 3.916907193027135270e-92 7.231226628872337053e-83 4.210963272471720831e-74 7.737702257042590224e-66 4.488429559520477697e-58 8.223525865633444272e-51 4.761920317042735809e-44 8.721895206176962914e-38 5.057959492011698954e-32 9.298755741333405867e-27 5.428421779928768413e-22 1.008492562670390044e-17 5.980326895074597978e-14 1.136778322001380335e-10 6.970253255663218319e-08 1.392087412691689743e-05 9.202117520651207803e-04 2.071252244268008413e-02 1.676089647431341090e-01 5.445630916270099986e-01 8.824906503901895904e-01 9.881859529821321875e-01 9.995791681258487937e-01 9.999949333674261753e-01 9.999999798923228100e-01 9.999999999740701861e-01 9.999999999999892308e-01 1.000000000000000000e+00 1.000000000000000000e+00 1.000000000000000000e+00 1.000000000000000000e+00 1.000000000000000000e+00 1.000000000000000000e+00 1.000000000000000000e+00 1.000000000000000000e+00 1.000000000000000000e+00 1.000000000000000000e+00 1.000000000000000000e+00 1.000000000000000000e+00 1.000000000000000000e+00 1.000000000000000000e+00 1.000000000000000000e+00 1.000000000000000000e+00 1.000000000000000000e+00 1.000000000000000000e+00 1.000000000000000000e+00 1.000000000000000000e+00 1.000000000000000000e+00 1.000000000000000000e+00 1.000000000000000000e+00 1.000000000000000000e+00 1.000000000000000000e+00 1.000000000000000000e+00 1.000000000000000000e+00
0.000000000000000000e+00 0.000000000000000000e+00 0.000000000000000000e+00 0.000000000000000000e+00 0.000000000000000000e+00 0.000000000000000000e+00 0.000000000000000000e+00 0.000000000000000000e+00 0.000000000000000000e+00 0.000000000000000000e+00 0.000000000000000000e+00 0.000000000000000000e+00 0.000000000000000000e+00 0.000000000000000000e+00 0.000000000000000000e+00 0.000000000000000000e+00 0.000000000000000000e+00 0.000000000000000000e+00 0.000000000000000000e+00 0.000000000000000000e+00 0.000000000000000000e+00 0.000000000000000000e+00 0.000000000000000000e+00 0.000000000000000000e+00 0.000000000000000000e+00 0.000000000000000000e+00 0.000000000000000000e+00 0.000000000000000000e+00 0.000000000000000000e+00 0.000000000000000000e+00 3.077762220631857239e-313 4.575149477727269164e-295 1.931614866452625475e-277 2.316363162325554462e-260 7.890272460510256410e-244 7.634979392576519087e-228 2.098885945800994006e-212 1.639356020329236920e-197 3.638345331789252746e-183 2.294713772857315984e-169 4.113397983261596490e-156 2.095950614342588520e-143 3.036253681575843704e-131 1.250690742574459473e-119 1.465231756460047619e-108 4.883269051605989790e-98 4.631089115701503835e-88 1.250157068643958180e-78 9.609954580057111390e-70 2.104514125323882485e-61 1.313697589513419979e-53 2.339074677308632382e-46 1.188938417118716359e-39 1.727013240319034811e-33 7.178518996743624051e-28 8.553381645126560130e-23 2.928363173091395783e-18 2.890050207328261566e-14 8.260316561934716928e-11 6.885186891938009360e-08 1.692085045388652396e-05 1.248925103109038140e-03 2.863399528593576701e-02 2.180140471597482033e-01 6.343602697828284454e-01 9.286439762579004054e-01 9.951747631511563830e-01 9.998965543672240219e-01 9.999993268421796255e-01 9.999999987007037738e-01 9.999999999992659205e-01 9.999999999999998890e-01 1.000000000000000000e+00 1.000000000000000000e+00 1.000000000000000000e+00 1.000000000000000000e+00 1.000000000000000000e+00 1.000000000000000000e+00 1.000000000000000000e+00 1.000000000000000000e+00 1.000000000000000000e+00 1.000000000000000000e+00 1.000000000000000000e+00 1.000000000000000000e+00 1.000000000000000000e+00 1.000000000000000000e+00 1.000000000000000000e+00 1.000000000000000000e+00 1.000000000000000000e+00 1.000000000000000000e+00 1.000000000000000000e+00 1.000000000000000000e+00 1.000000000000000000e+00 1.000000000000000000e+00 1.000000000000000000e+00 1.000000000000000000e+00 1.000000000000000000e+00 1.000000000000000000e+00 1.000000000000000000e+00 1.000000000000000000e+00
0.000000000000000000e+00 0.000000000000000000e+00 0.000000000000000000e+00 0.000000000000000000e+00 0.000000000000000000e+00 0.000000000000000000e+00 0.000000000000000000e+00 0.000000000000000000e+00 0.000000000000000000e+00 0.000000000000000000e+00 0.000000000000000000e+00 0.000000000000000000e+00 0.000000000000000000e+00 0.000000000000000000e+00 0.000000000000000000e+00 0.000000000000000000e+00 0.000000000000000000e+00 0.000000000000000000e+00 0.000000000000000000e+00 0.000000000000000000e+00 0.000000000000000000e+00 0.000000000000000000e+00 0.000000000000000000e+00 0.000000000000000000e+00 0.000000000000000000e+00 0.000000000000000000e+00 0.000000000000000000e+00 0.000000000000000000e+00 0.000000000000000000e+00 0.000000000000000000e+00 0.000000000000000000e+00 0.000000000000000000e+00 0.000000000000000000e+00 2.896138629514098575e-312 1.287642636749709114e-291 1.113697482421793363e-271 1.874020333524149289e-252 6.135646365979397816e-234 3.909077785632748930e-216 4.846981524659400931e-199 1.169805598708074768e-182 5.496319076758733942e-167 5.028364060670818113e-152 8.959228656510579184e-138 3.109644237869025149e-124 2.103156705441614993e-111 2.772680034510141555e-99 7.128012181709318383e-88 3.575074378970791058e-77 3.500262851549850276e-67 6.694570012407881562e-58 2.503418732838890143e-49 1.832383579479443903e-41 2.629021980739199185e-34 7.407779368068474213e-28 4.109696015356872611e-22 4.505202273261966670e-17 9.809899140189307898e-13 4.276792722766988417e-09 3.781774559870742335e-06 6.938671898686903528e-04 2.760624877263270424e-02 2.619939079847264374e-01 7.398163988439316885e-01 9.727454875549693680e-01 9.993194112574677046e-01 9.999963156217273053e-01 9.999999958620113816e-01 9.999999999990574207e-01 1.000000000000000000e+00 1.000000000000000000e+00 1.000000000000000000e+00 1.000000000000000000e+00 1.000000000000000000e+00 1.000000000000000000e+00 1.000000000000000000e+00 1.000000000000000000e+00 1.000000000000000000e+00 1.000000000000000000e+00 1.000000000000000000e+00 1.000000000000000000e+00 1.000000000000000000e+00 1.000000000000000000e+00 1.000000000000000000e+00 1.000000000000000000e+00 1.000000000000000000e+00 1.000000000000000000e+00 1.000000000000000000e+00 1.000000000000000000e+00 1.000000000000000000e+00 1.000000000000000000e+00 1.000000000000000000e+00 1.000000000000000000e+00 1.000000000000000000e+00 1.000000000000000000e+00 1.000000000000000000e+00 1.000000000000000000e+00 1.000000000000000000e+00 1.000000000000000000e+00 1.000000000000000000e+00
0.000000000000000000e+00 0.000000000000000000e+00 0.000000000000000000e+00 0.000000000000000000e+00 0.000000000000000000e+00 0.000000000000000000e+00 0.000000000000000000e+00 0.000000000000000000e+00 0.000000000000000000e+00 0.000000000000000000e+00 0.000000000000000000e+00 0.000000000000000000e+00 0.000000000000000000e+00 0.000000000000000000e+00 0.000000000000000000e+00 0.000000000000000000e+00 0.000000000000000000e+00 0.000000000000000000e+00 0.000000000000000000e+00 0.000000000000000000e+00 0.000000000000000000e+00 0.000000000000000000e+00 0.000000000000000000e+00 0.000000000000000000e+00 0.000000000000000000e+00 0.000000000000000000e+00 0.000000000000000000e+00 0.000000000000000000e+00 0.000000000000000000e+00 0.000000000000000000e+00 0.000000000000000000e+00 0.000000000000000000e+00 0.000000000000000000e+00 0.000000000000000000e+00 0.000000000000000000e+00 4.896143938810909403e-305 1.799011571573043414e-282 8.854537180474554932e-261 5.838568631704222199e-240 5.158452016313246355e-220 6.107696847528539799e-201 9.693120206433429572e-183 2.062401459804930135e-165 5.884598199088549792e-149 2.252285072828069126e-133 1.156763359891660120e-118 7.975545660501762090e-105 7.385621464766326431e-92 9.191505056520648367e-80 1.538443575247426035e-68 3.466365464790764676e-58 1.052631096025412151e-48 4.314691784158420100e-40 2.392075155642433913e-32 1.798676453581889902e-25 1.841552007826190599e-19 2.582119770550341198e-14 5.003095141956107078e-10 1.359868710315279102e-06 5.329347155414854284e-04 3.185887334859443393e-02 3.315045454757649668e-01 8.371039320966439101e-01 9.918251007758951410e-01 9.999331114674834264e-01 9.999999187430631542e-01 9.999999999859476851e-01 9.999999999999996669e-01 1.000000000000000000e+00 1.000000000000000000e+00 1.000000000000000000e+00 1.000000000000000000e+00 1.000000000000000000e+00 1.000000000000000000e+00 1.000000000000000000e+00 1.000000000000000000e+00 1.000000000000000000e+00 1.000000000000000000e+00 1.000000000000000000e+00 1.000000000000000000e+00 1.000000000000000000e+00 1.000000000000000000e+00 1.000000000000000000e+00 1.000000000000000000e+00 1.000000000000000000e+00 1.000000000000000000e+00 1.000000000000000000e+00 1.000000000000000000e+00 1.000000000000000000e+00 1.000000000000000000e+00 1.000000000000000000e+00 1.000000000000000000e+00 1.000000000000000000e+00 1.000000000000000000e+00 1.000000000000000000e+00 1.000000000000000000e+00 1.000000000000000000e+00 1.000000000000000000e+00 1.000000000000000000e+00 1.000000000000000000e+00
0.000000000000000000e+00 0.000000000000000000e+00 0.000000000000000000e+00 0.000000000000000000e+00 0.000000000000000000e+00 0.000000000000000000e+00 0.000000000000000000e+00 0.000000000000000000e+00 0.000000000000000000e+00 0.000000000000000000e+00 0.000000000000000000e+00 0.000000000000000000e+00 0.000000000000000000e+00 0.000000000000000000e+00 0.000000000000000000e+00 0.000000000000000000e+00 0.000000000000000000e+00 0.000000000000000000e+00 0.000000000000000000e+00 0.000000000000000000e+00 0.000000000000000000e+00 0.000000000000000000e+00 0.000000000000000000e+00 0.000000000000000000e+00 0.000000000000000000e+00 0.000000000000000000e+00 0.000000000000000000e+00 0.000000000000000000e+00 0.000000000000000000e+00 0.000000000000000000e+00 0.000000000000000000e+00 0.000000000000000000e+00 0.000000000000000000e+00 0.000000000000000000e+00 0.000000000000000000e+00 3.755440856525563716e-308 3.797605927120494887e-284 4.021205526616666477e-261 4.459301906927230657e-239 5.179857621069695741e-218 6.303711090428874120e-198 8.039015016370055977e-179 1.074618142676089957e-160 1.506214694929707601e-143 2.214431250132502865e-127 3.416427982880803664e-112 5.534119685482588518e-98 9.418316516332073625e-85 1.685370784196997967e-72 3.174340577047735025e-61 6.300986161066588312e-51 1.320365532680787122e-41 2.927486509026870951e-33 6.889267184155127021e-26 1.728569037501806878e-19 4.655723049394904175e-14 1.360814656699426783e-09 4.398523267547385852e-06 1.630225868393967532e-03 7.503331408700202043e-02 5.252997607100109434e-01 9.413509116997540449e-01 9.989260139636092495e-01 9.999975813973627226e-01 9.999999993780608332e-01 9.999999999999823475e-01 1.000000000000000000e+00 1.000000000000000000e+00 1.000000000000000000e+00 1.000000000000000000e+00 1.000000000000000000e+00 1.000000000000000000e+00 1.000000000000000000e+00 1.000000000000000000e+00 1.000000000000000000e+00 1.000000000000000000e+00 1.000000000000000000e+00 1.000000000000000000e+00 1.000000000000000000e+00 1.000000000000000000e+00 1.000000000000000000e+00 1.000000000000000000e+00 1.000000000000000000e+00 1.000000000000000000e+00 1.000000000000000000e+00 1.000000000000000000e+00 1.000000000000000000e+00 1.000000000000000000e+00 1.000000000000000000e+00 1.000000000000000000e+00 1.000000000000000000e+00 1.000000000000000000e+00 1.000000000000000000e+00 1.000000000000000000e+00 1.000000000000000000e+00 1.000000000000000000e+00 1.000000000000000000e+00 1.000000000000000000e+00 1.000000000000000000e+00 1.000000000000000000e+00
0.000000000000000000e+00 0.000000000000000000e+00 0.000000000000000000e+00 0.000000000000000000e+00 0.000000000000000000e+00 0.000000000000000000e+00 0.000000000000000000e+00 0.000000000000000000e+00 0.000000000000000000e+00 0.000000000000000000e+00 0.000000000000000000e+00 0.000000000000000000e+00 0.000000000000000000e+00 0.000000000000000000e+00 0.000000000000000000e+00 0.000000000000000000e+00 0.000000000000000000e+00 0.000000000000000000e+00 0.000000000000000000e+00 0.000000000000000000e+00 0.000000000000000000e+00 0.000000000000000000e+00 0.000000000000000000e+00 0.000000000000000000e+00 0.000000000000000000e+00 0.000000000000000000e+00 0.000000000000000000e+00 0.000000000000000000e+00 0.000000000000000000e+00 0.000000000000000000e+00 0.000000000000000000e+00 0.000000000000000000e+00 0.000000000000000000e+00 0.000000000000000000e+00 0.000000000000000000e+00 2.920916098213449569e-319 2.136757583382203063e-293 1.242468424103611087e-268 5.743597710479846050e-245 2.111242816422252759e-222 6.172315879997889232e-201 1.435589622131453461e-180 2.657179602780840788e-161 3.915441383011683835e-143 4.595167663960116320e-126 4.297477618639567560e-110 3.204785436206858785e-95 1.907240089162485423e-81 9.067134587184383727e-69 3.447883689952670044e-57 1.050472965630491643e-46 2.570095057743412242e-37 5.065306016546703491e-29 8.078137843726067388e-22 1.049590054116898174e-15 1.123240945652630006e-10 1.009080747284864317e-06 7.895897524857594047e-04 5.845766840769087147e-02 5.095810327335233980e-01 9.469409776192323491e-01 9.993311394665858050e-01 9.999992052205251003e-01 9.999999999178699195e-01 9.999999999999993339e-01 1.000000000000000000e+00 1.000000000000000000e+00 1.000000000000000000e+00 1.000000000000000000e+00 1.000000000000000000e+00 1.000000000000000000e+00 1.000000000000000000e+00 1.000000000000000000e+00 1.000000000000000000e+00 1.000000000000000000e+00 1.000000000000000000e+00 1.000000000000000000e+00 1.000000000000000000e+00 1.000000000000000000e+00 1.000000000000000000e+00 1.000000000000000000e+00 1.000000000000000000e+00 1.000000000000000000e+00 1.000000000000000000e+00 1.000000000000000000e+00 1.000000000000000000e+00 1.000000000000000000e+00 1.000000000000000000e+00 1.000000000000000000e+00 1.000000000000000000e+00 1.000000000000000000e+00 1.000000000000000000e+00 1.000000000000000000e+00 1.000000000000000000e+00 1.000000000000000000e+00 1.000000000000000000e+00 1.000000000000000000e+00 1.000000000000000000e+00 1.000000000000000000e+00 1.000000000000000000e+00
0.000000000000000000e+00 0.000000000000000000e+00 0.000000000000000000e+00 0.000000000000000000e+00 0.000000000000000000e+00 0.000000000000000000e+00 0.000000000000000000e+00 0.000000000000000000e+00 0.000000000000000000e+00 0.000000000000000000e+00 0.000000000000000000e+00 0.000000000000000000e+00 0.000000000000000000e+00 0.000000000000000000e+00 0.000000000000000000e+00 0.000000000000000000e+00 0.000000000000000000e+00 0.000000000000000000e+00 0.000000000000000000e+00 0.000000000000000000e+00 0.000000000000000000e+00 0.000000000000000000e+00 0.000000000000000000e+00 0.000000000000000000e+00 0.000000000000000000e+00 0.000000000000000000e+00 0.000000000000000000e+00 0.000000000000000000e+00 0.000000000000000000e+00 0.000000000000000000e+00 0.000000000000000000e+00 0.000000000000000000e+00 0.000000000000000000e+00 0.000000000000000000e+00 0.000000000000000000e+00 0.000000000000000000e+00 1.584851921154050474e-317 1.552914522016137089e-289 7.625033451285981343e-263 1.876599388734326723e-237 2.315545912185496942e-213 1.432924934327946453e-190 4.448795908734087738e-169 6.932695962273822961e-149 5.425419689455107467e-130 2.133622816668390108e-112 4.219911938463590517e-96 4.201731961715982360e-81 2.108886022273040854e-67 5.344553651951725817e-55 6.854711195078573956e-44 4.463270738278030877e-34 1.482089297366836041e-25 2.527182484438275733e-18 2.237454586190143491e-12 1.048767197813160877e-07 2.704388126211943084e-04 4.192056823164858059e-02 5.008011356694147542e-01 9.584377045754879365e-01 9.997335665993690723e-01 9.999998973621875287e-01 9.999999999978250731e-01 1.000000000000000000e+00 1.000000000000000000e+00 1.000000000000000000e+00 1.000000000000000000e+00 1.000000000000000000e+00 1.000000000000000000e+00 1.000000000000000000e+00 1.000000000000000000e+00 1.000000000000000000e+00 1.000000000000000000e+00 1.000000000000000000e+00 1.000000000000000000e+00 1.000000000000000000e+00 1.000000000000000000e+00 1.000000000000000000e+00 1.000000000000000000e+00 1.000000000000000000e+00 1.000000000000000000e+00 1.000000000000000000e+00 1.000000000000000000e+00 1.000000000000000000e+00 1.000000000000000000e+00 1.000000000000000000e+00 1.000000000000000000e+00 1.000000000000000000e+00 1.000000000000000000e+00 1.000000000000000000e+00 1.000000000000000000e+00 1.000000000000000000e+00 1.000000000000000000e+00 1.000000000000000000e+00 1.000000000000000000e+00 1.000000000000000000e+00 1.000000000000000000e+00 1.000000000000000000e+00 1.000000000000000000e+00 1.000000000000000000e+00
0.000000000000000000e+00 0.000000000000000000e+00 0.000000000000000000e+00 0.000000000000000000e+00 0.000000000000000000e+00 0.000000000000000000e+00 0.000000000000000000e+00 0.000000000000000000e+00 0.000000000000000000e+00 0.000000000000000000e+00 0.000000000000000000e+00 0.000000000000000000e+00 0.000000000000000000e+00 0.000000000000000000e+00 0.000000000000000000e+00 0.000000000000000000e+00 0.000000000000000000e+00 0.000000000000000000e+00 0.000000000000000000e+00 0.000000000000000000e+00 0.000000000000000000e+00 0.000000000000000000e+00 0.000000000000000000e+00 0.000000000000000000e+00 0.000000000000000000e+00 0.000000000000000000e+00 0.000000000000000000e+00 0.000000000000000000e+00 0.000000000000000000e+00 0.000000000000000000e+00 0.000000000000000000e+00 0.000000000000000000e+00 0.000000000000000000e+00 0.000000000000000000e+00 0.000000000000000000e+00 0.000000000000000000e+00 0.000000000000000000e+00 0.000000000000000000e+00 5.202655771129501551e-302 1.193000862939629223e-271 6.572130085890134830e-243 8.701147900915508996e-216 2.769725142687069745e-190 2.120843388117697480e-166 3.908971952212572726e-144 1.735528961548990189e-123 1.857950761716328415e-104 4.801782898427018512e-87 3.000762301288690023e-71 4.544126930194355410e-57 1.672400024547419986e-44 1.502226623112931092e-33 3.314305701561514063e-24 1.814331206985465149e-16 2.508168139771012647e-10 9.061910770435833504e-06 9.259511976927243745e-03 3.360329217090969323e-01 9.342796559575190507e-01 9.997093624353374786e-01 9.999999610581161713e-01 9.999999999998601119e-01 1.000000000000000000e+00 1.000000000000000000e+00 1.000000000000000000e+00 1.000000000000000000e+00 1.000000000000000000e+00 1.000000000000000000e+00 1.000000000000000000e+00 1.000000000000000000e+00 1.000000000000000000e+00 1.000000000000000000e+00 1.000000000000000000e+00 1.000000000000000000e+00 1.000000000000000000e+00 1.000000000000000000e+00 1.000000000000000000e+00 1.000000000000000000e+00 1.000000000000000000e+00 1.000000000000000000e+00 1.000000000000000000e+00 1.000000000000000000e+00 1.000000000000000000e+00 1.000000000000000000e+00 1.000000000000000000e+00 1.000000000000000000e+00 1.000000000000000000e+00 1.000000000000000000e+00 1.000000000000000000e+00 1.000000000000000000e+00 1.000000000000000000e+00 1.000000000000000000e+00 1.000000000000000000e+00 1.000000000000000000e+00 1.000000000000000000e+00 1.000000000000000000e+00 1.000000000000000000e+00 1.000000000000000000e+00 1.000000000000000000e+00 1.000000000000000000e+00
0.000000000000000000e+00 0.000000000000000000e+00 0.000000000000000000e+00 0.000000000000000000e+00 0.000000000000000000e+00 0.000000000000000000e+00 0.000000000000000000e+00 0.000000000000000000e+00 0.000000000000000000e+00 0.000000000000000000e+00 0.000000000000000000e+00 0.000000000000000000e+00 0.000000000000000000e+00 0.000000000000000000e+00 0.000000000000000000e+00 0.000000000000000000e+00 0.000000000000000000e+00 0.000000000000000000e+00 0.000000000000000000e+00 0.000000000000000000e+00 0.000000000000000000e+00 0.000000000000000000e+00 0.000000000000000000e+00 0.000000000000000000e+00 0.000000000000000000e+00 0.000000000000000000e+00 0.000000000000000000e+00 0.000000000000000000e+00 0.000000000000000000e+00 0.000000000000000000e+00 0.000000000000000000e+00 0.000000000000000000e+00 0.000000000000000000e+00 0.000000000000000000e+00 0.000000000000000000e+00 0.000000000000000000e+00 0.000000000000000000e+00 0.000000000000000000e+00 6.643199114732125300e-306 5.257777517581383333e-274 7.094827654069901783e-244 1.632945801237598336e-215 6.413607644998331567e-189 4.301192147633266092e-164 4.928838652137668656e-141 9.659633171532273608e-120 3.241404163891560681e-100 1.865112874907543329e-82 1.843867365334092787e-66 3.140312515000651205e-52 9.248817859831469175e-40 4.737142119323248422e-29 4.257002964649734752e-20 6.813339263885296199e-13 1.997864989662086496e-07 1.142195698000617954e-03 1.510605216643447490e-01 8.381142515902604284e-01 9.986737099070052137e-01 9.999997469723489463e-01 9.999999999990567545e-01 1.000000000000000000e+00 1.000000000000000000e+00 1.000000000000000000e+00 1.000000000000000000e+00 1.000000000000000000e+00 1.000000000000000000e+00 1.000000000000000000e+00 1.000000000000000000e+00 1.000000000000000000e+00 1.000000000000000000e+00 1.000000000000000000e+00 1.000000000000000000e+00 1.000000000000000000e+00 1.000000000000000000e+00 1.000000000000000000e+00 1.000000000000000000e+00 1.000000000000000000e+00 1.000000000000000000e+00 1.000000000000000000e+00 1.000000000000000000e+00 1.000000000000000000e+00 1.000000000000000000e+00 1.000000000000000000e+00 1.000000000000000000e+00 1.000000000000000000e+00 1.000000000000000000e+00 1.000000000000000000e+00 1.000000000000000000e+00 1.000000000000000000e+00 1.000000000000000000e+00 1.000000000000000000e+00 1.000000000000000000e+00 1.000000000000000000e+00 1.000000000000000000e+00 1.000000000000000000e+00 1.000000000000000000e+00 1.000000000000000000e+00 1.000000000000000000e+00 1.000000000000000000e+00
0.000000000000000000e+00 0.000000000000000000e+00 0.000000000000000000e+00 0.000000000000000000e+00 0.000000000000000000e+00 0.000000000000000000e+00 0.000000000000000000e+00 0.000000000000000000e+00 0.000000000000000000e+00 0.000000000000000000e+00 0.000000000000000000e+00 0.000000000000000000e+00 0.000000000000000000e+00 0.000000000000000000e+00 0.000000000000000000e+00 0.000000000000000000e+00 0.000000000000000000e+00 0.000000000000000000e+00 0.000000000000000000e+00 0.000000000000000000e+00 0.000000000000000000e+00 0.000000000000000000e+00 0.000000000000000000e+00 0.000000000000000000e+00 0.000000000000000000e+00 0.000000000000000000e+00 0.000000000000000000e+00 0.000000000000000000e+00 0.000000000000000000e+00 0.000000000000000000e+00 0.000000000000000000e+00 0.000000000000000000e+00 0.000000000000000000e+00 0.000000000000000000e+00 0.000000000000000000e+00 0.000000000000000000e+00 0.000000000000000000e+00 0.000000000000000000e+00 0.000000000000000000e+00 5.659126720594806166e-319 5.942963709329792043e-283 4.197743007706201340e-249 1.995338193686446088e-217 6.386831061205870488e-188 1.377746844155318284e-160 2.004954948348945978e-135 1.970832970113074569e-112 1.310802152736723314e-91 5.912234035755335121e-73 1.814103532325852646e-56 3.804071586529295386e-42 5.489419915788111689e-30 5.513224296576937758e-20 3.932375724221981914e-12 2.075632502907007997e-06 8.982636777948967838e-03 4.486770821229839612e-01 9.824985249767927975e-01 9.999930569011599157e-01 9.999999999769446646e-01 1.000000000000000000e+00 1.000000000000000000e+00 1.000000000000000000e+00 1.000000000000000000e+00 1.000000000000000000e+00 1.000000000000000000e+00 1.000000000000000000e+00 1.000000000000000000e+00 1.000000000000000000e+00 1.000000000000000000e+00 1.000000000000000000e+00 1.000000000000000000e+00 1.000000000000000000e+00 1.000000000000000000e+00 1.000000000000000000e+00 1.000000000000000000e+00 1.000000000000000000e+00 1.000000000000000000e+00 1.000000000000000000e+00 1.000000000000000000e+00 1.000000000000000000e+00 1.000000000000000000e+00 1.000000000000000000e+00 1.000000000000000000e+00 1.000000000000000000e+00 1.000000000000000000e+00 1.000000000000000000e+00 1.000000000000000000e+00 1.000000000000000000e+00 1.000000000000000000e+00 1.000000000000000000e+00 1.000000000000000000e+00 1.000000000000000000e+00 1.000000000000000000e+00 1.000000000000000000e+00 1.000000000000000000e+00 1.000000000000000000e+00 1.000000000000000000e+00 1.000000000000000000e+00 1.000000000000000000e+00
0.000000000000000000e+00 0.000000000000000000e+00 0.000000000000000000e+00 0.000000000000000000e+00 0.000000000000000000e+00 0.000000000000000000e+00 0.000000000000000000e+00 0.000000000000000000e+00 0.000000000000000000e+00 0.000000000000000000e+00 0.000000000000000000e+00 0.000000000000000000e+00 0.000000000000000000e+00 0.000000000000000000e+00 0.000000000000000000e+00 0.000000000000000000e+00 0.000000000000000000e+00 0.000000000000000000e+00 0.000000000000000000e+00 0.000000000000000000e+00 0.000000000000000000e+00 0.000000000000000000e+00 0.000000000000000000e+00 0.000000000000000000e+00 0.000000000000000000e+00 0.000000000000000000e+00 0.000000000000000000e+00 0.000000000000000000e+00 0.000000000000000000e+00 0.000000000000000000e+00 0.000000000000000000e+00 0.000000000000000000e+00 0.000000000000000000e+00 0.000000000000000000e+00 0.000000000000000000e+00 0.000000000000000000e+00 0.000000000000000000e+00 0.000000000000000000e+00 0.000000000000000000e+00 0.000000000000000000e+00 4.336478459692521916e-309 5.411875141838636608e-271 2.029203737165382216e-235 2.287605300767165734e-202 7.760699900827746009e-172 7.931873514410817492e-144 2.445914342603427919e-118 2.280029295763527807e-95 6.442067741687403548e-75 5.537675256666304401e-57 1.456349151526686129e-41 1.182065445285392060e-28 3.005563652886203588e-18 2.462821352835639243e-10 6.932216127455058331e-05 8.080259519738902663e-02 8.440367190682428467e-01 9.996892671104411487e-01 9.999999972772035672e-01 9.999999999999998890e-01 1.000000000000000000e+00 1.000000000000000000e+00 1.000000000000000000e+00 1.000000000000000000e+00 1.000000000000000000e+00 1.000000000000000000e+00 1.000000000000000000e+00 1.000000000000000000e+00 1.000000000000000000e+00 1.000000000000000000e+00 1.000000000000000000e+00 1.000000000000000000e+00 1.000000000000000000e+00 1.000000000000000000e+00 1.000000000000000000e+00 1.000000000000000000e+00 1.000000000000000000e+00 1.000000000000000000e+00 1.000000000000000000e+00 1.000000000000000000e+00 1.000000000000000000e+00 1.000000000000000000e+00 1.000000000000000000e+00 1.000000000000000000e+00 1.000000000000000000e+00 1.000000000000000000e+00 1.000000000000000000e+00 1.000000000000000000e+00 1.000000000000000000e+00 1.000000000000000000e+00 1.000000000000000000e+00 1.000000000000000000e+00 1.000000000000000000e+00 1.000000000000000000e+00 1.000000000000000000e+00 1.000000000000000000e+00 1.000000000000000000e+00 1.000000000000000000e+00 1.000000000000000000e+00 1.000000000000000000e+00
0.000000000000000000e+00 0.000000000000000000e+00 0.000000000000000000e+00 0.000000000000000000e+00 0.000000000000000000e+00 0.000000000000000000e+00 0.000000000000000000e+00 0.000000000000000000e+00 0.000000000000000000e+00 0.000000000000000000e+00 0.000000000000000000e+00 0.000000000000000000e+00 0.000000000000000000e+00 0.000000000000000000e+00 0.000000000000000000e+00 0.000000000000000000e+00 0.000000000000000000e+00 0.000000000000000000e+00 0.000000000000000000e+00 0.000000000000000000e+00 0.000000000000000000e+00 0.000000000000000000e+00 0.000000000000000000e+00 0.000000000000000000e+00 0.000000000000000000e+00 0.000000000000000000e+00 0.000000000000000000e+00 0.000000000000000000e+00 0.000000000000000000e+00 0.000000000000000000e+00 0.000000000000000000e+00 0.000000000000000000e+00 0.000000000000000000e+00 0.000000000000000000e+00 0.000000000000000000e+00 0.000000000000000000e+00 0.000000000000000000e+00 0.000000000000000000e+00 0.000000000000000000e+00 0.000000000000000000e+00 0.000000000000000000e+00 3.577726967794802725e-319 4.605218375974428973e-276 4.218247327831909247e-236 2.752194590798697925e-199 1.280668626529906288e-165 4.257141272342473444e-135 1.013165987174896662e-107 1.731618389609179781e-83 2.134759512757146944e-62 1.911088242365252216e-44 1.255956204806592959e-29 6.178145849432160665e-18 2.366755921415238433e-09 7.807533060891866817e-04 3.192751535202360547e-01 9.869106241386265133e-01 9.999995602071246603e-01 9.999999999999862332e-01 1.000000000000000000e+00 1.000000000000000000e+00 1.000000000000000000e+00 1.000000000000000000e+00 1.000000000000000000e+00 1.000000000000000000e+00 1.000000000000000000e+00 1.000000000000000000e+00 1.000000000000000000e+00 1.000000000000000000e+00 1.000000000000000000e+00 1.000000000000000000e+00 1.000000000000000000e+00 1.000000000000000000e+00 1.000000000000000000e+00 1.000000000000000000e+00 1.000000000000000000e+00 1.000000000000000000e+00 1.000000000000000000e+00 1.000000000000000000e+00 1.000000000000000000e+00 1.000000000000000000e+00 1.000000000000000000e+00 1.000000000000000000e+00 1.000000000000000000e+00 1.000000000000000000e+00 1.000000000000000000e+00 1.000000000000000000e+00 1.000000000000000000e+00 1.000000000000000000e+00 1.000000000000000000e+00 1.000000000000000000e+00 1.000000000000000000e+00 1.000000000000000000e+00 1.000000000000000000e+00 1.000000000000000000e+00 1.000000000000000000e+00 1.000000000000000000e+00 1.000000000000000000e+00 1.000000000000000000e+00 1.000000000000000000e+00
0.000000000000000000e+00 0.000000000000000000e+00 0.000000000000000000e+00 0.000000000000000000e+00 0.000000000000000000e+00 0.000000000000000000e+00 0.000000000000000000e+00 0.000000000000000000e+00 0.000000000000000000e+00 0.000000000000000000e+00 0.000000000000000000e+00 0.000000000000000000e+00 0.000000000000000000e+00 0.000000000000000000e+00 0.000000000000000000e+00 0.000000000000000000e+00 0.000000000000000000e+00 0.000000000000000000e+00 0.000000000000000000e+00 0.000000000000000000e+00 0.000000000000000000e+00 0.000000000000000000e+00 0.000000000000000000e+00 0.000000000000000000e+00 0.000000000000000000e+00 0.000000000000000000e+00 0.000000000000000000e+00 0.000000000000000000e+00 0.000000000000000000e+00 0.000000000000000000e+00 0.000000000000000000e+00 0.000000000000000000e+00 0.000000000000000000e+00 0.000000000000000000e+00 0.000000000000000000e+00 0.000000000000000000e+00 0.000000000000000000e+00 0.000000000000000000e+00 0.000000000000000000e+00 0.000000000000000000e+00 0.000000000000000000e+00 0.000000000000000000e+00 0.000000000000000000e+00 1.296227651886877375e-286 1.420907130786059652e-240 1.359017280981820003e-198 1.136188661810502815e-160 8.323707887990210208e-127 5.362107936169105151e-97 3.053005122349211293e-71 1.548628064939902577e-49 7.092428027030099090e-32 3.006984405069266874e-18 1.247291468793967973e-08 5.951360133652573541e-03 7.066478741887938231e-01 9.998422636539261443e-01 9.999999999863908862e-01 1.000000000000000000e+00 1.000000000000000000e+00 1.000000000000000000e+00 1.000000000000000000e+00 1.000000000000000000e+00 1.000000000000000000e+00 1.000000000000000000e+00 1.000000000000000000e+00 1.000000000000000000e+00 1.000000000000000000e+00 1.000000000000000000e+00 1.000000000000000000e+00 1.000000000000000000e+00 1.000000000000000000e+00 1.000000000000000000e+00 1.000000000000000000e+00 1.000000000000000000e+00 1.000000000000000000e+00 1.000000000000000000e+00 1.000000000000000000e+00 1.000000000000000000e+00 1.000000000000000000e+00 1.000000000000000000e+00 1.000000000000000000e+00 1.000000000000000000e+00 1.000000000000000000e+00 1.000000000000000000e+00 1.000000000000000000e+00 1.000000000000000000e+00 1.000000000000000000e+00 1.000000000000000000e+00 1.000000000000000000e+00 1.000000000000000000e+00 1.000000000000000000e+00 1.000000000000000000e+00 1.000000000000000000e+00 1.000000000000000000e+00 1.000000000000000000e+00 1.000000000000000000e+00 1.000000000000000000e+00 1.000000000000000000e+00 1.000000000000000000e+00
