1.591287647982263988e-85 1.191639756568305637e-82 7.949821381597231154e-80 4.724878541047260630e-77 2.501784373095431249e-74 1.180158633664828917e-71 4.959841798547242872e-69 1.857112213450604111e-66 6.195233276853562964e-64 1.841336086286756995e-61 4.876086942936773663e-59 1.150483317997053883e-56 2.418620500747704850e-54 4.530458745707501389e-52 7.561583759595459135e-50 1.124576993282523419e-47 1.490327907288958344e-45 1.759955914333450763e-43 1.852085212826676462e-41 1.736889311234539643e-39 1.451607066441239192e-37 1.081201334569172736e-35 7.177292295429615406e-34 4.246474790632011519e-32 2.239386559789876284e-30 1.052646471416529586e-28 4.410736542013908764e-27 1.647551386297187290e-25 5.486463803974031686e-24 1.628923683272197085e-22 4.312166046613355012e-21 1.017915774714703440e-19 2.142834706698199110e-18 4.023175979777852665e-17 6.737532333661388657e-16 1.006555506097919284e-14 1.341651401174312120e-13 1.595784944642598884e-12 1.694018772030331315e-11 1.605307058042029571e-10 1.358292195281496415e-09 1.026448724549587825e-08 6.929813454864651936e-08 4.181175555226603163e-07 2.255515144965941686e-06 1.088360389973573719e-05 4.700314714514847305e-05 1.818040894678135113e-04 6.303150827911048080e-04 1.960735086415212568e-03 5.479137502328589558e-03 1.377474874078145686e-02 3.121296071013770004e-02 6.389507815511644151e-02 1.185056232483467087e-01 1.998642765064867766e-01 3.079315303886902555e-01 4.359136178644038573e-01 5.710492633484149927e-01 6.982696214562833514e-01 8.050542965370206527e-01 8.849688523378496097e-01 9.382907840615177797e-01 9.700117673879797842e-01 9.868363902037401436e-01 9.947924586527980839e-01 9.981467605053474523e-01 9.994075763538470270e-01 9.998300911959769888e-01 9.999563226215711920e-01 9.999899445148142663e-01 9.999979281287662003e-01 9.999996181521347838e-01 9.999999370814814936e-01 9.999999907348879891e-01 9.999999987811345470e-01 9.999999998567932202e-01 9.999999999849769061e-01 9.999999999985931254e-01 9.999999999998824274e-01 9.999999999999912292e-01 9.999999999999993339e-01 1.000000000000000000e+00 1.000000000000000000e+00 1.000000000000000000e+00 1.000000000000000000e+00 1.000000000000000000e+00 1.000000000000000000e+00 1.000000000000000000e+00 1.000000000000000000e+00 1.000000000000000000e+00 1.000000000000000000e+00 1.000000000000000000e+00 1.000000000000000000e+00 1.000000000000000000e+00 1.000000000000000000e+00 1.000000000000000000e+00 1.000000000000000000e+00 1.000000000000000000e+00 1.000000000000000000e+00
3.873460531274607479e-88 3.642765813040984588e-85 3.038668703113002207e-82 2.248331184041206891e-79 1.475594939992553253e-76 8.590320505259224403e-74 4.436011014361909167e-71 2.031996384224463993e-68 8.256703628481336560e-66 2.976121635111925254e-63 9.516166947998302931e-61 2.699283181272119088e-58 6.792317471797580392e-56 1.516279536534840411e-53 3.002904710116158593e-51 5.276119741362510374e-49 8.224491698482392457e-47 1.137459867558871831e-44 1.395750427864876744e-42 1.519627355457746783e-40 1.468040524666958095e-38 1.258420093859595247e-36 9.572296812829124110e-35 6.461408042989530516e-33 3.870595137707040949e-31 2.057731050754653196e-29 9.709174851623281039e-28 4.066151041252770524e-26 1.511538145934291545e-24 4.987911050013101948e-23 1.461217264890116067e-21 3.800522253246156283e-20 8.776954917833105531e-19 1.799950878366101721e-17 3.278255250525690609e-16 5.303287163114044946e-15 7.621307154846889221e-14 9.731174368791808893e-13 1.104158026236966942e-11 1.113568539724804736e-10 9.984464827747075045e-10 7.961087923652022771e-09 5.646714821437048595e-08 3.564127787780941189e-07 2.002764011915422930e-06 1.002405730462573162e-05 4.471502558101771993e-05 1.778972729020258958e-04 6.317777154498368858e-04 2.004898203365359892e-03 5.692586249774165240e-03 1.448450754151441380e-02 3.309263314212809726e-02 6.805615607491886931e-02 1.263772009645698080e-01 2.127418682668233141e-01 3.262821698624396305e-01 4.587983230413316682e-01 5.961055519699888228e-01 7.224115611479663412e-01 8.255593989100868946e-01 9.003419853400973505e-01 9.484750008787025122e-01 9.759783242362369826e-01 9.899299034047766011e-01 9.962127078892024645e-01 9.987244262955148333e-01 9.996158213007035886e-01 9.998966524771584208e-01 9.999751922779228641e-01 9.999946905707686184e-01 9.999989874999155592e-01 9.999998280559480035e-01 9.999999740091729539e-01 9.999999965044115147e-01 9.999999995818433796e-01 9.999999999555216901e-01 9.999999999957942531e-01 9.999999999996465050e-01 9.999999999999735767e-01 9.999999999999982236e-01 9.999999999999998890e-01 1.000000000000000000e+00 1.000000000000000000e+00 1.000000000000000000e+00 1.000000000000000000e+00 1.000000000000000000e+00 1.000000000000000000e+00 1.000000000000000000e+00 1.000000000000000000e+00 1.000000000000000000e+00 1.000000000000000000e+00 1.000000000000000000e+00 1.000000000000000000e+00 1.000000000000000000e+00 1.000000000000000000e+00 1.000000000000000000e+00 1.000000000000000000e+00 1.000000000000000000e+00 1.000000000000000000e+00
1.024024620095932169e-88 9.931291705534558687e-86 8.540871977289297081e-83 6.513353276270611117e-80 4.404717727733332239e-77 2.641483572266002089e-74 1.404752425832441540e-71 6.624905666234890325e-69 2.770728519413838068e-66 1.027659723095563776e-63 3.380281788076675831e-61 9.860802321906798109e-59 2.551146652510129549e-56 5.853707138522120227e-54 1.191264190162745777e-51 2.150188161280498323e-49 3.442282876223670246e-47 4.887981139099020807e-45 6.156548894989371392e-43 6.878327478723558632e-41 6.816789792346611116e-39 5.992987892883821636e-37 4.674007876545995102e-35 3.233965875134915948e-33 1.985181654780282889e-31 1.081195930509027055e-29 5.224806364546882925e-28 2.240381615674466273e-26 8.524844098118136615e-25 2.878675780824229221e-23 8.627263423675792353e-22 2.294894897790499942e-20 5.418775838130553392e-19 1.135878110147264042e-17 2.113989846378374875e-16 3.493565224060092505e-15 5.127319604161793885e-14 6.683992926196266491e-13 7.740751595636555852e-12 7.965626636432088518e-11 7.285294248747977239e-10 5.923524840245559199e-09 4.283047195759649035e-08 2.754991365785503313e-07 1.577116850802150192e-06 8.038915592905452849e-06 3.650686051392622761e-05 1.478079477305429591e-04 5.339888030881822156e-04 1.723139990322346748e-03 4.972851706175988699e-03 1.285455149404190339e-02 2.982008376590209939e-02 6.223107105199832123e-02 1.171849251091239691e-01 1.998816744231147746e-01 3.103316579224545402e-01 4.412593832765602797e-01 5.790080528553696038e-01 7.076354100539733460e-01 8.142383031244552205e-01 8.926522227241778795e-01 9.438444395843571533e-01 9.735063184942556180e-01 9.887599748689823720e-01 9.957218428643777042e-01 9.985418448664451496e-01 9.995556150306166288e-01 9.998790523305665090e-01 9.999706310779911123e-01 9.999936426486715213e-01 9.999987740653576429e-01 9.999997895183094787e-01 9.999999678405414594e-01 9.999999956290759329e-01 9.999999994717296836e-01 9.999999999432420683e-01 9.999999999945803353e-01 9.999999999995401456e-01 9.999999999999653610e-01 9.999999999999976685e-01 9.999999999999998890e-01 1.000000000000000000e+00 1.000000000000000000e+00 1.000000000000000000e+00 1.000000000000000000e+00 1.000000000000000000e+00 1.000000000000000000e+00 1.000000000000000000e+00 1.000000000000000000e+00 1.000000000000000000e+00 1.000000000000000000e+00 1.000000000000000000e+00 1.000000000000000000e+00 1.000000000000000000e+00 1.000000000000000000e+00 1.000000000000000000e+00 1.000000000000000000e+00 1.000000000000000000e+00 1.000000000000000000e+00
1.909918367533873782e-92 2.494374110645480226e-89 2.873589274452742315e-86 2.920175422218924282e-83 2.617697271454752341e-80 2.069957844800382880e-77 1.443912437459424909e-74 8.885123926769234850e-72 4.823205325913047226e-69 2.309746791026573994e-66 9.757903051124382978e-64 3.636802507896508416e-61 1.195809775390325130e-58 3.468903645388285945e-56 8.878084882754219317e-54 2.004716898304906052e-51 3.993962397763504125e-49 7.020745911638287364e-47 1.088937403757480398e-44 1.490307389745784772e-42 1.799765646670439807e-40 1.917954013654356337e-38 1.803676770453788312e-36 1.496907655570958241e-34 1.096392457657413720e-32 7.087488993474361746e-31 4.043863719361723830e-29 2.036586491707647198e-27 9.053952760358984303e-26 3.553300934614326289e-24 1.231165621559603662e-22 3.766407931666832394e-21 1.017428935062186408e-19 2.427115745401462453e-18 5.113701693025991437e-17 9.516853669565079039e-16 1.564680936393152030e-14 2.273011818576108364e-13 2.918094497504771223e-12 3.311370645552952290e-11 3.322223347904144837e-10 2.947674223939155463e-09 2.313636321106248470e-08 1.607063688388882173e-07 9.882750223544525312e-07 5.383276202871765939e-06 2.598949475789525144e-05 1.112859842771315495e-04 4.230071350910473275e-04 1.428807512902868435e-03 4.294141656488552339e-03 1.150129236628274695e-02 2.750729819690434300e-02 5.889350425466784167e-02 1.132355295013049989e-01 1.963119571559606980e-01 3.084538303625187772e-01 4.421158249308694277e-01 5.827851698158101890e-01 7.135053852838366684e-01 8.207652590429620476e-01 8.984761034759105591e-01 9.481895073364355886e-01 9.762703244110144674e-01 9.902754288905806224e-01 9.964427779903941573e-01 9.988407311523479493e-01 9.996639333592449717e-01 9.999134439648196260e-01 9.999802138285397435e-01 9.999959889498966081e-01 9.999992794117984474e-01 9.999998853434945989e-01 9.999999838496553828e-01 9.999999979869373945e-01 9.999999997780413263e-01 9.999999999783582005e-01 9.999999999981343812e-01 9.999999999998578915e-01 9.999999999999904521e-01 9.999999999999994449e-01 1.000000000000000000e+00 1.000000000000000000e+00 1.000000000000000000e+00 1.000000000000000000e+00 1.000000000000000000e+00 1.000000000000000000e+00 1.000000000000000000e+00 1.000000000000000000e+00 1.000000000000000000e+00 1.000000000000000000e+00 1.000000000000000000e+00 1.000000000000000000e+00 1.000000000000000000e+00 1.000000000000000000e+00 1.000000000000000000e+00 1.000000000000000000e+00 1.000000000000000000e+00 1.000000000000000000e+00 1.000000000000000000e+00
7.525720110608652183e-95 1.111204563368109808e-91 1.445899315197745484e-88 1.658001278936744726e-85 1.675480541876216819e-82 1.492130647224910372e-79 1.171096696044404943e-76 8.100334003729642025e-74 4.937914025550071809e-71 2.652901184938650822e-68 1.256152870177704809e-65 5.242218680376311003e-63 1.928176551329063013e-60 6.250946664099606287e-58 1.786162531302510083e-55 4.498645656321229174e-53 9.987075188130110890e-51 1.954345623740480396e-48 3.371184408761050231e-46 5.126183566004613620e-44 6.871469961401040563e-42 8.120137433490880481e-40 8.459619784973793974e-38 7.770139351142534481e-36 6.292386962790544956e-34 4.492937623916365021e-32 2.828753690539256014e-30 1.570482176333237293e-28 7.688994435104947008e-27 3.319958828249829784e-25 1.264308853741164762e-23 4.246829483620352225e-22 1.258360315498134550e-20 3.289388601595743275e-19 7.586499145453555008e-18 1.543956767446656029e-16 2.773026191453777083e-15 4.396051176199081254e-14 6.152259792175091898e-13 7.602437472304693995e-12 8.296828063127406550e-11 7.998729708959134746e-10 6.814043611663669827e-09 5.131082642690332772e-08 3.416668493703059893e-07 2.012730286447397062e-06 1.049525330881553322e-05 4.847367278486585160e-05 1.984551730133569470e-04 7.208948660904906935e-04 2.326136484834074713e-03 6.676824008132149074e-03 1.707830973415259621e-02 3.901438324948289238e-02 7.982316985186478642e-02 1.467937661102751423e-01 2.437451276440980863e-01 3.675579462404572340e-01 5.070408716839885921e-01 6.456593407528173900e-01 7.671843650651257729e-01 8.611683678252144425e-01 9.252869459540078445e-01 9.638749909783786984e-01 9.843609813522418150e-01 9.939548096508512565e-01 9.979180680259487346e-01 9.993622841703726500e-01 9.998265049013487227e-01 9.999581248945037526e-01 9.999910415744944769e-01 9.999983026049852342e-01 9.999997153353582524e-01 9.999999577670147799e-01 9.999999944595922008e-01 9.999999993575542367e-01 9.999999999341746548e-01 9.999999999940420992e-01 9.999999999995237143e-01 9.999999999999664713e-01 9.999999999999978906e-01 9.999999999999998890e-01 1.000000000000000000e+00 1.000000000000000000e+00 1.000000000000000000e+00 1.000000000000000000e+00 1.000000000000000000e+00 1.000000000000000000e+00 1.000000000000000000e+00 1.000000000000000000e+00 1.000000000000000000e+00 1.000000000000000000e+00 1.000000000000000000e+00 1.000000000000000000e+00 1.000000000000000000e+00 1.000000000000000000e+00 1.000000000000000000e+00 1.000000000000000000e+00 1.000000000000000000e+00 1.000000000000000000e+00
4.207277724243322874e-91 4.010825391749143621e-88 3.403595259966864149e-85 2.571094499811470076e-82 1.728935413883390217e-79 1.034963366670974527e-76 5.515206838738177322e-74 2.616342995234796528e-71 1.104916182535593254e-68 4.154051148389131596e-66 1.390364332338171664e-63 4.142919347333292713e-61 1.099037844446855257e-58 2.595701812950823221e-56 5.458095171837185859e-54 1.021833779190440680e-51 1.703262279593664923e-49 2.527870541747903229e-47 3.340494401259620333e-45 3.930616117668716796e-43 4.118287339359676621e-41 3.842305249135551608e-39 3.192275454771115256e-37 2.361877109996404701e-35 1.556248922182987052e-33 9.132367677818604103e-32 4.772978715382243206e-30 2.221868159596458313e-28 9.212818327743209498e-27 3.402804556836607682e-25 1.119641452622566610e-23 3.282072950637654318e-22 8.571910214633452413e-21 1.994818295255709128e-19 4.136809416645118181e-18 7.645548596829577454e-17 1.259454209211949270e-15 1.849448314113510393e-14 2.421310118900951351e-13 2.826684216686658586e-12 2.943082189549172499e-11 2.733482046381304630e-10 2.265282134190187240e-09 1.675481296106597847e-08 1.106383288081098905e-07 6.524996846297618145e-07 3.438356204101355043e-06 1.619712181923342275e-05 6.825005399696581262e-05 2.574300720115896236e-04 8.699290047075749046e-04 2.636542143442986187e-03 7.175845161833139911e-03 1.756675388888487982e-02 3.875714705122510623e-02 7.725615594805300412e-02 1.395705619086251847e-01 2.294289146319886119e-01 3.448703199939501252e-01 4.769996839457357751e-01 6.117322071528650262e-01 7.341320931090897783e-01 8.331980650637917929e-01 9.046315290317550328e-01 9.505207592408436712e-01 9.767840531859088848e-01 9.901750793175345677e-01 9.962578443362886116e-01 9.987193817349313552e-01 9.996067935304979724e-01 9.998917981722720283e-01 9.999733400617089041e-01 9.999941229245303820e-01 9.999988415876364112e-01 9.999997959524489222e-01 9.999999678953325200e-01 9.999999954897043075e-01 9.999999994344157539e-01 9.999999999367121806e-01 9.999999999936821649e-01 9.999999999994375610e-01 9.999999999999553690e-01 9.999999999999968914e-01 9.999999999999997780e-01 1.000000000000000000e+00 1.000000000000000000e+00 1.000000000000000000e+00 1.000000000000000000e+00 1.000000000000000000e+00 1.000000000000000000e+00 1.000000000000000000e+00 1.000000000000000000e+00 1.000000000000000000e+00 1.000000000000000000e+00 1.000000000000000000e+00 1.000000000000000000e+00 1.000000000000000000e+00 1.000000000000000000e+00 1.000000000000000000e+00 1.000000000000000000e+00
8.402341243618435671e-87 5.502491342819076678e-84 3.230711759299928507e-81 1.700674286306714224e-78 8.026619721132838689e-76 3.396546789554089543e-73 1.288667591794572403e-70 4.383771408975856372e-68 1.337100881667166080e-65 3.656753173488145198e-63 8.967028998398147164e-61 1.971648931882079831e-58 3.887279073214815204e-56 6.872336858458644279e-54 1.089466000756273939e-51 1.548752060933392468e-49 1.974322478437682559e-47 2.257001611233657513e-45 2.313840948099852999e-43 2.127325663765933927e-41 1.754062555608127758e-39 1.297117864764347603e-37 8.603014670707560929e-36 5.117683088908163489e-34 2.730633518904297608e-32 1.306886371261890892e-30 5.610675186017377853e-29 2.160804097349404967e-27 7.465527128438099190e-26 2.314057764880532180e-24 6.435504232177934900e-23 1.605883934567925429e-21 3.595839093361092819e-20 7.225624519388788455e-19 1.303099916462341484e-17 2.109354195086582744e-16 3.065051606806127892e-15 3.998480959313144082e-14 4.683602355298482088e-13 4.926730980643098949e-12 4.654855342715006654e-11 3.950997258048640300e-10 3.013401464819301741e-09 2.065701500684837298e-08 1.273109571444549018e-07 7.056659162800411629e-07 3.519163913354058476e-06 1.579750013408916357e-05 6.386805000761957890e-05 2.327063239119650712e-04 7.647168432556761437e-04 2.268661791659839187e-03 6.082924335089786617e-03 1.476173607721910364e-02 3.247851171498979811e-02 6.492644815193246433e-02 1.182440054474130087e-01 1.968465269483015423e-01 3.008116330319020593e-01 4.241859979914624490e-01 5.555418043921842575e-01 6.810178813900871209e-01 7.885553191681392571e-01 8.712437599941376121e-01 9.282884269192651638e-01 9.635960662757188100e-01 9.832027196363226640e-01 9.929709682335199350e-01 9.973371841109784919e-01 9.990881002659575127e-01 9.997180314197225970e-01 9.999213532253694581e-01 9.999802285233553301e-01 9.999955230262056460e-01 9.999990874157346221e-01 9.999998326222697687e-01 9.999999723889736458e-01 9.999999959047858322e-01 9.999999994540540449e-01 9.999999999345983159e-01 9.999999999929611860e-01 9.999999999993195443e-01 9.999999999999409361e-01 9.999999999999953371e-01 9.999999999999996669e-01 1.000000000000000000e+00 1.000000000000000000e+00 1.000000000000000000e+00 1.000000000000000000e+00 1.000000000000000000e+00 1.000000000000000000e+00 1.000000000000000000e+00 1.000000000000000000e+00 1.000000000000000000e+00 1.000000000000000000e+00 1.000000000000000000e+00 1.000000000000000000e+00 1.000000000000000000e+00 1.000000000000000000e+00 1.000000000000000000e+00
8.275471142848675560e-86 4.660717663705819257e-83 2.362373320766718694e-80 1.077665729502863261e-77 4.424495713514841598e-75 1.634903910054016592e-72 5.437186907570730587e-70 1.627477376693352191e-67 4.384496213976268935e-65 1.063149053268657771e-62 2.320301043671829360e-60 4.558023811812390510e-58 8.059306145704439753e-56 1.282669211738808833e-53 1.837533339766220627e-51 2.369558269617148387e-49 2.750551341998875479e-47 2.874097346916018211e-45 2.703474773262053209e-43 2.289247497747907957e-41 1.745114553525859365e-39 1.197644410088261613e-37 7.399757408238779658e-36 4.116295702242237372e-34 2.061626890445693867e-32 9.297027389786009652e-31 3.775079608078341912e-29 1.380304705387085262e-27 4.544762388847028012e-26 1.347587817722185781e-24 3.598628364334417857e-23 8.655209275901617507e-22 1.875028986668500001e-20 3.658982384141928163e-19 6.432353963087493289e-18 1.018769498816920133e-16 1.453856963232337519e-15 1.869628988353306262e-14 2.166861151685845056e-13 2.263648775684715365e-12 2.131853225133470572e-11 1.810308934805377418e-10 1.386380546191255445e-09 9.577365948339632137e-09 5.969770556413316581e-08 3.358525075813650022e-07 1.705969769320884646e-06 7.827147788063359033e-06 3.245291498236568540e-05 1.216657028400741939e-04 4.127051446773259192e-04 1.267709828698192209e-03 3.529650629253287125e-03 8.918473577606684383e-03 2.047986270606034706e-02 4.281726419726723104e-02 8.168278751540662685e-02 1.425814745878648260e-01 2.285154221783483597e-01 3.377189005780373288e-01 4.626941677305236866e-01 5.914978094304226275e-01 7.110475960977935550e-01 8.109752626898318884e-01 8.861961068314554435e-01 9.371884504598431143e-01 9.683188303018622767e-01 9.854337348803728913e-01 9.939074270485466212e-01 9.976855504873093361e-01 9.992025365672265735e-01 9.997510476437716509e-01 9.999296485136477397e-01 9.999820172110271965e-01 9.999958447650767468e-01 9.999991325198287484e-01 9.999998364485938041e-01 9.999999721635788319e-01 9.999999957244315452e-01 9.999999994075223775e-01 9.999999999259474581e-01 9.999999999916535653e-01 9.999999999991517896e-01 9.999999999999222844e-01 9.999999999999935607e-01 9.999999999999995559e-01 1.000000000000000000e+00 1.000000000000000000e+00 1.000000000000000000e+00 1.000000000000000000e+00 1.000000000000000000e+00 1.000000000000000000e+00 1.000000000000000000e+00 1.000000000000000000e+00 1.000000000000000000e+00 1.000000000000000000e+00 1.000000000000000000e+00 1.000000000000000000e+00 1.000000000000000000e+00 1.000000000000000000e+00
3.430065075029682346e-76 9.739282894008299332e-74 2.515678777124003595e-71 5.911411535171851903e-69 1.263686791158031286e-66 2.457562736126002533e-64 4.348020879686121106e-62 6.998511218790537512e-60 1.024830926971494611e-57 1.365328307021348895e-55 1.654879615972596641e-53 1.824931841831367546e-51 1.830984638200208002e-49 1.671428725414411474e-47 1.388237871981659855e-45 1.049110006509746825e-43 7.213866020817692033e-42 4.513509763703450767e-40 2.569626353215412536e-38 1.331206857108982552e-36 6.275560928653789296e-35 2.692174965124966157e-33 1.051019908007752307e-31 3.734132647686991082e-30 1.207410626765939922e-28 3.553229338809156250e-27 9.517269624574237804e-26 2.320287474616115630e-24 5.149114912580691367e-23 1.040178054179874713e-21 1.912899471168232837e-20 3.202678625363623034e-19 4.882040475039431937e-18 6.776247051378512199e-17 8.564723870551158337e-16 9.858573567955840241e-15 1.033560961731226665e-13 9.870273701716298214e-13 8.587148879569637292e-12 6.807032914712980760e-11 4.917291720370250483e-10 3.237671045803262323e-09 1.943426846518357601e-08 1.063739247748532455e-07 5.310696657582529418e-07 2.419094825071821642e-06 1.005765330275602315e-05 3.818265144832176791e-05 1.324268412052274598e-04 4.198362520763718577e-04 1.217527492508708661e-03 3.232453044329892770e-03 7.864534651965234685e-03 1.755598667382369735e-02 3.601035276403787705e-02 6.799259967164851537e-02 1.184378205929234457e-01 1.908536794729531472e-01 2.854667309833254230e-01 3.979720203815790280e-01 5.197306898661943064e-01 6.396618822526325410e-01 7.471770329555129653e-01 8.348997562750212209e-01 9.000414188062896281e-01 9.440673907980308144e-01 9.711481761020231973e-01 9.863087020721983400e-01 9.940331286986756609e-01 9.976150430400400060e-01 9.991267194459034773e-01 9.997073430095526625e-01 9.999103074304099836e-01 9.999748775558776615e-01 9.999935726052424645e-01 9.999984986854504321e-01 9.999996799648620538e-01 9.999999377609500861e-01 9.999999889607917858e-01 9.999999982147054212e-01 9.999999997368034244e-01 9.999999999646358440e-01 9.999999999956701302e-01 9.999999999995170530e-01 9.999999999999509281e-01 9.999999999999954481e-01 9.999999999999995559e-01 1.000000000000000000e+00 1.000000000000000000e+00 1.000000000000000000e+00 1.000000000000000000e+00 1.000000000000000000e+00 1.000000000000000000e+00 1.000000000000000000e+00 1.000000000000000000e+00 1.000000000000000000e+00 1.000000000000000000e+00 1.000000000000000000e+00 1.000000000000000000e+00 1.000000000000000000e+00
9.247845647269719127e-82 3.895073955076562084e-79 1.483285783586552213e-76 5.107073619965209163e-74 1.589871201755260474e-71 4.475060599628353821e-69 1.138906082965668571e-66 2.620800985527007240e-64 5.453090719860054145e-62 1.025934574858751405e-59 1.745303330752788198e-57 2.684743969812670603e-55 3.734412789035019526e-53 4.697171860078223166e-51 5.342603003815114858e-49 5.495153259959603485e-47 5.111234662016312265e-45 4.299323879011772805e-43 3.270488955655703361e-41 2.249955469575556238e-39 1.399893977127594252e-37 7.877500567981520125e-36 4.009283818182723859e-34 1.845628070842391185e-32 7.684854562789742971e-31 2.894392668008750717e-29 9.861140665930581185e-28 3.039231744540663009e-26 8.473993522504556337e-25 2.137581127323529369e-23 4.878561910766573811e-22 1.007447996480808303e-20 1.882541301246858505e-19 3.183389861020129514e-18 4.871854202011076342e-17 6.748346090247519909e-16 8.461411269013798574e-15 9.604602146948825331e-14 9.871007693451973897e-13 9.186501247456150619e-12 7.743084107031045410e-11 5.911947838334959599e-10 4.089668108616479690e-09 2.563815937122834438e-08 1.456941344591016683e-07 7.507345672940474841e-07 3.508921172682526569e-06 1.488273845183001317e-05 5.730919077876340232e-05 2.004684165431710281e-04 6.374449868080637885e-04 1.844027204071058699e-03 4.857859874224311827e-03 1.166787368566672874e-02 2.558810243217344779e-02 5.132859380059866250e-02 9.438736179935204584e-02 1.595475829469780726e-01 2.487509415786854916e-01 3.592245989086852997e-01 4.829947498044833143e-01 6.084397033852381176e-01 7.234589732041358801e-01 8.188632470629875204e-01 8.904518970284993618e-01 9.390476783236065828e-01 9.688897928313764396e-01 9.854679197308788829e-01 9.937992440062856092e-01 9.975868331155939295e-01 9.991445162738546992e-01 9.997240246573241285e-01 9.999190545779879091e-01 9.999784290814635046e-01 9.999947803705715454e-01 9.999988537329249638e-01 9.999997716399224856e-01 9.999999587444221572e-01 9.999999932432888095e-01 9.999999989970975722e-01 9.999999998651196709e-01 9.999999999835671449e-01 9.999999999981866727e-01 9.999999999998188116e-01 9.999999999999835687e-01 9.999999999999986677e-01 9.999999999999998890e-01 1.000000000000000000e+00 1.000000000000000000e+00 1.000000000000000000e+00 1.000000000000000000e+00 1.000000000000000000e+00 1.000000000000000000e+00 1.000000000000000000e+00 1.000000000000000000e+00 1.000000000000000000e+00 1.000000000000000000e+00 1.000000000000000000e+00 1.000000000000000000e+00 1.000000000000000000e+00
1.251603065719983381e-93 1.318290133535610177e-90 1.235907183181470551e-87 1.031324654957503170e-84 7.660269876001624578e-82 5.064499577902549093e-79 2.980421796943644346e-76 1.561251394372330443e-73 7.279932430804870203e-71 3.021670149217612944e-68 1.116446942186047188e-65 3.672036126358309932e-63 1.075128833361620237e-60 2.802244903530342202e-58 6.502067104473934285e-56 1.343089176746189150e-53 2.469875692114420548e-51 4.043631546243896160e-49 5.893921112804552219e-47 7.648637040828193489e-45 8.837354369921368665e-43 9.091411263877914470e-41 8.327687275247526249e-39 6.792284209841560974e-37 4.933112475027208906e-35 3.190483752768125443e-33 1.837555262947633360e-31 9.425234377160611769e-30 4.305593393915730641e-28 1.751806387409241399e-26 6.348581448610643419e-25 2.049426963970013600e-23 5.893641614953839915e-22 1.509954844509721054e-20 3.446752253079595910e-19 7.010725010717796399e-18 1.270773019332698308e-16 2.052938262188562944e-15 2.956264908056712023e-14 3.795194869501740358e-13 4.344301745773358069e-12 4.434886859397930798e-11 4.038448643896562373e-10 3.281121040114665864e-09 2.379182851389763566e-08 1.540184350645522348e-07 8.904746944718935823e-07 4.600101565295657562e-06 2.124407879756090573e-05 8.776141351359507189e-05 3.245551717524536479e-04 1.075433843551512484e-03 3.196427446958173112e-03 8.533271284183515520e-03 2.049544567070331683e-02 4.438019359339488018e-02 8.686365707158548444e-02 1.541785423354969375e-01 2.491945643168990143e-01 3.686701252541092488e-01 5.025018647076735512e-01 6.360499384504706422e-01 7.547673948123725385e-01 8.487806978058494156e-01 9.151031352995604440e-01 9.567829810012062897e-01 9.801166783021124651e-01 9.917533721219278231e-01 9.969230133274825656e-01 9.989688526558155868e-01 9.996900564419577417e-01 9.999165283475089927e-01 9.999798765869617467e-01 9.999956604101112312e-01 9.999991634125990903e-01 9.999998559002394316e-01 9.999999778327062216e-01 9.999999969556412349e-01 9.999999996268598146e-01 9.999999999591944189e-01 9.999999999960195174e-01 9.999999999996537214e-01 9.999999999999731326e-01 9.999999999999982236e-01 9.999999999999998890e-01 1.000000000000000000e+00 1.000000000000000000e+00 1.000000000000000000e+00 1.000000000000000000e+00 1.000000000000000000e+00 1.000000000000000000e+00 1.000000000000000000e+00 1.000000000000000000e+00 1.000000000000000000e+00 1.000000000000000000e+00 1.000000000000000000e+00 1.000000000000000000e+00 1.000000000000000000e+00 1.000000000000000000e+00 1.000000000000000000e+00
4.201255280282782466e-105 1.024706430714225132e-101 2.194592825307358133e-98 4.127116512406603309e-95 6.815256106760297339e-92 9.882457048575266574e-89 1.258345413370001717e-85 1.406993621547360428e-82 1.381488072115799348e-79 1.191161480840046904e-76 9.019214225784165892e-74 5.997189213965996895e-71 3.501987573198037496e-68 1.795876558643070741e-65 8.087998787294520174e-63 3.199017099291740327e-60 1.111249656994354142e-57 3.390280242727978287e-55 9.084444075966822135e-53 2.138013872419328389e-50 4.419604945117163955e-48 8.024709925439020638e-46 1.279856546765602221e-43 1.793054157724077551e-41 2.206687768562704363e-39 2.385723805568235466e-37 2.265943202109027962e-35 1.890805009377998120e-33 1.386226850701307979e-31 8.929652393024118240e-30 5.054432894428019685e-28 2.514057868316451239e-26 1.098937638902045131e-24 4.221810981779619698e-23 1.425571270983792161e-21 4.231397972853404857e-20 1.104151011155564121e-18 2.533219258062210501e-17 5.110610873868888508e-16 9.067583010800751371e-15 1.415142019627987920e-13 1.943027092751771311e-12 2.347576968472847528e-11 2.496480191755474610e-10 2.337355623287108853e-09 1.927303514177023158e-08 1.400127508124683823e-07 8.965388346865672789e-07 5.062691689228994152e-06 2.522753715609236637e-05 1.110129355325895344e-04 4.317878753821181837e-04 1.486090434760826756e-03 4.531995430753860132e-03 1.226701572054189615e-02 2.953364312146679674e-02 6.341498671166775902e-02 1.218571076244230472e-01 2.104722216938380575e-01 3.285884035129622571e-01 4.669874329471688235e-01 6.095416267415136868e-01 7.386191124796385177e-01 8.413601031578437084e-01 9.132483576805741077e-01 9.574654564984075300e-01 9.813731047094529369e-01 9.927361048738887472e-01 9.974834743148923710e-01 9.992269277355600998e-01 9.997897322655667773e-01 9.999494255220284789e-01 9.999892535177785646e-01 9.999979843105375465e-01 9.999996664892700782e-01 9.999999513503909920e-01 9.999999937464698618e-01 9.999999992919372804e-01 9.999999999294059139e-01 9.999999999938042894e-01 9.999999999995214939e-01 9.999999999999674705e-01 9.999999999999980016e-01 9.999999999999998890e-01 1.000000000000000000e+00 1.000000000000000000e+00 1.000000000000000000e+00 1.000000000000000000e+00 1.000000000000000000e+00 1.000000000000000000e+00 1.000000000000000000e+00 1.000000000000000000e+00 1.000000000000000000e+00 1.000000000000000000e+00 1.000000000000000000e+00 1.000000000000000000e+00 1.000000000000000000e+00 1.000000000000000000e+00 1.000000000000000000e+00 1.000000000000000000e+00
5.294279555903405849e-141 1.755116945281856251e-136 4.899475617286366447e-132 1.151705838296840654e-127 2.279744868782004022e-123 3.800039802990111531e-119 5.333987761336120053e-115 6.304967660483215069e-111 6.276043958649343674e-107 5.260983494156413373e-103 3.713912395545602963e-99 2.207935465042099279e-95 1.105446484883878158e-91 4.661146199370959313e-88 1.655231888868991726e-84 4.950442476540416647e-81 1.246971985945019769e-77 2.645488569589599080e-74 4.727169932354067017e-71 7.114640430137863157e-68 9.019285289161691848e-65 9.630981030301362157e-62 8.662851077097200076e-59 6.563821075269501726e-56 4.189603204764779256e-53 2.252813344371736233e-50 1.020541973409759905e-47 3.895009410973149777e-45 1.252501854064348796e-42 3.393614602611230961e-40 7.747917904980755383e-38 1.490638017571290583e-35 2.416868260433211023e-33 3.302624355812460005e-31 3.803872151839517754e-29 3.693108432142725350e-27 3.022740198099428657e-25 2.085933074167256730e-23 1.213792987311426862e-21 5.956541655138137462e-20 2.465570676190542394e-18 8.609779473554851833e-17 2.536917436150325927e-15 6.309017344542720484e-14 1.324570305340642603e-12 2.348452156824726854e-11 3.517548243219261765e-10 4.452830617541919164e-09 4.766402447357419866e-08 4.316855131281042028e-07 3.310432741901570614e-06 2.151445783194332073e-05 1.186265437934967221e-04 5.556913739422236244e-04 2.215310118642122017e-03 7.532498205221689787e-03 2.190678060971811697e-02 5.469649936581352789e-02 1.178141680159117133e-01 2.203410117655181799e-01 3.608830888362953848e-01 5.234615638645382374e-01 6.821737586853597879e-01 8.129255599638713914e-01 9.038271833598998661e-01 9.571576710273465016e-01 9.835604619564567441e-01 9.945906280251979314e-01 9.984789040490816836e-01 9.996354352464444926e-01 9.999256790729857958e-01 9.999871333517719174e-01 9.999981107927420343e-01 9.999997649804376332e-01 9.999999752501628203e-01 9.999999977951293806e-01 9.999999998339320628e-01 9.999999999894301217e-01 9.999999999994317879e-01 9.999999999999742428e-01 9.999999999999990008e-01 1.000000000000000000e+00 1.000000000000000000e+00 1.000000000000000000e+00 1.000000000000000000e+00 1.000000000000000000e+00 1.000000000000000000e+00 1.000000000000000000e+00 1.000000000000000000e+00 1.000000000000000000e+00 1.000000000000000000e+00 1.000000000000000000e+00 1.000000000000000000e+00 1.000000000000000000e+00 1.000000000000000000e+00 1.000000000000000000e+00 1.000000000000000000e+00 1.000000000000000000e+00 1.000000000000000000e+00 1.000000000000000000e+00
1.449846115673904077e-161 2.362354043155342829e-156 3.154136494744915234e-151 3.450901337092510841e-146 3.093894622089014537e-141 2.273023846380957022e-136 1.368462171281296530e-131 6.751449548220113651e-127 2.729619180198624686e-122 9.043854875303313451e-118 2.455599921244030534e-113 5.464123511009885363e-109 9.964351204719767360e-105 1.489190758888223012e-100 1.824030266926336083e-96 1.831058632727871224e-92 1.506501590889090610e-88 1.015882026917755524e-84 5.614785007803688226e-81 2.543605053189750403e-77 9.445048457188460528e-74 2.874807442766461351e-70 7.172596342444010068e-67 1.466969480174309256e-63 2.459562855413753428e-60 3.380673677071746028e-57 3.809559246240011906e-54 3.519585717134891331e-51 2.666088476794669109e-48 1.655947294002714988e-45 8.433974037640813301e-43 3.522565240600203887e-40 1.206581868838207022e-37 3.389678356994634782e-35 7.810891252517032446e-33 1.476466288299694118e-30 2.289667024735936346e-28 2.913380814223244448e-26 3.041968508467831010e-24 2.606803145292481941e-22 1.833706066964163061e-20 1.059012136631288128e-18 5.022447048867375016e-17 1.956502931762731787e-15 6.262110277351051086e-14 1.647330882672598297e-12 3.563123023038108045e-11 6.339741625429806324e-10 9.284160633989396178e-09 1.119779247913848687e-07 1.113246565243820578e-06 9.131669767165251342e-06 6.187915840750764630e-05 3.469349895875767820e-04 1.612580201376776975e-03 6.229833305381866221e-03 2.007114990723705972e-02 5.416857836785997360e-02 1.231989931209652028e-01 2.380548979853338021e-01 3.951180846422268633e-01 5.716456712936358597e-01 7.347145930073190057e-01 8.585223874011896905e-01 9.357789045158820818e-01 9.753993525884863125e-01 9.920980408031097042e-01 9.978816747683977306e-01 9.995277399462996204e-01 9.999126766970973801e-01 9.999866359827551676e-01 9.999983099627256511e-01 9.999998236201874668e-01 9.999999848243885658e-01 9.999999989244664489e-01 9.999999999372544135e-01 9.999999999969886311e-01 9.999999999998812061e-01 9.999999999999962252e-01 9.999999999999998890e-01 1.000000000000000000e+00 1.000000000000000000e+00 1.000000000000000000e+00 1.000000000000000000e+00 1.000000000000000000e+00 1.000000000000000000e+00 1.000000000000000000e+00 1.000000000000000000e+00 1.000000000000000000e+00 1.000000000000000000e+00 1.000000000000000000e+00 1.000000000000000000e+00 1.000000000000000000e+00 1.000000000000000000e+00 1.000000000000000000e+00 1.000000000000000000e+00 1.000000000000000000e+00 1.000000000000000000e+00 1.000000000000000000e+00 1.000000000000000000e+00
2.993717497127988520e-199 8.800839703359666187e-193 2.018531438703711770e-186 3.612012445380023360e-180 5.042776171084467950e-174 5.492898014908285124e-168 4.668202394283196239e-162 3.095417933517548151e-156 1.601459118934208989e-150 6.464651919721973775e-145 2.036166465018657368e-139 5.004108792670914079e-134 9.596047932365718373e-129 1.435878120356667083e-123 1.676524915722820298e-118 1.527488583685553668e-113 1.086001103665407078e-108 6.025266927218358280e-104 2.608711744511578205e-99 8.814352722693847714e-95 2.324239173599551970e-90 4.783102044199981570e-86 7.682281752822147527e-82 9.630235793437878433e-78 9.422479631491572864e-74 7.196011499202607559e-70 4.289779900055798940e-66 1.996247679400090067e-62 7.251896165513064344e-59 2.056695125674352595e-55 4.554021844224188468e-52 7.873272870946193729e-49 1.062873257825622593e-45 1.120489605145497968e-42 9.225124127333644835e-40 5.932212584240011673e-37 2.979807475093360012e-34 1.169335776390476625e-31 3.585327648800519566e-29 8.590604629841588775e-27 1.608790760828712275e-24 2.355280761639549181e-22 2.696200286885458802e-20 2.414027992976742304e-18 1.691009322164395411e-16 9.270832907803170175e-15 3.979641896569159540e-13 1.338258393585560126e-11 3.527514613704786157e-10 7.293711743174376666e-09 1.184048827855755611e-07 1.510834156952601653e-06 1.517402463345240686e-05 1.201716148523607419e-04 7.521997014579366028e-04 3.732776050423880498e-03 1.474669085451356387e-02 4.664177085634170494e-02 1.190353039134232210e-01 2.478343882815234045e-01 4.274705010555291396e-01 6.238791380831868461e-01 7.922312223144487575e-01 9.053563043129675414e-01 9.649444890754209636e-01 9.895474872442036052e-01 9.975090206878794996e-01 9.995279913812604722e-01 9.999291561031488085e-01 9.999916017691776737e-01 9.999992153741914525e-01 9.999999423237609930e-01 9.999999966686721198e-01 9.999999998489688124e-01 9.999999999946299623e-01 9.999999999998503419e-01 9.999999999999966693e-01 1.000000000000000000e+00 1.000000000000000000e+00 1.000000000000000000e+00 1.000000000000000000e+00 1.000000000000000000e+00 1.000000000000000000e+00 1.000000000000000000e+00 1.000000000000000000e+00 1.000000000000000000e+00 1.000000000000000000e+00 1.000000000000000000e+00 1.000000000000000000e+00 1.000000000000000000e+00 1.000000000000000000e+00 1.000000000000000000e+00 1.000000000000000000e+00 1.000000000000000000e+00 1.000000000000000000e+00 1.000000000000000000e+00 1.000000000000000000e+00 1.000000000000000000e+00 1.000000000000000000e+00 1.000000000000000000e+00
6.124996864838891250e-285 1.345122592115066046e-275 2.058685242000532478e-266 2.195808329706841475e-257 1.632224265080838814e-248 8.455726583885283950e-240 3.052901341975873993e-231 7.681935589994945395e-223 1.347194264519611877e-214 1.646635236188833066e-206 1.402744238216637886e-198 8.328756481477335635e-191 3.446747731221000276e-183 9.942006000327454345e-176 1.998857057271591194e-168 2.801181040210910567e-161 2.736285695291830799e-154 1.863168970318265973e-147 8.843496006674268897e-141 2.926090842233971462e-134 6.749252277360761267e-128 1.085276521096421128e-121 1.216622611608332379e-115 9.508609755361959090e-110 5.181314691699967251e-104 1.968530777697635290e-98 5.214860823044058145e-93 9.633013325846607645e-88 1.240860754531774233e-82 1.114679496524470907e-77 6.983450362628898361e-73 3.051496286780274947e-68 9.300603548373043382e-64 1.977430026795588239e-59 2.933074032875224981e-55 3.035439825552800526e-51 2.192032753142509003e-47 1.104728461288293945e-43 3.886070282677719107e-40 9.542988042404308582e-37 1.636284520880752648e-33 1.959422508659781262e-30 1.639082298715784152e-27 9.580825198546251771e-25 3.914552231463717173e-22 1.118439006342193892e-19 2.235633735632127933e-17 3.128211065598883289e-15 3.066203097139442605e-13 2.107109996806984583e-11 1.016292111805276092e-09 3.444939982541868255e-08 8.221130336382287230e-07 1.384389073424142237e-05 1.650011359771468749e-04 1.397762002973827657e-03 8.465355135438017500e-03 3.696495127216553600e-02 1.178338841210426202e-01 2.793670584305977256e-01 5.065580205668056557e-01 7.315809149253591492e-01 8.885329951803493387e-01 9.656148213203405994e-01 9.922629244783015556e-01 9.987454821161473317e-01 9.998546287314087344e-01 9.999880303261408088e-01 9.999993025633602262e-01 9.999999713290390613e-01 9.999999991703023561e-01 9.999999999831269415e-01 9.999999999997591926e-01 9.999999999999975575e-01 1.000000000000000000e+00 1.000000000000000000e+00 1.000000000000000000e+00 1.000000000000000000e+00 1.000000000000000000e+00 1.000000000000000000e+00 1.000000000000000000e+00 1.000000000000000000e+00 1.000000000000000000e+00 1.000000000000000000e+00 1.000000000000000000e+00 1.000000000000000000e+00 1.000000000000000000e+00 1.000000000000000000e+00 1.000000000000000000e+00 1.000000000000000000e+00 1.000000000000000000e+00 1.000000000000000000e+00 1.000000000000000000e+00 1.000000000000000000e+00 1.000000000000000000e+00 1.000000000000000000e+00 1.000000000000000000e+00 1.000000000000000000e+00 1.000000000000000000e+00 1.000000000000000000e+00
0.000000000000000000e+00 4.940656458412465442e-324 3.389179860949813840e-313 1.673436098798977214e-302 5.372065766775243539e-292 1.121233478036444325e-281 1.521522873881383401e-271 1.342437398698110850e-261 7.701023916085076000e-252 2.872419420738439227e-242 6.966243178686190191e-233 1.098519153418901759e-223 1.126372704263715842e-214 7.509824641905139989e-206 3.255808708184669036e-197 9.178635485740588847e-189 1.682661918776679837e-180 2.005973061478259759e-172 1.555154370807891460e-164 7.840676864367368674e-157 2.570854863681468940e-149 5.482249058908781444e-142 7.603463020136305545e-135 6.858845243862109454e-128 4.024335119486777556e-121 1.535885805943062568e-114 3.812984329910467544e-108 6.157916910474695034e-102 6.469768056074265115e-96 4.422371953283619278e-90 1.966806253236192437e-84 5.691655128994225026e-79 1.071816440327574064e-73 1.313544959774856948e-68 1.047741763619740126e-63 5.439955480826469943e-59 1.838742382115895405e-54 4.046599105667569574e-50 5.799229724096437159e-46 5.412994095797093419e-42 3.291388179975854316e-38 1.304053074806052010e-34 3.367457808703691013e-31 5.669375225575040818e-28 6.225203162102157764e-25 4.460112547357842938e-22 2.086113302577193039e-19 6.373866093598116749e-17 1.273137619027195320e-14 1.664063677030134454e-12 1.424980540866711058e-10 8.006835346873286854e-09 2.957999212016721057e-07 7.204150755074597105e-06 1.160918420546599511e-04 1.244167169889954334e-03 8.933519295401254681e-03 4.345129993252039996e-02 1.455815545689708723e-01 3.448805831014715162e-01 6.014936373483006360e-01 8.195389398581675033e-01 9.417928765921460554e-01 9.870062335683729149e-01 9.980291639508249713e-01 9.997993190097302918e-01 9.999863913467036403e-01 9.999993888105869200e-01 9.999999818913763994e-01 9.999999996470579910e-01 9.999999999954845009e-01 9.999999999999621414e-01 9.999999999999997780e-01 1.000000000000000000e+00 1.000000000000000000e+00 1.000000000000000000e+00 1.000000000000000000e+00 1.000000000000000000e+00 1.000000000000000000e+00 1.000000000000000000e+00 1.000000000000000000e+00 1.000000000000000000e+00 1.000000000000000000e+00 1.000000000000000000e+00 1.000000000000000000e+00 1.000000000000000000e+00 1.000000000000000000e+00 1.000000000000000000e+00 1.000000000000000000e+00 1.000000000000000000e+00 1.000000000000000000e+00 1.000000000000000000e+00 1.000000000000000000e+00 1.000000000000000000e+00 1.000000000000000000e+00 1.000000000000000000e+00 1.000000000000000000e+00 1.000000000000000000e+00 1.000000000000000000e+00 1.000000000000000000e+00
0.000000000000000000e+00 0.000000000000000000e+00 0.000000000000000000e+00 0.000000000000000000e+00 0.000000000000000000e+00 0.000000000000000000e+00 0.000000000000000000e+00 1.079899044741046221e-318 1.276183531588732433e-306 8.786325101905658566e-295 3.524296151607200547e-283 8.235987344859212689e-272 1.121359061184078208e-260 8.895442688308757471e-250 4.111430010093868567e-239 1.107209760708194605e-228 1.737354374866287881e-218 1.588469738797361940e-208 8.462774868458387347e-199 2.627253932242324287e-189 4.752911874752062976e-180 5.010717951218880762e-171 3.078490291682304741e-162 1.102274200968561276e-153 2.300240697258657625e-145 2.797744196280695515e-137 1.983420564169644128e-129 8.196277166907324081e-122 1.974415571173306971e-114 2.772733550499811230e-107 2.270155707065088061e-100 1.083713645909782943e-93 3.016628811188741121e-87 4.896872829403917444e-81 4.636084518012859206e-75 2.560182416172569979e-69 8.247749236909401732e-64 1.550281079344323277e-58 1.700475279895352825e-53 1.088679661836950182e-48 4.069092437522512864e-44 8.881284200235390221e-40 1.132313191232152660e-35 8.435771463661437011e-32 3.673956287954954364e-28 9.358659926196175877e-25 1.395177302755995926e-21 1.218165405193998152e-18 6.235159841915236305e-16 1.873102662047676434e-13 3.307499084091056370e-11 3.439647819587499520e-09 2.112242930978806823e-07 7.686943873885391103e-06 1.666308551076150287e-04 2.167617469004844664e-03 1.711347164798682902e-02 8.347104588585979590e-02 2.588790736322253982e-01 5.352549582123866667e-01 7.949670987352075446e-01 9.405100061820965696e-01 9.891151053709484886e-01 9.987758221187879037e-01 9.999167066401668524e-01 9.999966060805096646e-01 9.999999177423426477e-01 9.999999988196638379e-01 9.999999999900058834e-01 9.999999999999502620e-01 9.999999999999997780e-01 1.000000000000000000e+00 1.000000000000000000e+00 1.000000000000000000e+00 1.000000000000000000e+00 1.000000000000000000e+00 1.000000000000000000e+00 1.000000000000000000e+00 1.000000000000000000e+00 1.000000000000000000e+00 1.000000000000000000e+00 1.000000000000000000e+00 1.000000000000000000e+00 1.000000000000000000e+00 1.000000000000000000e+00 1.000000000000000000e+00 1.000000000000000000e+00 1.000000000000000000e+00 1.000000000000000000e+00 1.000000000000000000e+00 1.000000000000000000e+00 1.000000000000000000e+00 1.000000000000000000e+00 1.000000000000000000e+00 1.000000000000000000e+00 1.000000000000000000e+00 1.000000000000000000e+00 1.000000000000000000e+00 1.000000000000000000e+00 1.000000000000000000e+00
0.000000000000000000e+00 0.000000000000000000e+00 0.000000000000000000e+00 0.000000000000000000e+00 0.000000000000000000e+00 0.000000000000000000e+00 0.000000000000000000e+00 0.000000000000000000e+00 0.000000000000000000e+00 0.000000000000000000e+00 0.000000000000000000e+00 3.853712037561723045e-322 9.885326642935507031e-309 1.310104080768396578e-295 8.968477836021325067e-283 3.171315914945615127e-270 5.792665374654999319e-258 5.465710438047109456e-246 2.664133186289817563e-234 6.708403254510123364e-223 8.726700512051608847e-212 5.864939265537952694e-201 2.036458489044109106e-190 3.653453616631263263e-180 3.386620374241338744e-170 1.622127078339252483e-160 4.014958804687723715e-151 5.135464124814790753e-142 3.394748361948124040e-133 1.159829997986736886e-124 2.048201044231320805e-116 1.869728066449844100e-108 8.823726777991144023e-101 2.152970759158580029e-93 2.716356475039335523e-86 1.772369422041886471e-79 5.981418445064689517e-73 1.044260318313600649e-66 9.433013110615355572e-61 4.409850059690267735e-55 1.067181609722696141e-49 1.337276851236934621e-44 8.680050294408806997e-40 2.919563610939898686e-35 5.091195610697529965e-31 4.605566586809971936e-27 2.162817655601772298e-23 5.277364669770589284e-20 6.698251640213849029e-17 4.428702216268508013e-14 1.528189037325464026e-11 2.759011138476926896e-09 2.615194784585501675e-07 1.307838551017907988e-05 3.475599226618876448e-04 4.962753270230324532e-03 3.875409289208114894e-02 1.704856568042737441e-01 4.446599455290615732e-01 7.498183204739061747e-01 9.314927423846242061e-01 9.892782720489329273e-01 9.990745439920132309e-01 9.999568597709656004e-01 9.999989278858560926e-01 9.999999859125958679e-01 9.999999999026720765e-01 9.999999999996478373e-01 9.999999999999993339e-01 1.000000000000000000e+00 1.000000000000000000e+00 1.000000000000000000e+00 1.000000000000000000e+00 1.000000000000000000e+00 1.000000000000000000e+00 1.000000000000000000e+00 1.000000000000000000e+00 1.000000000000000000e+00 1.000000000000000000e+00 1.000000000000000000e+00 1.000000000000000000e+00 1.000000000000000000e+00 1.000000000000000000e+00 1.000000000000000000e+00 1.000000000000000000e+00 1.000000000000000000e+00 1.000000000000000000e+00 1.000000000000000000e+00 1.000000000000000000e+00 1.000000000000000000e+00 1.000000000000000000e+00 1.000000000000000000e+00 1.000000000000000000e+00 1.000000000000000000e+00 1.000000000000000000e+00 1.000000000000000000e+00 1.000000000000000000e+00 1.000000000000000000e+00 1.000000000000000000e+00 1.000000000000000000e+00
0.000000000000000000e+00 0.000000000000000000e+00 0.000000000000000000e+00 0.000000000000000000e+00 0.000000000000000000e+00 0.000000000000000000e+00 0.000000000000000000e+00 0.000000000000000000e+00 0.000000000000000000e+00 0.000000000000000000e+00 0.000000000000000000e+00 0.000000000000000000e+00 0.000000000000000000e+00 0.000000000000000000e+00 0.000000000000000000e+00 5.048537890774025618e-314 1.616910157714898093e-299 2.338374692853990309e-285 1.527083578215630213e-271 4.503451732065038237e-258 5.997590203220993477e-245 3.607217922442108001e-232 9.798268513095008313e-220 1.202060040408297286e-207 6.660747564231614231e-196 1.667100264124723348e-184 1.884804802418459582e-173 9.626385234859958186e-163 2.221166859293063585e-152 2.315538863520014970e-142 1.090714628515736302e-132 2.321653912136070478e-123 2.233339087008774242e-114 9.710272694655723746e-106 1.908457514304022586e-97 1.695780543569378521e-89 6.813385182517752216e-82 1.238061640976746896e-74 1.017651947240063497e-67 3.784772151471374115e-61 6.370693187577157688e-55 4.854944289650299072e-49 1.675725048898815857e-43 2.620869917158528722e-38 1.858478168593265250e-33 5.979128515580403926e-29 8.734876783553810048e-25 5.800681229644375816e-21 1.753472066102780037e-17 2.417083989448851890e-14 1.522977461111260715e-11 4.400747136427072553e-09 5.858793118489605739e-07 3.618364452776135106e-05 1.047664826393372370e-03 1.446687984469192771e-02 9.810949320901596327e-02 3.444271927165719616e-01 6.884913531512768525e-01 9.167545194054063096e-01 9.885637071309049118e-01 9.992313404322071824e-01 9.999754146064463445e-01 9.999996318247166283e-01 9.999999974444105932e-01 9.999999999918316451e-01 9.999999999999880096e-01 1.000000000000000000e+00 1.000000000000000000e+00 1.000000000000000000e+00 1.000000000000000000e+00 1.000000000000000000e+00 1.000000000000000000e+00 1.000000000000000000e+00 1.000000000000000000e+00 1.000000000000000000e+00 1.000000000000000000e+00 1.000000000000000000e+00 1.000000000000000000e+00 1.000000000000000000e+00 1.000000000000000000e+00 1.000000000000000000e+00 1.000000000000000000e+00 1.000000000000000000e+00 1.000000000000000000e+00 1.000000000000000000e+00 1.000000000000000000e+00 1.000000000000000000e+00 1.000000000000000000e+00 1.000000000000000000e+00 1.000000000000000000e+00 1.000000000000000000e+00 1.000000000000000000e+00 1.000000000000000000e+00 1.000000000000000000e+00 1.000000000000000000e+00 1.000000000000000000e+00 1.000000000000000000e+00 1.000000000000000000e+00 1.000000000000000000e+00
0.000000000000000000e+00 0.000000000000000000e+00 0.000000000000000000e+00 0.000000000000000000e+00 0.000000000000000000e+00 0.000000000000000000e+00 0.000000000000000000e+00 0.000000000000000000e+00 0.000000000000000000e+00 0.000000000000000000e+00 0.000000000000000000e+00 0.000000000000000000e+00 0.000000000000000000e+00 0.000000000000000000e+00 0.000000000000000000e+00 0.000000000000000000e+00 0.000000000000000000e+00 5.286502410501338023e-322 3.462776814366405358e-306 9.027653583471070689e-291 9.349916160989602797e-276 3.847153090515019111e-261 6.289092807408447852e-247 4.084818188667629282e-233 1.054180048673878557e-219 1.081028817852036763e-206 4.405198069906154176e-194 7.133900446817898534e-182 4.591479351585967295e-170 1.174562041645855224e-158 1.194357739288130783e-147 4.828026491938561080e-137 7.759398862652037545e-127 4.958631460307615868e-117 1.260171352886655815e-107 1.273789977979935150e-98 5.122029840201972031e-90 8.194999828112345978e-82 5.218167216364951068e-74 1.322710358589078742e-66 1.335131963154331406e-59 5.368528751719920305e-53 8.602942714372183425e-47 5.497009224373168499e-41 1.401423694502051320e-35 1.426643988620085875e-30 5.804826500425861039e-26 9.452127403355093848e-22 6.169292281951258196e-18 1.617457885427984142e-14 1.708377931881890958e-11 7.298964964525315666e-09 1.268974142959588224e-06 9.059611292198485751e-05 2.695223810689609256e-03 3.426097094565674211e-02 1.947862734477275870e-01 5.401347795796402895e-01 8.558683936661246605e-01 9.784688618142085570e-01 9.985787280774471864e-01 9.999601728180915750e-01 9.999995366650262785e-01 9.999999977915206006e-01 9.999999999957226438e-01 9.999999999999966693e-01 1.000000000000000000e+00 1.000000000000000000e+00 1.000000000000000000e+00 1.000000000000000000e+00 1.000000000000000000e+00 1.000000000000000000e+00 1.000000000000000000e+00 1.000000000000000000e+00 1.000000000000000000e+00 1.000000000000000000e+00 1.000000000000000000e+00 1.000000000000000000e+00 1.000000000000000000e+00 1.000000000000000000e+00 1.000000000000000000e+00 1.000000000000000000e+00 1.000000000000000000e+00 1.000000000000000000e+00 1.000000000000000000e+00 1.000000000000000000e+00 1.000000000000000000e+00 1.000000000000000000e+00 1.000000000000000000e+00 1.000000000000000000e+00 1.000000000000000000e+00 1.000000000000000000e+00 1.000000000000000000e+00 1.000000000000000000e+00 1.000000000000000000e+00 1.000000000000000000e+00 1.000000000000000000e+00 1.000000000000000000e+00 1.000000000000000000e+00 1.000000000000000000e+00
0.000000000000000000e+00 0.000000000000000000e+00 0.000000000000000000e+00 0.000000000000000000e+00 0.000000000000000000e+00 0.000000000000000000e+00 0.000000000000000000e+00 0.000000000000000000e+00 0.000000000000000000e+00 0.000000000000000000e+00 0.000000000000000000e+00 0.000000000000000000e+00 0.000000000000000000e+00 0.000000000000000000e+00 0.000000000000000000e+00 0.000000000000000000e+00 0.000000000000000000e+00 0.000000000000000000e+00 0.000000000000000000e+00 0.000000000000000000e+00 0.000000000000000000e+00 8.399115979301191251e-322 6.199028596444241234e-304 1.397245494440603290e-286 9.652447171716519734e-270 2.043818589238475928e-253 1.326521802753130601e-237 2.639266317765416096e-222 1.609835589496221545e-207 3.010547892302217523e-193 1.726296994749245237e-179 3.035542702421281952e-166 1.637036373702482292e-153 2.707933800780998043e-141 1.374166792993142727e-129 2.139612990222061059e-118 1.022370761250864675e-107 1.499527777172441109e-97 6.752802138709735989e-88 9.339547051949014997e-79 3.968545582376059323e-70 5.182990405650544365e-62 2.081556712455713979e-54 2.572266005457992917e-47 9.787767835618560109e-41 1.147864504448031007e-34 4.153767465934141173e-29 4.645055853462916147e-24 1.608417835521595037e-19 1.729160324483994465e-15 5.793453061860190607e-12 6.082587741628788984e-09 2.018002391400946734e-06 2.144397812760221735e-04 7.471273695362586585e-03 8.916851549098865626e-02 3.981967208329824093e-01 7.966904889484058838e-01 9.724276024051347056e-01 9.986747528365056414e-01 9.999787530942714220e-01 9.999998898632016520e-01 9.999999998185877814e-01 9.999999999999060751e-01 1.000000000000000000e+00 1.000000000000000000e+00 1.000000000000000000e+00 1.000000000000000000e+00 1.000000000000000000e+00 1.000000000000000000e+00 1.000000000000000000e+00 1.000000000000000000e+00 1.000000000000000000e+00 1.000000000000000000e+00 1.000000000000000000e+00 1.000000000000000000e+00 1.000000000000000000e+00 1.000000000000000000e+00 1.000000000000000000e+00 1.000000000000000000e+00 1.000000000000000000e+00 1.000000000000000000e+00 1.000000000000000000e+00 1.000000000000000000e+00 1.000000000000000000e+00 1.000000000000000000e+00 1.000000000000000000e+00 1.000000000000000000e+00 1.000000000000000000e+00 1.000000000000000000e+00 1.000000000000000000e+00 1.000000000000000000e+00 1.000000000000000000e+00 1.000000000000000000e+00 1.000000000000000000e+00 1.000000000000000000e+00 1.000000000000000000e+00 1.000000000000000000e+00 1.000000000000000000e+00 1.000000000000000000e+00
0.000000000000000000e+00 0.000000000000000000e+00 0.000000000000000000e+00 0.000000000000000000e+00 0.000000000000000000e+00 0.000000000000000000e+00 0.000000000000000000e+00 0.000000000000000000e+00 0.000000000000000000e+00 0.000000000000000000e+00 0.000000000000000000e+00 0.000000000000000000e+00 0.000000000000000000e+00 0.000000000000000000e+00 0.000000000000000000e+00 0.000000000000000000e+00 0.000000000000000000e+00 0.000000000000000000e+00 0.000000000000000000e+00 0.000000000000000000e+00 0.000000000000000000e+00 0.000000000000000000e+00 0.000000000000000000e+00 0.000000000000000000e+00 8.315124819508179338e-321 5.060348428067578853e-301 7.157281984202102209e-282 2.352618543233993734e-263 1.797319562035255082e-245 3.191596712113591358e-228 1.317475503815638980e-211 1.264377929510840720e-195 2.821402020732278236e-180 1.464089265580841331e-165 1.767069424135083258e-151 4.961371687478689376e-138 3.241172854781696964e-125 4.927867392288372447e-113 1.744187950228538577e-101 1.437629175369346063e-90 2.760498621719985949e-80 1.235422473330398528e-70 1.289354819297616090e-61 3.140173896922754894e-53 1.786179857245275840e-45 2.375459912490561981e-38 7.396263446846099182e-32 5.401248108548965627e-26 9.273321011094026156e-21 3.755618872179866520e-16 3.605070946235178166e-12 8.261675602275847450e-09 4.572429332660859064e-06 6.233328187012416623e-04 2.171758207953568970e-02 2.086772089657626672e-01 6.544865613838917184e-01 9.458568260828263963e-01 9.975567702335494946e-01 9.999712578251500616e-01 9.999999158789656395e-01 9.999999999402118256e-01 9.999999999999897859e-01 1.000000000000000000e+00 1.000000000000000000e+00 1.000000000000000000e+00 1.000000000000000000e+00 1.000000000000000000e+00 1.000000000000000000e+00 1.000000000000000000e+00 1.000000000000000000e+00 1.000000000000000000e+00 1.000000000000000000e+00 1.000000000000000000e+00 1.000000000000000000e+00 1.000000000000000000e+00 1.000000000000000000e+00 1.000000000000000000e+00 1.000000000000000000e+00 1.000000000000000000e+00 1.000000000000000000e+00 1.000000000000000000e+00 1.000000000000000000e+00 1.000000000000000000e+00 1.000000000000000000e+00 1.000000000000000000e+00 1.000000000000000000e+00 1.000000000000000000e+00 1.000000000000000000e+00 1.000000000000000000e+00 1.000000000000000000e+00 1.000000000000000000e+00 1.000000000000000000e+00 1.000000000000000000e+00 1.000000000000000000e+00 1.000000000000000000e+00 1.000000000000000000e+00 1.000000000000000000e+00 1.000000000000000000e+00 1.000000000000000000e+00
0.000000000000000000e+00 0.000000000000000000e+00 0.000000000000000000e+00 0.000000000000000000e+00 0.000000000000000000e+00 0.000000000000000000e+00 0.000000000000000000e+00 0.000000000000000000e+00 0.000000000000000000e+00 0.000000000000000000e+00 0.000000000000000000e+00 0.000000000000000000e+00 0.000000000000000000e+00 0.000000000000000000e+00 0.000000000000000000e+00 0.000000000000000000e+00 0.000000000000000000e+00 0.000000000000000000e+00 0.000000000000000000e+00 0.000000000000000000e+00 0.000000000000000000e+00 0.000000000000000000e+00 0.000000000000000000e+00 0.000000000000000000e+00 0.000000000000000000e+00 0.000000000000000000e+00 0.000000000000000000e+00 1.592657210590835491e-304 1.805752915565402306e-283 3.562831223995438281e-263 1.223428136995432349e-243 7.312381230182112797e-225 7.608404353090811217e-207 1.378311920399964996e-189 4.348047291593233819e-173 2.389010534538125478e-157 2.286735208231059161e-142 3.814169981863315902e-128 1.108923862919971209e-114 5.621799666793965571e-102 4.971694889027359856e-90 7.673780868617337047e-79 2.068511054655740337e-68 9.744945221306561241e-59 8.031302970729629084e-50 1.159315573795565601e-41 2.935666095644070956e-34 1.306789429816305248e-27 1.025502193582164812e-21 1.424472043076774151e-16 3.523321611754856577e-12 1.566320221823319578e-08 1.271166529138966753e-05 1.937516163418461510e-03 5.875503104422696854e-02 4.042111215926143530e-01 8.600150306446703308e-01 9.918746450490917299e-01 9.999027613856164010e-01 9.999997778581173336e-01 9.999999999065778411e-01 9.999999999999928946e-01 1.000000000000000000e+00 1.000000000000000000e+00 1.000000000000000000e+00 1.000000000000000000e+00 1.000000000000000000e+00 1.000000000000000000e+00 1.000000000000000000e+00 1.000000000000000000e+00 1.000000000000000000e+00 1.000000000000000000e+00 1.000000000000000000e+00 1.000000000000000000e+00 1.000000000000000000e+00 1.000000000000000000e+00 1.000000000000000000e+00 1.000000000000000000e+00 1.000000000000000000e+00 1.000000000000000000e+00 1.000000000000000000e+00 1.000000000000000000e+00 1.000000000000000000e+00 1.000000000000000000e+00 1.000000000000000000e+00 1.000000000000000000e+00 1.000000000000000000e+00 1.000000000000000000e+00 1.000000000000000000e+00 1.000000000000000000e+00 1.000000000000000000e+00 1.000000000000000000e+00 1.000000000000000000e+00 1.000000000000000000e+00 1.000000000000000000e+00 1.000000000000000000e+00 1.000000000000000000e+00 1.000000000000000000e+00 1.000000000000000000e+00 1.000000000000000000e+00
0.000000000000000000e+00 0.000000000000000000e+00 0.000000000000000000e+00 0.000000000000000000e+00 0.000000000000000000e+00 0.000000000000000000e+00 0.000000000000000000e+00 0.000000000000000000e+00 0.000000000000000000e+00 0.000000000000000000e+00 0.000000000000000000e+00 0.000000000000000000e+00 0.000000000000000000e+00 0.000000000000000000e+00 0.000000000000000000e+00 0.000000000000000000e+00 0.000000000000000000e+00 0.000000000000000000e+00 0.000000000000000000e+00 0.000000000000000000e+00 0.000000000000000000e+00 0.000000000000000000e+00 0.000000000000000000e+00 0.000000000000000000e+00 0.000000000000000000e+00 0.000000000000000000e+00 0.000000000000000000e+00 0.000000000000000000e+00 0.000000000000000000e+00 1.585326353180848625e-308 3.609308252873503070e-285 9.752213325317660678e-263 3.127643322688458941e-241 1.190789837868589767e-220 5.383139821621289201e-201 2.890075715793886617e-182 1.843147893544035906e-164 1.396722023270046381e-147 1.258058984242676275e-131 1.347416026664324471e-116 1.716774954440068523e-102 2.603629290689217186e-89 4.703233474154390115e-77 1.012825762843693476e-65 2.602912486275311189e-55 7.994109283035121754e-46 2.939369839466050156e-37 1.297109217520036551e-29 6.893225173037717155e-23 4.433522101630701387e-17 3.477343072431237825e-12 3.367229093536569063e-08 4.114217673425259224e-05 6.621260757309979823e-03 1.546452582524320551e-01 6.713904770206822192e-01 9.715594752810285950e-01 9.996168536581876429e-01 9.999993005432246118e-01 9.999999998367337106e-01 9.999999999999953371e-01 1.000000000000000000e+00 1.000000000000000000e+00 1.000000000000000000e+00 1.000000000000000000e+00 1.000000000000000000e+00 1.000000000000000000e+00 1.000000000000000000e+00 1.000000000000000000e+00 1.000000000000000000e+00 1.000000000000000000e+00 1.000000000000000000e+00 1.000000000000000000e+00 1.000000000000000000e+00 1.000000000000000000e+00 1.000000000000000000e+00 1.000000000000000000e+00 1.000000000000000000e+00 1.000000000000000000e+00 1.000000000000000000e+00 1.000000000000000000e+00 1.000000000000000000e+00 1.000000000000000000e+00 1.000000000000000000e+00 1.000000000000000000e+00 1.000000000000000000e+00 1.000000000000000000e+00 1.000000000000000000e+00 1.000000000000000000e+00 1.000000000000000000e+00 1.000000000000000000e+00 1.000000000000000000e+00 1.000000000000000000e+00 1.000000000000000000e+00 1.000000000000000000e+00 1.000000000000000000e+00 1.000000000000000000e+00 1.000000000000000000e+00 1.000000000000000000e+00 1.000000000000000000e+00
0.000000000000000000e+00 0.000000000000000000e+00 0.000000000000000000e+00 0.000000000000000000e+00 0.000000000000000000e+00 0.000000000000000000e+00 0.000000000000000000e+00 0.000000000000000000e+00 0.000000000000000000e+00 0.000000000000000000e+00 0.000000000000000000e+00 0.000000000000000000e+00 0.000000000000000000e+00 0.000000000000000000e+00 0.000000000000000000e+00 0.000000000000000000e+00 0.000000000000000000e+00 0.000000000000000000e+00 0.000000000000000000e+00 0.000000000000000000e+00 0.000000000000000000e+00 0.000000000000000000e+00 0.000000000000000000e+00 0.000000000000000000e+00 0.000000000000000000e+00 0.000000000000000000e+00 0.000000000000000000e+00 0.000000000000000000e+00 0.000000000000000000e+00 0.000000000000000000e+00 0.000000000000000000e+00 6.337874104851510669e-319 2.768558582928702609e-292 8.185681562105616725e-267 1.638444727704647398e-242 2.220655462603363421e-219 2.038520013609052844e-197 1.267838521462130700e-176 5.344192016631145825e-157 1.527398461702355032e-138 2.961383809557399029e-121 3.897412380611019778e-105 3.484388746180898377e-90 2.118153284951572916e-76 8.765837675101454390e-64 2.473529861952338111e-52 4.769121929238876720e-42 6.300963130990899405e-33 5.728000071509169580e-25 3.604799546488387935e-18 1.585756652679433677e-12 4.957090218959133447e-08 1.136024592590515522e-04 2.042465336868611384e-02 3.433124561667469932e-01 8.921748283225033882e-01 9.980103248141498629e-01 9.999969285580776468e-01 9.999999996431647720e-01 9.999999999999970024e-01 1.000000000000000000e+00 1.000000000000000000e+00 1.000000000000000000e+00 1.000000000000000000e+00 1.000000000000000000e+00 1.000000000000000000e+00 1.000000000000000000e+00 1.000000000000000000e+00 1.000000000000000000e+00 1.000000000000000000e+00 1.000000000000000000e+00 1.000000000000000000e+00 1.000000000000000000e+00 1.000000000000000000e+00 1.000000000000000000e+00 1.000000000000000000e+00 1.000000000000000000e+00 1.000000000000000000e+00 1.000000000000000000e+00 1.000000000000000000e+00 1.000000000000000000e+00 1.000000000000000000e+00 1.000000000000000000e+00 1.000000000000000000e+00 1.000000000000000000e+00 1.000000000000000000e+00 1.000000000000000000e+00 1.000000000000000000e+00 1.000000000000000000e+00 1.000000000000000000e+00 1.000000000000000000e+00 1.000000000000000000e+00 1.000000000000000000e+00 1.000000000000000000e+00 1.000000000000000000e+00 1.000000000000000000e+00 1.000000000000000000e+00 1.000000000000000000e+00 1.000000000000000000e+00 1.000000000000000000e+00
0.000000000000000000e+00 0.000000000000000000e+00 0.000000000000000000e+00 0.000000000000000000e+00 0.000000000000000000e+00 0.000000000000000000e+00 0.000000000000000000e+00 0.000000000000000000e+00 0.000000000000000000e+00 0.000000000000000000e+00 0.000000000000000000e+00 0.000000000000000000e+00 0.000000000000000000e+00 0.000000000000000000e+00 0.000000000000000000e+00 0.000000000000000000e+00 0.000000000000000000e+00 0.000000000000000000e+00 0.000000000000000000e+00 0.000000000000000000e+00 0.000000000000000000e+00 0.000000000000000000e+00 0.000000000000000000e+00 0.000000000000000000e+00 0.000000000000000000e+00 0.000000000000000000e+00 0.000000000000000000e+00 0.000000000000000000e+00 0.000000000000000000e+00 0.000000000000000000e+00 0.000000000000000000e+00 0.000000000000000000e+00 0.000000000000000000e+00 8.708752631274849711e-312 7.434047936152333111e-283 2.423064590907908898e-255 3.016432966135081993e-229 1.434665421108962113e-204 2.607956772550112563e-181 1.812755981992236928e-159 4.820638049920949204e-139 4.907785356080361826e-120 1.914438767163372224e-102 2.864340759322659346e-86 1.645948437361241888e-71 3.638977754979627082e-58 3.102731645489483119e-46 1.023638772706498112e-35 1.313021211590480689e-26 6.596370658037410450e-19 1.313563479692895403e-12 1.059280237238301238e-07 3.612551322832407812e-04 5.784072594178528426e-02 5.927283104304303940e-01 9.794390653442525130e-01 9.999409481709808922e-01 9.999999923319145001e-01 9.999999999999584777e-01 1.000000000000000000e+00 1.000000000000000000e+00 1.000000000000000000e+00 1.000000000000000000e+00 1.000000000000000000e+00 1.000000000000000000e+00 1.000000000000000000e+00 1.000000000000000000e+00 1.000000000000000000e+00 1.000000000000000000e+00 1.000000000000000000e+00 1.000000000000000000e+00 1.000000000000000000e+00 1.000000000000000000e+00 1.000000000000000000e+00 1.000000000000000000e+00 1.000000000000000000e+00 1.000000000000000000e+00 1.000000000000000000e+00 1.000000000000000000e+00 1.000000000000000000e+00 1.000000000000000000e+00 1.000000000000000000e+00 1.000000000000000000e+00 1.000000000000000000e+00 1.000000000000000000e+00 1.000000000000000000e+00 1.000000000000000000e+00 1.000000000000000000e+00 1.000000000000000000e+00 1.000000000000000000e+00 1.000000000000000000e+00 1.000000000000000000e+00 1.000000000000000000e+00 1.000000000000000000e+00 1.000000000000000000e+00 1.000000000000000000e+00 1.000000000000000000e+00 1.000000000000000000e+00 1.000000000000000000e+00 1.000000000000000000e+00
0.000000000000000000e+00 0.000000000000000000e+00 0.000000000000000000e+00 0.000000000000000000e+00 0.000000000000000000e+00 0.000000000000000000e+00 0.000000000000000000e+00 0.000000000000000000e+00 0.000000000000000000e+00 0.000000000000000000e+00 0.000000000000000000e+00 0.000000000000000000e+00 0.000000000000000000e+00 0.000000000000000000e+00 0.000000000000000000e+00 0.000000000000000000e+00 0.000000000000000000e+00 0.000000000000000000e+00 0.000000000000000000e+00 0.000000000000000000e+00 0.000000000000000000e+00 0.000000000000000000e+00 0.000000000000000000e+00 0.000000000000000000e+00 0.000000000000000000e+00 0.000000000000000000e+00 0.000000000000000000e+00 0.000000000000000000e+00 0.000000000000000000e+00 0.000000000000000000e+00 0.000000000000000000e+00 0.000000000000000000e+00 0.000000000000000000e+00 0.000000000000000000e+00 0.000000000000000000e+00 7.681375838454539180e-300 1.180501447414904581e-268 3.422139677265060166e-239 1.872003928657269449e-211 1.933313008839877698e-185 3.771696460858226006e-161 1.390979571045359557e-138 9.706015078625497591e-118 1.282885129173118708e-98 3.216590538420236873e-81 1.532872882449749740e-65 1.392087298409861660e-51 2.418237334290873196e-39 8.079794414343506464e-29 5.237447819475477774e-20 6.683165792746720674e-13 1.725174640393301993e-07 9.559601514205316600e-04 1.334685031115361853e-01 8.114618185903036407e-01 9.979909416125685162e-01 9.999994425052269875e-01 9.999999999966431297e-01 1.000000000000000000e+00 1.000000000000000000e+00 1.000000000000000000e+00 1.000000000000000000e+00 1.000000000000000000e+00 1.000000000000000000e+00 1.000000000000000000e+00 1.000000000000000000e+00 1.000000000000000000e+00 1.000000000000000000e+00 1.000000000000000000e+00 1.000000000000000000e+00 1.000000000000000000e+00 1.000000000000000000e+00 1.000000000000000000e+00 1.000000000000000000e+00 1.000000000000000000e+00 1.000000000000000000e+00 1.000000000000000000e+00 1.000000000000000000e+00 1.000000000000000000e+00 1.000000000000000000e+00 1.000000000000000000e+00 1.000000000000000000e+00 1.000000000000000000e+00 1.000000000000000000e+00 1.000000000000000000e+00 1.000000000000000000e+00 1.000000000000000000e+00 1.000000000000000000e+00 1.000000000000000000e+00 1.000000000000000000e+00 1.000000000000000000e+00 1.000000000000000000e+00 1.000000000000000000e+00 1.000000000000000000e+00 1.000000000000000000e+00 1.000000000000000000e+00 1.000000000000000000e+00 1.000000000000000000e+00 1.000000000000000000e+00 1.000000000000000000e+00
0.000000000000000000e+00 0.000000000000000000e+00 0.000000000000000000e+00 0.000000000000000000e+00 0.000000000000000000e+00 0.000000000000000000e+00 0.000000000000000000e+00 0.000000000000000000e+00 0.000000000000000000e+00 0.000000000000000000e+00 0.000000000000000000e+00 0.000000000000000000e+00 0.000000000000000000e+00 0.000000000000000000e+00 0.000000000000000000e+00 0.000000000000000000e+00 0.000000000000000000e+00 0.000000000000000000e+00 0.000000000000000000e+00 0.000000000000000000e+00 0.000000000000000000e+00 0.000000000000000000e+00 0.000000000000000000e+00 0.000000000000000000e+00 0.000000000000000000e+00 0.000000000000000000e+00 0.000000000000000000e+00 0.000000000000000000e+00 0.000000000000000000e+00 0.000000000000000000e+00 0.000000000000000000e+00 0.000000000000000000e+00 0.000000000000000000e+00 0.000000000000000000e+00 0.000000000000000000e+00 0.000000000000000000e+00 0.000000000000000000e+00 3.581174364237404343e-289 5.281672014017204855e-255 5.345099022465060906e-223 3.714044314012073889e-193 1.773277592728758483e-165 5.823174406369765143e-140 1.316818614813421394e-116 2.053835662014284284e-95 2.214126604043756261e-76 1.654665176186657689e-59 8.608245822382356916e-45 3.137353199638680850e-32 8.092086652134032689e-22 1.503485874526489112e-13 2.083839769309232631e-07 2.340631857861270003e-03 2.758427070628249878e-01 9.492591900917554115e-01 9.999457299152501033e-01 9.999999994815086390e-01 1.000000000000000000e+00 1.000000000000000000e+00 1.000000000000000000e+00 1.000000000000000000e+00 1.000000000000000000e+00 1.000000000000000000e+00 1.000000000000000000e+00 1.000000000000000000e+00 1.000000000000000000e+00 1.000000000000000000e+00 1.000000000000000000e+00 1.000000000000000000e+00 1.000000000000000000e+00 1.000000000000000000e+00 1.000000000000000000e+00 1.000000000000000000e+00 1.000000000000000000e+00 1.000000000000000000e+00 1.000000000000000000e+00 1.000000000000000000e+00 1.000000000000000000e+00 1.000000000000000000e+00 1.000000000000000000e+00 1.000000000000000000e+00 1.000000000000000000e+00 1.000000000000000000e+00 1.000000000000000000e+00 1.000000000000000000e+00 1.000000000000000000e+00 1.000000000000000000e+00 1.000000000000000000e+00 1.000000000000000000e+00 1.000000000000000000e+00 1.000000000000000000e+00 1.000000000000000000e+00 1.000000000000000000e+00 1.000000000000000000e+00 1.000000000000000000e+00 1.000000000000000000e+00 1.000000000000000000e+00 1.000000000000000000e+00 1.000000000000000000e+00 1.000000000000000000e+00
0.000000000000000000e+00 0.000000000000000000e+00 0.000000000000000000e+00 0.000000000000000000e+00 0.000000000000000000e+00 0.000000000000000000e+00 0.000000000000000000e+00 0.000000000000000000e+00 0.000000000000000000e+00 0.000000000000000000e+00 0.000000000000000000e+00 0.000000000000000000e+00 0.000000000000000000e+00 0.000000000000000000e+00 0.000000000000000000e+00 0.000000000000000000e+00 0.000000000000000000e+00 0.000000000000000000e+00 0.000000000000000000e+00 0.000000000000000000e+00 0.000000000000000000e+00 0.000000000000000000e+00 0.000000000000000000e+00 0.000000000000000000e+00 0.000000000000000000e+00 0.000000000000000000e+00 0.000000000000000000e+00 0.000000000000000000e+00 0.000000000000000000e+00 0.000000000000000000e+00 0.000000000000000000e+00 0.000000000000000000e+00 0.000000000000000000e+00 0.000000000000000000e+00 0.000000000000000000e+00 0.000000000000000000e+00 0.000000000000000000e+00 0.000000000000000000e+00 2.271788284110779625e-307 3.671023865085367660e-268 1.202474331280042517e-231 7.990667880270323194e-198 1.078322578526957560e-166 2.958943137311444162e-138 1.653813752702988243e-112 1.887102490210568008e-89 4.410130122539655834e-69 2.120645216684938275e-51 2.113116582387660716e-36 4.414288288342930549e-24 1.974116550833405168e-14 1.973894851916241121e-07 4.936751834802816791e-03 4.645416474744874513e-01 9.918523086830833835e-01 9.999995046119647402e-01 9.999999999999236167e-01 1.000000000000000000e+00 1.000000000000000000e+00 1.000000000000000000e+00 1.000000000000000000e+00 1.000000000000000000e+00 1.000000000000000000e+00 1.000000000000000000e+00 1.000000000000000000e+00 1.000000000000000000e+00 1.000000000000000000e+00 1.000000000000000000e+00 1.000000000000000000e+00 1.000000000000000000e+00 1.000000000000000000e+00 1.000000000000000000e+00 1.000000000000000000e+00 1.000000000000000000e+00 1.000000000000000000e+00 1.000000000000000000e+00 1.000000000000000000e+00 1.000000000000000000e+00 1.000000000000000000e+00 1.000000000000000000e+00 1.000000000000000000e+00 1.000000000000000000e+00 1.000000000000000000e+00 1.000000000000000000e+00 1.000000000000000000e+00 1.000000000000000000e+00 1.000000000000000000e+00 1.000000000000000000e+00 1.000000000000000000e+00 1.000000000000000000e+00 1.000000000000000000e+00 1.000000000000000000e+00 1.000000000000000000e+00 1.000000000000000000e+00 1.000000000000000000e+00 1.000000000000000000e+00 1.000000000000000000e+00 1.000000000000000000e+00 1.000000000000000000e+00 1.000000000000000000e+00
0.000000000000000000e+00 0.000000000000000000e+00 0.000000000000000000e+00 0.000000000000000000e+00 0.000000000000000000e+00 0.000000000000000000e+00 0.000000000000000000e+00 0.000000000000000000e+00 0.000000000000000000e+00 0.000000000000000000e+00 0.000000000000000000e+00 0.000000000000000000e+00 0.000000000000000000e+00 0.000000000000000000e+00 0.000000000000000000e+00 0.000000000000000000e+00 0.000000000000000000e+00 0.000000000000000000e+00 0.000000000000000000e+00 0.000000000000000000e+00 0.000000000000000000e+00 0.000000000000000000e+00 0.000000000000000000e+00 0.000000000000000000e+00 0.000000000000000000e+00 0.000000000000000000e+00 0.000000000000000000e+00 0.000000000000000000e+00 0.000000000000000000e+00 0.000000000000000000e+00 0.000000000000000000e+00 0.000000000000000000e+00 0.000000000000000000e+00 0.000000000000000000e+00 0.000000000000000000e+00 0.000000000000000000e+00 0.000000000000000000e+00 0.000000000000000000e+00 0.000000000000000000e+00 1.292566341160148244e-316 8.238378185136102979e-273 2.739885429676246852e-232 4.759799124075404428e-195 4.325218753683949067e-161 2.059583298644983010e-130 5.151963174675564712e-103 6.793474450430450485e-79 4.746171333098261644e-58 1.770727641203417329e-40 3.574769964048526067e-26 4.002188052698265607e-15 2.621731295179930389e-07 1.169952629606508046e-02 6.856196505044449552e-01 9.993892237845982685e-01 9.999999989122310140e-01 1.000000000000000000e+00 1.000000000000000000e+00 1.000000000000000000e+00 1.000000000000000000e+00 1.000000000000000000e+00 1.000000000000000000e+00 1.000000000000000000e+00 1.000000000000000000e+00 1.000000000000000000e+00 1.000000000000000000e+00 1.000000000000000000e+00 1.000000000000000000e+00 1.000000000000000000e+00 1.000000000000000000e+00 1.000000000000000000e+00 1.000000000000000000e+00 1.000000000000000000e+00 1.000000000000000000e+00 1.000000000000000000e+00 1.000000000000000000e+00 1.000000000000000000e+00 1.000000000000000000e+00 1.000000000000000000e+00 1.000000000000000000e+00 1.000000000000000000e+00 1.000000000000000000e+00 1.000000000000000000e+00 1.000000000000000000e+00 1.000000000000000000e+00 1.000000000000000000e+00 1.000000000000000000e+00 1.000000000000000000e+00 1.000000000000000000e+00 1.000000000000000000e+00 1.000000000000000000e+00 1.000000000000000000e+00 1.000000000000000000e+00 1.000000000000000000e+00 1.000000000000000000e+00 1.000000000000000000e+00 1.000000000000000000e+00 1.000000000000000000e+00 1.000000000000000000e+00 1.000000000000000000e+00
