0.000000000000000000e+00 0.000000000000000000e+00 0.000000000000000000e+00 0.000000000000000000e+00 0.000000000000000000e+00 0.000000000000000000e+00 0.000000000000000000e+00 0.000000000000000000e+00 0.000000000000000000e+00 0.000000000000000000e+00 0.000000000000000000e+00 0.000000000000000000e+00 0.000000000000000000e+00 0.000000000000000000e+00 0.000000000000000000e+00 0.000000000000000000e+00 0.000000000000000000e+00 0.000000000000000000e+00 0.000000000000000000e+00 0.000000000000000000e+00 0.000000000000000000e+00 0.000000000000000000e+00 0.000000000000000000e+00 0.000000000000000000e+00 0.000000000000000000e+00 0.000000000000000000e+00 0.000000000000000000e+00 0.000000000000000000e+00 0.000000000000000000e+00 0.000000000000000000e+00 0.000000000000000000e+00 0.000000000000000000e+00 0.000000000000000000e+00 0.000000000000000000e+00 0.000000000000000000e+00 0.000000000000000000e+00 0.000000000000000000e+00 0.000000000000000000e+00 2.920178935600901912e-274 1.337762220488191546e-218 2.691310281579358495e-169 2.388138476465629467e-126 9.409081721630563198e-90 1.663865068498262138e-59 1.346427012005051660e-35 5.190055458011990837e-18 1.059647087746402055e-06 1.804223533646971689e-01 9.982169324084001483e-01 9.999999999921962424e-01 1.000000000000000000e+00 1.000000000000000000e+00 1.000000000000000000e+00 1.000000000000000000e+00 1.000000000000000000e+00 1.000000000000000000e+00 1.000000000000000000e+00 1.000000000000000000e+00 1.000000000000000000e+00 1.000000000000000000e+00 1.000000000000000000e+00 1.000000000000000000e+00 1.000000000000000000e+00 1.000000000000000000e+00 1.000000000000000000e+00 1.000000000000000000e+00 1.000000000000000000e+00 1.000000000000000000e+00 1.000000000000000000e+00 1.000000000000000000e+00 1.000000000000000000e+00 1.000000000000000000e+00 1.000000000000000000e+00 1.000000000000000000e+00 1.000000000000000000e+00 1.000000000000000000e+00 1.000000000000000000e+00 1.000000000000000000e+00 1.000000000000000000e+00 1.000000000000000000e+00 1.000000000000000000e+00 1.000000000000000000e+00 1.000000000000000000e+00 1.000000000000000000e+00 1.000000000000000000e+00 1.000000000000000000e+00 1.000000000000000000e+00 1.000000000000000000e+00 1.000000000000000000e+00 1.000000000000000000e+00 1.000000000000000000e+00 1.000000000000000000e+00 1.000000000000000000e+00 1.000000000000000000e+00 1.000000000000000000e+00 1.000000000000000000e+00 1.000000000000000000e+00 1.000000000000000000e+00 1.000000000000000000e+00 1.000000000000000000e+00
0.000000000000000000e+00 0.000000000000000000e+00 0.000000000000000000e+00 0.000000000000000000e+00 0.000000000000000000e+00 0.000000000000000000e+00 0.000000000000000000e+00 0.000000000000000000e+00 0.000000000000000000e+00 0.000000000000000000e+00 0.000000000000000000e+00 0.000000000000000000e+00 0.000000000000000000e+00 0.000000000000000000e+00 0.000000000000000000e+00 0.000000000000000000e+00 0.000000000000000000e+00 0.000000000000000000e+00 0.000000000000000000e+00 0.000000000000000000e+00 0.000000000000000000e+00 0.000000000000000000e+00 0.000000000000000000e+00 0.000000000000000000e+00 0.000000000000000000e+00 0.000000000000000000e+00 0.000000000000000000e+00 0.000000000000000000e+00 0.000000000000000000e+00 0.000000000000000000e+00 0.000000000000000000e+00 0.000000000000000000e+00 0.000000000000000000e+00 0.000000000000000000e+00 0.000000000000000000e+00 3.309939476059274167e-308 1.566374153268902816e-259 4.562334800632712730e-215 8.192912501031262929e-175 9.091842732150993615e-139 6.254994450216976786e-107 2.680389301785200727e-79 7.205872934172632741e-56 1.229813508231499611e-36 1.361559187275566734e-21 1.023692548066295818e-10 5.921425128800869618e-04 4.492594660623348557e-01 9.985939899684446175e-01 9.999999994784734003e-01 1.000000000000000000e+00 1.000000000000000000e+00 1.000000000000000000e+00 1.000000000000000000e+00 1.000000000000000000e+00 1.000000000000000000e+00 1.000000000000000000e+00 1.000000000000000000e+00 1.000000000000000000e+00 1.000000000000000000e+00 1.000000000000000000e+00 1.000000000000000000e+00 1.000000000000000000e+00 1.000000000000000000e+00 1.000000000000000000e+00 1.000000000000000000e+00 1.000000000000000000e+00 1.000000000000000000e+00 1.000000000000000000e+00 1.000000000000000000e+00 1.000000000000000000e+00 1.000000000000000000e+00 1.000000000000000000e+00 1.000000000000000000e+00 1.000000000000000000e+00 1.000000000000000000e+00 1.000000000000000000e+00 1.000000000000000000e+00 1.000000000000000000e+00 1.000000000000000000e+00 1.000000000000000000e+00 1.000000000000000000e+00 1.000000000000000000e+00 1.000000000000000000e+00 1.000000000000000000e+00 1.000000000000000000e+00 1.000000000000000000e+00 1.000000000000000000e+00 1.000000000000000000e+00 1.000000000000000000e+00 1.000000000000000000e+00 1.000000000000000000e+00 1.000000000000000000e+00 1.000000000000000000e+00 1.000000000000000000e+00 1.000000000000000000e+00 1.000000000000000000e+00 1.000000000000000000e+00 1.000000000000000000e+00 1.000000000000000000e+00
0.000000000000000000e+00 0.000000000000000000e+00 0.000000000000000000e+00 0.000000000000000000e+00 0.000000000000000000e+00 0.000000000000000000e+00 0.000000000000000000e+00 0.000000000000000000e+00 0.000000000000000000e+00 0.000000000000000000e+00 0.000000000000000000e+00 0.000000000000000000e+00 0.000000000000000000e+00 0.000000000000000000e+00 0.000000000000000000e+00 0.000000000000000000e+00 0.000000000000000000e+00 0.000000000000000000e+00 0.000000000000000000e+00 0.000000000000000000e+00 0.000000000000000000e+00 0.000000000000000000e+00 0.000000000000000000e+00 0.000000000000000000e+00 0.000000000000000000e+00 0.000000000000000000e+00 0.000000000000000000e+00 0.000000000000000000e+00 0.000000000000000000e+00 0.000000000000000000e+00 0.000000000000000000e+00 0.000000000000000000e+00 0.000000000000000000e+00 3.961891978735119746e-294 1.486964509117807456e-253 5.180722929034977922e-216 1.677379855691813748e-181 5.053770009588756527e-150 1.419457446466190085e-121 3.725710694007373649e-96 9.169766065853386596e-74 2.126866985342504209e-54 4.685048440900795283e-38 9.928324552263671495e-25 2.072862668334804712e-14 4.488741506360362871e-07 1.162489937392215296e-02 6.458768282771603086e-01 9.987266191907753221e-01 9.999999924861336931e-01 1.000000000000000000e+00 1.000000000000000000e+00 1.000000000000000000e+00 1.000000000000000000e+00 1.000000000000000000e+00 1.000000000000000000e+00 1.000000000000000000e+00 1.000000000000000000e+00 1.000000000000000000e+00 1.000000000000000000e+00 1.000000000000000000e+00 1.000000000000000000e+00 1.000000000000000000e+00 1.000000000000000000e+00 1.000000000000000000e+00 1.000000000000000000e+00 1.000000000000000000e+00 1.000000000000000000e+00 1.000000000000000000e+00 1.000000000000000000e+00 1.000000000000000000e+00 1.000000000000000000e+00 1.000000000000000000e+00 1.000000000000000000e+00 1.000000000000000000e+00 1.000000000000000000e+00 1.000000000000000000e+00 1.000000000000000000e+00 1.000000000000000000e+00 1.000000000000000000e+00 1.000000000000000000e+00 1.000000000000000000e+00 1.000000000000000000e+00 1.000000000000000000e+00 1.000000000000000000e+00 1.000000000000000000e+00 1.000000000000000000e+00 1.000000000000000000e+00 1.000000000000000000e+00 1.000000000000000000e+00 1.000000000000000000e+00 1.000000000000000000e+00 1.000000000000000000e+00 1.000000000000000000e+00 1.000000000000000000e+00 1.000000000000000000e+00 1.000000000000000000e+00 1.000000000000000000e+00 1.000000000000000000e+00 1.000000000000000000e+00
0.000000000000000000e+00 0.000000000000000000e+00 0.000000000000000000e+00 0.000000000000000000e+00 0.000000000000000000e+00 0.000000000000000000e+00 0.000000000000000000e+00 0.000000000000000000e+00 0.000000000000000000e+00 0.000000000000000000e+00 0.000000000000000000e+00 0.000000000000000000e+00 0.000000000000000000e+00 0.000000000000000000e+00 0.000000000000000000e+00 0.000000000000000000e+00 0.000000000000000000e+00 0.000000000000000000e+00 0.000000000000000000e+00 0.000000000000000000e+00 0.000000000000000000e+00 0.000000000000000000e+00 0.000000000000000000e+00 0.000000000000000000e+00 0.000000000000000000e+00 0.000000000000000000e+00 0.000000000000000000e+00 0.000000000000000000e+00 0.000000000000000000e+00 0.000000000000000000e+00 0.000000000000000000e+00 0.000000000000000000e+00 2.484297830638701188e-293 4.713608096022228548e-255 1.805461117878608368e-219 1.397288417469786605e-186 2.187391245353690216e-156 6.936313326757099278e-129 4.463879935242537551e-104 5.845135984803104312e-82 1.562972057825178736e-62 8.580411774969788001e-46 9.752162568925115030e-32 2.327391337587875883e-20 1.197777448518453924e-11 1.410117424321207041e-05 4.499895772558410584e-02 7.871871019812035630e-01 9.994969349461774177e-01 9.999999962852237356e-01 1.000000000000000000e+00 1.000000000000000000e+00 1.000000000000000000e+00 1.000000000000000000e+00 1.000000000000000000e+00 1.000000000000000000e+00 1.000000000000000000e+00 1.000000000000000000e+00 1.000000000000000000e+00 1.000000000000000000e+00 1.000000000000000000e+00 1.000000000000000000e+00 1.000000000000000000e+00 1.000000000000000000e+00 1.000000000000000000e+00 1.000000000000000000e+00 1.000000000000000000e+00 1.000000000000000000e+00 1.000000000000000000e+00 1.000000000000000000e+00 1.000000000000000000e+00 1.000000000000000000e+00 1.000000000000000000e+00 1.000000000000000000e+00 1.000000000000000000e+00 1.000000000000000000e+00 1.000000000000000000e+00 1.000000000000000000e+00 1.000000000000000000e+00 1.000000000000000000e+00 1.000000000000000000e+00 1.000000000000000000e+00 1.000000000000000000e+00 1.000000000000000000e+00 1.000000000000000000e+00 1.000000000000000000e+00 1.000000000000000000e+00 1.000000000000000000e+00 1.000000000000000000e+00 1.000000000000000000e+00 1.000000000000000000e+00 1.000000000000000000e+00 1.000000000000000000e+00 1.000000000000000000e+00 1.000000000000000000e+00 1.000000000000000000e+00 1.000000000000000000e+00 1.000000000000000000e+00 1.000000000000000000e+00 1.000000000000000000e+00
0.000000000000000000e+00 0.000000000000000000e+00 0.000000000000000000e+00 0.000000000000000000e+00 0.000000000000000000e+00 0.000000000000000000e+00 0.000000000000000000e+00 0.000000000000000000e+00 0.000000000000000000e+00 0.000000000000000000e+00 0.000000000000000000e+00 0.000000000000000000e+00 0.000000000000000000e+00 0.000000000000000000e+00 0.000000000000000000e+00 0.000000000000000000e+00 0.000000000000000000e+00 0.000000000000000000e+00 0.000000000000000000e+00 0.000000000000000000e+00 0.000000000000000000e+00 0.000000000000000000e+00 0.000000000000000000e+00 0.000000000000000000e+00 0.000000000000000000e+00 0.000000000000000000e+00 0.000000000000000000e+00 0.000000000000000000e+00 0.000000000000000000e+00 5.448663040647503266e-306 2.809692842924121950e-272 1.513867768076109367e-240 8.526851266344874953e-211 5.023629081438333435e-183 3.098060133857803691e-157 2.001699896865027435e-133 1.356577663812848555e-111 9.657725342335490694e-92 7.236863681546597972e-74 5.723336832510077707e-58 4.795601833896847463e-44 4.281679917365758257e-32 4.110293938585483257e-22 4.308087761222737329e-14 5.076151086301278381e-08 7.177840658351780862e-04 1.466686515925548495e-01 8.612041553203638733e-01 9.993642131631410574e-01 9.999999581333307574e-01 9.999999999999669154e-01 1.000000000000000000e+00 1.000000000000000000e+00 1.000000000000000000e+00 1.000000000000000000e+00 1.000000000000000000e+00 1.000000000000000000e+00 1.000000000000000000e+00 1.000000000000000000e+00 1.000000000000000000e+00 1.000000000000000000e+00 1.000000000000000000e+00 1.000000000000000000e+00 1.000000000000000000e+00 1.000000000000000000e+00 1.000000000000000000e+00 1.000000000000000000e+00 1.000000000000000000e+00 1.000000000000000000e+00 1.000000000000000000e+00 1.000000000000000000e+00 1.000000000000000000e+00 1.000000000000000000e+00 1.000000000000000000e+00 1.000000000000000000e+00 1.000000000000000000e+00 1.000000000000000000e+00 1.000000000000000000e+00 1.000000000000000000e+00 1.000000000000000000e+00 1.000000000000000000e+00 1.000000000000000000e+00 1.000000000000000000e+00 1.000000000000000000e+00 1.000000000000000000e+00 1.000000000000000000e+00 1.000000000000000000e+00 1.000000000000000000e+00 1.000000000000000000e+00 1.000000000000000000e+00 1.000000000000000000e+00 1.000000000000000000e+00 1.000000000000000000e+00 1.000000000000000000e+00 1.000000000000000000e+00 1.000000000000000000e+00 1.000000000000000000e+00 1.000000000000000000e+00 1.000000000000000000e+00 1.000000000000000000e+00
0.000000000000000000e+00 0.000000000000000000e+00 0.000000000000000000e+00 0.000000000000000000e+00 0.000000000000000000e+00 0.000000000000000000e+00 0.000000000000000000e+00 0.000000000000000000e+00 0.000000000000000000e+00 0.000000000000000000e+00 0.000000000000000000e+00 0.000000000000000000e+00 0.000000000000000000e+00 0.000000000000000000e+00 0.000000000000000000e+00 0.000000000000000000e+00 0.000000000000000000e+00 0.000000000000000000e+00 0.000000000000000000e+00 0.000000000000000000e+00 0.000000000000000000e+00 0.000000000000000000e+00 0.000000000000000000e+00 0.000000000000000000e+00 0.000000000000000000e+00 0.000000000000000000e+00 1.231141417781276291e-300 7.139750698879761145e-272 1.447936116065345859e-244 1.027161244247725396e-218 2.549798142349587908e-194 2.215824614127583012e-171 6.744489721221687723e-150 7.194766131433231480e-130 2.691973469688451002e-111 3.536128597615059101e-94 1.632751091093929552e-78 2.654233011172956835e-64 1.522336192230411863e-51 3.089650517718054283e-40 2.228223777048934900e-30 5.746362814716348654e-22 5.352656284245530637e-15 1.832393317032413887e-09 2.383945848672798051e-05 1.271552443290432065e-02 3.435256038078585705e-01 9.235081345283550069e-01 9.994449050617761898e-01 9.999998237178091554e-01 9.999999999978179677e-01 1.000000000000000000e+00 1.000000000000000000e+00 1.000000000000000000e+00 1.000000000000000000e+00 1.000000000000000000e+00 1.000000000000000000e+00 1.000000000000000000e+00 1.000000000000000000e+00 1.000000000000000000e+00 1.000000000000000000e+00 1.000000000000000000e+00 1.000000000000000000e+00 1.000000000000000000e+00 1.000000000000000000e+00 1.000000000000000000e+00 1.000000000000000000e+00 1.000000000000000000e+00 1.000000000000000000e+00 1.000000000000000000e+00 1.000000000000000000e+00 1.000000000000000000e+00 1.000000000000000000e+00 1.000000000000000000e+00 1.000000000000000000e+00 1.000000000000000000e+00 1.000000000000000000e+00 1.000000000000000000e+00 1.000000000000000000e+00 1.000000000000000000e+00 1.000000000000000000e+00 1.000000000000000000e+00 1.000000000000000000e+00 1.000000000000000000e+00 1.000000000000000000e+00 1.000000000000000000e+00 1.000000000000000000e+00 1.000000000000000000e+00 1.000000000000000000e+00 1.000000000000000000e+00 1.000000000000000000e+00 1.000000000000000000e+00 1.000000000000000000e+00 1.000000000000000000e+00 1.000000000000000000e+00 1.000000000000000000e+00 1.000000000000000000e+00 1.000000000000000000e+00 1.000000000000000000e+00 1.000000000000000000e+00
0.000000000000000000e+00 0.000000000000000000e+00 0.000000000000000000e+00 0.000000000000000000e+00 0.000000000000000000e+00 0.000000000000000000e+00 0.000000000000000000e+00 0.000000000000000000e+00 0.000000000000000000e+00 0.000000000000000000e+00 0.000000000000000000e+00 0.000000000000000000e+00 0.000000000000000000e+00 0.000000000000000000e+00 0.000000000000000000e+00 0.000000000000000000e+00 0.000000000000000000e+00 0.000000000000000000e+00 0.000000000000000000e+00 0.000000000000000000e+00 0.000000000000000000e+00 0.000000000000000000e+00 0.000000000000000000e+00 1.405621694873315110e-313 3.424694805373665000e-287 5.674902536636708576e-262 6.396818972955270454e-238 4.906117552640520092e-215 2.560914563814082122e-193 9.100599061183684811e-173 2.202527119236386942e-153 3.631933158409105384e-135 4.082696558321542435e-118 3.130588842479505365e-102 1.638765387965346148e-87 5.862038882466757944e-74 1.434731083024929949e-61 2.406571706692560607e-50 2.772640727031996802e-40 2.200803562119237502e-31 1.208829990194208936e-23 4.624977418034439643e-17 1.245648562198555298e-11 2.405270050118445766e-07 3.449523178400257153e-04 3.976663617253108768e-02 4.549196542092939222e-01 9.366093126133607782e-01 9.992301035056267988e-01 9.999992348465586156e-01 9.999999999431059550e-01 9.999999999999997780e-01 1.000000000000000000e+00 1.000000000000000000e+00 1.000000000000000000e+00 1.000000000000000000e+00 1.000000000000000000e+00 1.000000000000000000e+00 1.000000000000000000e+00 1.000000000000000000e+00 1.000000000000000000e+00 1.000000000000000000e+00 1.000000000000000000e+00 1.000000000000000000e+00 1.000000000000000000e+00 1.000000000000000000e+00 1.000000000000000000e+00 1.000000000000000000e+00 1.000000000000000000e+00 1.000000000000000000e+00 1.000000000000000000e+00 1.000000000000000000e+00 1.000000000000000000e+00 1.000000000000000000e+00 1.000000000000000000e+00 1.000000000000000000e+00 1.000000000000000000e+00 1.000000000000000000e+00 1.000000000000000000e+00 1.000000000000000000e+00 1.000000000000000000e+00 1.000000000000000000e+00 1.000000000000000000e+00 1.000000000000000000e+00 1.000000000000000000e+00 1.000000000000000000e+00 1.000000000000000000e+00 1.000000000000000000e+00 1.000000000000000000e+00 1.000000000000000000e+00 1.000000000000000000e+00 1.000000000000000000e+00 1.000000000000000000e+00 1.000000000000000000e+00 1.000000000000000000e+00 1.000000000000000000e+00 1.000000000000000000e+00 1.000000000000000000e+00 1.000000000000000000e+00 1.000000000000000000e+00
0.000000000000000000e+00 0.000000000000000000e+00 0.000000000000000000e+00 0.000000000000000000e+00 0.000000000000000000e+00 0.000000000000000000e+00 0.000000000000000000e+00 0.000000000000000000e+00 0.000000000000000000e+00 0.000000000000000000e+00 0.000000000000000000e+00 0.000000000000000000e+00 0.000000000000000000e+00 0.000000000000000000e+00 0.000000000000000000e+00 0.000000000000000000e+00 0.000000000000000000e+00 0.000000000000000000e+00 0.000000000000000000e+00 0.000000000000000000e+00 0.000000000000000000e+00 0.000000000000000000e+00 9.627987377399485991e-316 4.382985859225376089e-290 1.604970879174763257e-265 4.728283180119501417e-242 1.120900194392757040e-219 2.138744755200841609e-198 3.285468602186990316e-178 4.064620162238577364e-159 4.051257104152560625e-141 3.254626268342439112e-124 2.108570740937201442e-108 1.102394117987041804e-93 4.654801933982503769e-80 1.589009160120000871e-67 4.391199991334675211e-56 9.840553113453478258e-46 1.792425843615029348e-36 2.662225228643814205e-28 3.239261509970905123e-21 3.251621273117951368e-15 2.723561765571736544e-10 1.941787376606188165e-06 1.225259481475841645e-03 7.475661748717919719e-02 5.583864150133411863e-01 9.586306471814799446e-01 9.995549556374614397e-01 9.999995475734309025e-01 9.999999999596819178e-01 9.999999999999997780e-01 1.000000000000000000e+00 1.000000000000000000e+00 1.000000000000000000e+00 1.000000000000000000e+00 1.000000000000000000e+00 1.000000000000000000e+00 1.000000000000000000e+00 1.000000000000000000e+00 1.000000000000000000e+00 1.000000000000000000e+00 1.000000000000000000e+00 1.000000000000000000e+00 1.000000000000000000e+00 1.000000000000000000e+00 1.000000000000000000e+00 1.000000000000000000e+00 1.000000000000000000e+00 1.000000000000000000e+00 1.000000000000000000e+00 1.000000000000000000e+00 1.000000000000000000e+00 1.000000000000000000e+00 1.000000000000000000e+00 1.000000000000000000e+00 1.000000000000000000e+00 1.000000000000000000e+00 1.000000000000000000e+00 1.000000000000000000e+00 1.000000000000000000e+00 1.000000000000000000e+00 1.000000000000000000e+00 1.000000000000000000e+00 1.000000000000000000e+00 1.000000000000000000e+00 1.000000000000000000e+00 1.000000000000000000e+00 1.000000000000000000e+00 1.000000000000000000e+00 1.000000000000000000e+00 1.000000000000000000e+00 1.000000000000000000e+00 1.000000000000000000e+00 1.000000000000000000e+00 1.000000000000000000e+00 1.000000000000000000e+00 1.000000000000000000e+00 1.000000000000000000e+00 1.000000000000000000e+00
0.000000000000000000e+00 0.000000000000000000e+00 0.000000000000000000e+00 0.000000000000000000e+00 0.000000000000000000e+00 0.000000000000000000e+00 0.000000000000000000e+00 0.000000000000000000e+00 0.000000000000000000e+00 0.000000000000000000e+00 0.000000000000000000e+00 0.000000000000000000e+00 0.000000000000000000e+00 0.000000000000000000e+00 0.000000000000000000e+00 0.000000000000000000e+00 0.000000000000000000e+00 0.000000000000000000e+00 1.068908590022034193e-314 1.590311170676831088e-292 3.619544504225708658e-271 1.260387859415313613e-250 6.715635881679074200e-231 5.476005049762642894e-212 6.834451332014790534e-194 1.305827134181963250e-176 3.820328535582154833e-160 1.711802186303504504e-144 1.175076852349442380e-129 1.236180426439942240e-115 1.993745078349873272e-102 4.932099689189427570e-90 1.872461624204265691e-78 1.091721623631116636e-67 9.783628887297617055e-58 1.349103938719276767e-48 2.866490404766328730e-40 9.401719258487913456e-33 4.771836206465674380e-26 3.760773112818155992e-20 4.625365209735798387e-15 8.945165699950670837e-11 2.753891763190426971e-07 1.379120754498395899e-04 1.171675750959120556e-02 1.852394695763742161e-01 6.826559553623110510e-01 9.675433016135221997e-01 9.993513342578134173e-01 9.999977547598177807e-01 9.999999987232830456e-01 9.999999999998838707e-01 1.000000000000000000e+00 1.000000000000000000e+00 1.000000000000000000e+00 1.000000000000000000e+00 1.000000000000000000e+00 1.000000000000000000e+00 1.000000000000000000e+00 1.000000000000000000e+00 1.000000000000000000e+00 1.000000000000000000e+00 1.000000000000000000e+00 1.000000000000000000e+00 1.000000000000000000e+00 1.000000000000000000e+00 1.000000000000000000e+00 1.000000000000000000e+00 1.000000000000000000e+00 1.000000000000000000e+00 1.000000000000000000e+00 1.000000000000000000e+00 1.000000000000000000e+00 1.000000000000000000e+00 1.000000000000000000e+00 1.000000000000000000e+00 1.000000000000000000e+00 1.000000000000000000e+00 1.000000000000000000e+00 1.000000000000000000e+00 1.000000000000000000e+00 1.000000000000000000e+00 1.000000000000000000e+00 1.000000000000000000e+00 1.000000000000000000e+00 1.000000000000000000e+00 1.000000000000000000e+00 1.000000000000000000e+00 1.000000000000000000e+00 1.000000000000000000e+00 1.000000000000000000e+00 1.000000000000000000e+00 1.000000000000000000e+00 1.000000000000000000e+00 1.000000000000000000e+00 1.000000000000000000e+00 1.000000000000000000e+00 1.000000000000000000e+00 1.000000000000000000e+00 1.000000000000000000e+00
0.000000000000000000e+00 0.000000000000000000e+00 0.000000000000000000e+00 0.000000000000000000e+00 0.000000000000000000e+00 0.000000000000000000e+00 0.000000000000000000e+00 0.000000000000000000e+00 0.000000000000000000e+00 0.000000000000000000e+00 0.000000000000000000e+00 0.000000000000000000e+00 0.000000000000000000e+00 0.000000000000000000e+00 0.000000000000000000e+00 2.083501148055491131e-311 1.839942517731402126e-291 3.517418934221119708e-272 1.455756482729773854e-253 1.304480363007416317e-235 2.531129925647682317e-218 1.063576050749079783e-201 9.679548916265033005e-186 1.908255576602218123e-170 8.150488658054113053e-156 7.543576607238835297e-142 1.513248981292287451e-128 6.580975696426017954e-116 6.206432866223217021e-104 1.269733435347194602e-92 5.637359388101745384e-82 5.434251149615936040e-72 1.138036967432796913e-62 5.181247890188460578e-54 5.132837015154472488e-46 1.107671074570208379e-38 5.214583194658492198e-32 5.365472117111495546e-26 1.209738750727453083e-20 5.998332126164741687e-16 6.574955966790726169e-12 1.605980163103149787e-08 8.854943752074048485e-06 1.127338026851074180e-03 3.461231242502288419e-02 2.811448372898969206e-01 7.447512074119920777e-01 9.709915445158109337e-01 9.991350801558210870e-01 9.999938042711844499e-01 9.999999897714881847e-01 9.999999999961921571e-01 9.999999999999996669e-01 1.000000000000000000e+00 1.000000000000000000e+00 1.000000000000000000e+00 1.000000000000000000e+00 1.000000000000000000e+00 1.000000000000000000e+00 1.000000000000000000e+00 1.000000000000000000e+00 1.000000000000000000e+00 1.000000000000000000e+00 1.000000000000000000e+00 1.000000000000000000e+00 1.000000000000000000e+00 1.000000000000000000e+00 1.000000000000000000e+00 1.000000000000000000e+00 1.000000000000000000e+00 1.000000000000000000e+00 1.000000000000000000e+00 1.000000000000000000e+00 1.000000000000000000e+00 1.000000000000000000e+00 1.000000000000000000e+00 1.000000000000000000e+00 1.000000000000000000e+00 1.000000000000000000e+00 1.000000000000000000e+00 1.000000000000000000e+00 1.000000000000000000e+00 1.000000000000000000e+00 1.000000000000000000e+00 1.000000000000000000e+00 1.000000000000000000e+00 1.000000000000000000e+00 1.000000000000000000e+00 1.000000000000000000e+00 1.000000000000000000e+00 1.000000000000000000e+00 1.000000000000000000e+00 1.000000000000000000e+00 1.000000000000000000e+00 1.000000000000000000e+00 1.000000000000000000e+00 1.000000000000000000e+00 1.000000000000000000e+00 1.000000000000000000e+00 1.000000000000000000e+00
0.000000000000000000e+00 0.000000000000000000e+00 0.000000000000000000e+00 0.000000000000000000e+00 0.000000000000000000e+00 0.000000000000000000e+00 0.000000000000000000e+00 0.000000000000000000e+00 0.000000000000000000e+00 0.000000000000000000e+00 0.000000000000000000e+00 3.284046082475068930e-312 2.132885709966387385e-294 4.119251985240913558e-277 2.365843760800598323e-260 4.041080976867639727e-244 2.052969002796490849e-228 3.102224281275150553e-213 1.394460018166009231e-198 1.864752249016125892e-184 7.419304016002427625e-171 8.783796683658997353e-158 3.094816107451116874e-145 3.245522480492688007e-133 1.013220582057936885e-121 9.418369454442975193e-111 2.607323264017148402e-100 2.150163725035012568e-90 5.283649263003504196e-81 3.870196645063433377e-72 8.453713715650705087e-64 5.509240855411708713e-56 1.071828531438137609e-48 6.229695210486000622e-42 1.082711965737504469e-35 5.633340853935853736e-30 8.787684731850799538e-25 4.118075556756497240e-20 5.812812743472003624e-16 2.480706583193650362e-12 3.218290205901517723e-09 1.279792179815112845e-06 1.581022076629285181e-04 6.210119455357864318e-03 8.101170657435113887e-02 3.833771209509697631e-01 7.896052601638341439e-01 9.717220781847359934e-01 9.986868781189373045e-01 9.999802237907986502e-01 9.999999064683717798e-01 9.999999998635408227e-01 9.999999999999391598e-01 1.000000000000000000e+00 1.000000000000000000e+00 1.000000000000000000e+00 1.000000000000000000e+00 1.000000000000000000e+00 1.000000000000000000e+00 1.000000000000000000e+00 1.000000000000000000e+00 1.000000000000000000e+00 1.000000000000000000e+00 1.000000000000000000e+00 1.000000000000000000e+00 1.000000000000000000e+00 1.000000000000000000e+00 1.000000000000000000e+00 1.000000000000000000e+00 1.000000000000000000e+00 1.000000000000000000e+00 1.000000000000000000e+00 1.000000000000000000e+00 1.000000000000000000e+00 1.000000000000000000e+00 1.000000000000000000e+00 1.000000000000000000e+00 1.000000000000000000e+00 1.000000000000000000e+00 1.000000000000000000e+00 1.000000000000000000e+00 1.000000000000000000e+00 1.000000000000000000e+00 1.000000000000000000e+00 1.000000000000000000e+00 1.000000000000000000e+00 1.000000000000000000e+00 1.000000000000000000e+00 1.000000000000000000e+00 1.000000000000000000e+00 1.000000000000000000e+00 1.000000000000000000e+00 1.000000000000000000e+00 1.000000000000000000e+00 1.000000000000000000e+00 1.000000000000000000e+00 1.000000000000000000e+00 1.000000000000000000e+00 1.000000000000000000e+00 1.000000000000000000e+00
0.000000000000000000e+00 0.000000000000000000e+00 0.000000000000000000e+00 0.000000000000000000e+00 0.000000000000000000e+00 0.000000000000000000e+00 0.000000000000000000e+00 0.000000000000000000e+00 2.309409880384551953e-314 1.118413699102287409e-297 1.886700692733709208e-281 1.108720495177240650e-265 2.269764924367257194e-250 1.618834966627370707e-235 4.022652488158262871e-221 3.482880197058964630e-207 1.050778779638904291e-193 1.104751652774142145e-180 4.047959732909671378e-168 5.169727393130858485e-156 2.301472033874252785e-144 3.571928065131730203e-133 1.932936675695170777e-122 3.647684334424059821e-112 2.400919410836592182e-102 5.512970361667035062e-93 4.417145828122428888e-84 1.235270692692928483e-75 1.206098630736872929e-67 4.113050789143491721e-60 4.901134072654890248e-53 2.041783255798643748e-46 2.975652083428966139e-40 1.518301218788167663e-34 2.714983982288365845e-29 1.703562268918815666e-24 3.757006262693939537e-20 2.918539734856235463e-16 8.009832299713123954e-13 7.799100841277749720e-10 2.710932259199721983e-07 3.396216741602811411e-05 1.557605442551174193e-03 2.687613899306815282e-02 1.836558402091085507e-01 5.500496058075018402e-01 8.755640519771975550e-01 9.853861203307319183e-01 9.993310135929645011e-01 9.999885731812239165e-01 9.999999288763887773e-01 9.999999998408874990e-01 9.999999999998732125e-01 1.000000000000000000e+00 1.000000000000000000e+00 1.000000000000000000e+00 1.000000000000000000e+00 1.000000000000000000e+00 1.000000000000000000e+00 1.000000000000000000e+00 1.000000000000000000e+00 1.000000000000000000e+00 1.000000000000000000e+00 1.000000000000000000e+00 1.000000000000000000e+00 1.000000000000000000e+00 1.000000000000000000e+00 1.000000000000000000e+00 1.000000000000000000e+00 1.000000000000000000e+00 1.000000000000000000e+00 1.000000000000000000e+00 1.000000000000000000e+00 1.000000000000000000e+00 1.000000000000000000e+00 1.000000000000000000e+00 1.000000000000000000e+00 1.000000000000000000e+00 1.000000000000000000e+00 1.000000000000000000e+00 1.000000000000000000e+00 1.000000000000000000e+00 1.000000000000000000e+00 1.000000000000000000e+00 1.000000000000000000e+00 1.000000000000000000e+00 1.000000000000000000e+00 1.000000000000000000e+00 1.000000000000000000e+00 1.000000000000000000e+00 1.000000000000000000e+00 1.000000000000000000e+00 1.000000000000000000e+00 1.000000000000000000e+00 1.000000000000000000e+00 1.000000000000000000e+00 1.000000000000000000e+00 1.000000000000000000e+00 1.000000000000000000e+00 1.000000000000000000e+00
0.000000000000000000e+00 0.000000000000000000e+00 1.976262583364986177e-323 1.453272954933350419e-308 5.127965732534126608e-294 8.014699723618983284e-280 5.548645793497628148e-266 1.701605130412401821e-252 2.311629369528348251e-239 1.391176189105770697e-226 3.709103041985985419e-214 4.381253754000256989e-202 2.292938305758934687e-190 5.317096044806609072e-179 5.463498180325564891e-168 2.487767660420134443e-157 5.020223147408976102e-147 4.489988314420688987e-137 1.779979456647530385e-127 3.128061977452545037e-118 2.437105613194873545e-109 8.419105506321170771e-101 1.289766274323301156e-92 8.763518921463255707e-85 2.641478642424842947e-77 3.532700787115224205e-70 2.096822841560572141e-63 5.525003015926295379e-57 6.464881524587134806e-51 3.360568902889233192e-45 7.764046962133652108e-40 7.976754447391748107e-35 3.646859537895510203e-30 7.425527056997676939e-26 6.740673390703860937e-22 2.731644537785898880e-18 4.950411673018296608e-15 4.021200939673816116e-12 1.468717538790083613e-09 2.422851550107976403e-07 1.817051036897061363e-05 6.257899375851653980e-04 1.005943264464960463e-02 7.760165037778550545e-02 3.019999525235315119e-01 6.495390317959159887e-01 9.009196632034099927e-01 9.857212971120306033e-01 9.990068602500290496e-01 9.999676541712552158e-01 9.999995152809975085e-01 9.999999966936556905e-01 9.999999999898054881e-01 9.999999999999857891e-01 1.000000000000000000e+00 1.000000000000000000e+00 1.000000000000000000e+00 1.000000000000000000e+00 1.000000000000000000e+00 1.000000000000000000e+00 1.000000000000000000e+00 1.000000000000000000e+00 1.000000000000000000e+00 1.000000000000000000e+00 1.000000000000000000e+00 1.000000000000000000e+00 1.000000000000000000e+00 1.000000000000000000e+00 1.000000000000000000e+00 1.000000000000000000e+00 1.000000000000000000e+00 1.000000000000000000e+00 1.000000000000000000e+00 1.000000000000000000e+00 1.000000000000000000e+00 1.000000000000000000e+00 1.000000000000000000e+00 1.000000000000000000e+00 1.000000000000000000e+00 1.000000000000000000e+00 1.000000000000000000e+00 1.000000000000000000e+00 1.000000000000000000e+00 1.000000000000000000e+00 1.000000000000000000e+00 1.000000000000000000e+00 1.000000000000000000e+00 1.000000000000000000e+00 1.000000000000000000e+00 1.000000000000000000e+00 1.000000000000000000e+00 1.000000000000000000e+00 1.000000000000000000e+00 1.000000000000000000e+00 1.000000000000000000e+00 1.000000000000000000e+00 1.000000000000000000e+00 1.000000000000000000e+00 1.000000000000000000e+00 1.000000000000000000e+00
0.000000000000000000e+00 0.000000000000000000e+00 3.952525166729972353e-323 4.686601960453855489e-308 2.345865989011053285e-293 5.104624841502437698e-279 4.828962870522339968e-265 1.986041482845046506e-251 3.551267668846565299e-238 2.760938492627643501e-225 9.333131661009929047e-213 1.371880200232851127e-200 8.768914130802198507e-189 2.437480309976338133e-177 2.946655304157177324e-166 1.549317633538050587e-155 3.543297389051658738e-145 3.525067368738219006e-135 1.525670219160128565e-125 2.872981432462128940e-116 2.354153720287836991e-107 8.395063681384705143e-99 1.303062282197736647e-90 8.805054147329673216e-83 2.590650177184873912e-75 3.319649517646974603e-68 1.853081483295181872e-61 4.507610195074328165e-55 4.779708832116839524e-49 2.210253622000930887e-43 4.459506713460687803e-38 3.928260421256388345e-33 1.511844904628596219e-28 2.544555707948027422e-24 1.875105990027024329e-20 6.059097897010652591e-17 8.602539305737135771e-14 5.380900062525835842e-11 1.488419603143966841e-08 1.830592798105176102e-06 1.009233317999238492e-04 2.526431007794210145e-03 2.933924462286735188e-02 1.641497514361601184e-01 4.742880101157794792e-01 8.019354228301108778e-01 9.609319176521268213e-01 9.962596806131066574e-01 9.998331985404558253e-01 9.999966143511658245e-01 9.999999691500260912e-01 9.999999998748942964e-01 9.999999999997755129e-01 9.999999999999997780e-01 1.000000000000000000e+00 1.000000000000000000e+00 1.000000000000000000e+00 1.000000000000000000e+00 1.000000000000000000e+00 1.000000000000000000e+00 1.000000000000000000e+00 1.000000000000000000e+00 1.000000000000000000e+00 1.000000000000000000e+00 1.000000000000000000e+00 1.000000000000000000e+00 1.000000000000000000e+00 1.000000000000000000e+00 1.000000000000000000e+00 1.000000000000000000e+00 1.000000000000000000e+00 1.000000000000000000e+00 1.000000000000000000e+00 1.000000000000000000e+00 1.000000000000000000e+00 1.000000000000000000e+00 1.000000000000000000e+00 1.000000000000000000e+00 1.000000000000000000e+00 1.000000000000000000e+00 1.000000000000000000e+00 1.000000000000000000e+00 1.000000000000000000e+00 1.000000000000000000e+00 1.000000000000000000e+00 1.000000000000000000e+00 1.000000000000000000e+00 1.000000000000000000e+00 1.000000000000000000e+00 1.000000000000000000e+00 1.000000000000000000e+00 1.000000000000000000e+00 1.000000000000000000e+00 1.000000000000000000e+00 1.000000000000000000e+00 1.000000000000000000e+00 1.000000000000000000e+00 1.000000000000000000e+00 1.000000000000000000e+00 1.000000000000000000e+00
4.979286797924716738e-192 1.910905368182530210e-183 4.645057458486491801e-175 7.152111654876900077e-167 6.975591247609303811e-159 4.309674713416287350e-151 1.686704094643632457e-143 4.181957268515467452e-136 6.568756558720561897e-129 6.536836541343670485e-122 4.121473586652451342e-115 1.646490205906698541e-108 4.167837421803927067e-102 6.685483599682295876e-96 6.795998338839780660e-90 4.378272977200147472e-84 1.787785901623693652e-78 4.627313422043817435e-73 7.592501900349193423e-68 7.898237657861334236e-63 5.209753003030050965e-58 2.179237936853389512e-53 5.781751254313241816e-49 9.730993143410673650e-45 1.039165121227277601e-40 7.042732704345399021e-37 3.029998524257497733e-33 8.277947151900877912e-30 1.436613387949030155e-26 1.584460801526427920e-23 1.111147194626408338e-20 4.957712915151045503e-18 1.408454473128831816e-15 2.550161908287222358e-13 2.946285616132492667e-11 2.175346181179877896e-09 1.028479498543282791e-07 3.122006033878829397e-06 6.106955567731360524e-05 7.737345540499303807e-04 6.396689738729808769e-03 3.489212978733488568e-02 1.277383908359020492e-01 3.224043908342324460e-01 5.851847561911113216e-01 8.136257510473372534e-01 9.415008505093485081e-01 9.875728400703576160e-01 9.982488363616919269e-01 9.998384149950121369e-01 9.999903198511430613e-01 9.999996256868324274e-01 9.999999906958689788e-01 9.999999998517783428e-01 9.999999999984899857e-01 9.999999999999902300e-01 1.000000000000000000e+00 1.000000000000000000e+00 1.000000000000000000e+00 1.000000000000000000e+00 1.000000000000000000e+00 1.000000000000000000e+00 1.000000000000000000e+00 1.000000000000000000e+00 1.000000000000000000e+00 1.000000000000000000e+00 1.000000000000000000e+00 1.000000000000000000e+00 1.000000000000000000e+00 1.000000000000000000e+00 1.000000000000000000e+00 1.000000000000000000e+00 1.000000000000000000e+00 1.000000000000000000e+00 1.000000000000000000e+00 1.000000000000000000e+00 1.000000000000000000e+00 1.000000000000000000e+00 1.000000000000000000e+00 1.000000000000000000e+00 1.000000000000000000e+00 1.000000000000000000e+00 1.000000000000000000e+00 1.000000000000000000e+00 1.000000000000000000e+00 1.000000000000000000e+00 1.000000000000000000e+00 1.000000000000000000e+00 1.000000000000000000e+00 1.000000000000000000e+00 1.000000000000000000e+00 1.000000000000000000e+00 1.000000000000000000e+00 1.000000000000000000e+00 1.000000000000000000e+00 1.000000000000000000e+00 1.000000000000000000e+00 1.000000000000000000e+00 1.000000000000000000e+00 1.000000000000000000e+00
2.307624634432803311e-156 2.778636538322274557e-149 2.282377408608566962e-142 1.278922604130261350e-135 4.888943203260153650e-129 1.275009652717120560e-122 2.268582739243461013e-116 2.753940608485623710e-110 2.281028862180776061e-104 1.289146331333572327e-98 4.971523662435660192e-93 1.308323562343086443e-87 2.349653250168254477e-82 2.879932595474845515e-77 2.409242195851898081e-72 1.375722670906950395e-67 5.362530899226905036e-63 1.427044028715145901e-58 2.592855721820298865e-54 3.216938939798566842e-50 2.725756303473264539e-46 1.577518483371652084e-42 6.237019549642479392e-39 1.684911327962066736e-35 3.110773607410509069e-32 3.926085592365746900e-29 3.388264254687609358e-26 2.000177703085678026e-23 8.079935659045271800e-21 2.234614772194229246e-18 4.233526777102503417e-16 5.498068241354640763e-14 4.898909517237958773e-12 2.998030306261130057e-10 1.261857139535236767e-08 3.659171896371568219e-07 7.327464945283142720e-06 1.016401724214937181e-04 9.807610376052209363e-04 6.622928801135025655e-03 3.157156102097351952e-02 1.076218486296708632e-01 2.675079281185013813e-01 4.994175093836674684e-01 7.315301462007327560e-01 8.918366378679192241e-01 9.682206022775556864e-01 9.933226860435926397e-01 9.990095364616472517e-01 9.998971796912559107e-01 9.999925746704040330e-01 9.999996285497589898e-01 9.999999871681493069e-01 9.999999996945918568e-01 9.999999999950006657e-01 9.999999999999438227e-01 9.999999999999995559e-01 1.000000000000000000e+00 1.000000000000000000e+00 1.000000000000000000e+00 1.000000000000000000e+00 1.000000000000000000e+00 1.000000000000000000e+00 1.000000000000000000e+00 1.000000000000000000e+00 1.000000000000000000e+00 1.000000000000000000e+00 1.000000000000000000e+00 1.000000000000000000e+00 1.000000000000000000e+00 1.000000000000000000e+00 1.000000000000000000e+00 1.000000000000000000e+00 1.000000000000000000e+00 1.000000000000000000e+00 1.000000000000000000e+00 1.000000000000000000e+00 1.000000000000000000e+00 1.000000000000000000e+00 1.000000000000000000e+00 1.000000000000000000e+00 1.000000000000000000e+00 1.000000000000000000e+00 1.000000000000000000e+00 1.000000000000000000e+00 1.000000000000000000e+00 1.000000000000000000e+00 1.000000000000000000e+00 1.000000000000000000e+00 1.000000000000000000e+00 1.000000000000000000e+00 1.000000000000000000e+00 1.000000000000000000e+00 1.000000000000000000e+00 1.000000000000000000e+00 1.000000000000000000e+00 1.000000000000000000e+00 1.000000000000000000e+00 1.000000000000000000e+00 1.000000000000000000e+00
1.431914125097494456e-99 5.033655590038821461e-95 1.379246974187433230e-90 2.945811990771056457e-86 4.904399280514003333e-82 6.365006143640806061e-78 6.439610489866285155e-74 5.079078918076842935e-70 3.123152220155262645e-66 1.497283327230925658e-62 5.596790487875885908e-59 1.631255129851282391e-55 3.707475496337517538e-52 6.571076675191585609e-49 9.082967469366802640e-46 9.792336459222320038e-43 8.234747734433581898e-40 5.402091936891333400e-37 2.764830547328007460e-34 1.104136516484615230e-31 3.440995807283889872e-29 8.369889855699663815e-27 1.589299539342993898e-24 2.356292103027747171e-22 2.728284346202772167e-20 2.467757518713386533e-18 1.744221429208272334e-16 9.637044301654456793e-15 4.164034090677001527e-13 1.407774851688221408e-11 3.726193438683862953e-10 7.727381104375771570e-09 1.256691819521500073e-07 1.604521826703200854e-06 1.610651303138516390e-05 1.273467447578939429e-04 7.949376842464329603e-04 3.930037328761352283e-03 1.545279215439225584e-02 4.860321146546922599e-02 1.232658882237453041e-01 2.549226032848083134e-01 4.366993578903906048e-01 6.332196758332895303e-01 7.995818999317414466e-01 9.098553130486328744e-01 9.670865383442277530e-01 9.903409809106273887e-01 9.977377532238695945e-01 9.995793063761378994e-01 9.999381169155781013e-01 9.999928198793963663e-01 9.999993442900969587e-01 9.999999529467731296e-01 9.999999973502996520e-01 9.999999998830282344e-01 9.999999999959554575e-01 9.999999999998905320e-01 9.999999999999976685e-01 1.000000000000000000e+00 1.000000000000000000e+00 1.000000000000000000e+00 1.000000000000000000e+00 1.000000000000000000e+00 1.000000000000000000e+00 1.000000000000000000e+00 1.000000000000000000e+00 1.000000000000000000e+00 1.000000000000000000e+00 1.000000000000000000e+00 1.000000000000000000e+00 1.000000000000000000e+00 1.000000000000000000e+00 1.000000000000000000e+00 1.000000000000000000e+00 1.000000000000000000e+00 1.000000000000000000e+00 1.000000000000000000e+00 1.000000000000000000e+00 1.000000000000000000e+00 1.000000000000000000e+00 1.000000000000000000e+00 1.000000000000000000e+00 1.000000000000000000e+00 1.000000000000000000e+00 1.000000000000000000e+00 1.000000000000000000e+00 1.000000000000000000e+00 1.000000000000000000e+00 1.000000000000000000e+00 1.000000000000000000e+00 1.000000000000000000e+00 1.000000000000000000e+00 1.000000000000000000e+00 1.000000000000000000e+00 1.000000000000000000e+00 1.000000000000000000e+00 1.000000000000000000e+00 1.000000000000000000e+00 1.000000000000000000e+00
1.500396351971694387e-88 1.945954044349884407e-84 2.005472178314576545e-80 1.642371343984223287e-76 1.068835632847805064e-72 5.527778758956549780e-69 2.271993619412769758e-65 7.421611788612060764e-62 1.926830523496229052e-58 3.976162888156650550e-55 6.522037924789861438e-52 8.504059275909966245e-49 8.814969069214918178e-46 7.264360321946980775e-43 4.759810826593153796e-40 2.479904646395103947e-37 1.027482892356298538e-34 3.385747946792405901e-32 8.874146619424507367e-30 1.850326741167418356e-27 3.069625692088489333e-25 4.052393730383037082e-23 4.258056662055846738e-21 3.561898086282099569e-19 2.372647405798786286e-17 1.258913285522302221e-15 5.322556758370017777e-14 1.793842739506065985e-12 4.821686170897890051e-11 1.034228844165093085e-09 1.771507761663601335e-08 2.425223752672284821e-07 2.656471530706943182e-06 2.331215405914853535e-05 1.641797577217499562e-04 9.299639534538175394e-04 4.248793508160780656e-03 1.571715243383046967e-02 4.731836216904445475e-02 1.167621442069349258e-01 2.384712979658163423e-01 4.086077767160519736e-01 5.983091967425554492e-01 7.670217738018655362e-01 8.867021406945382322e-01 9.544166842278773988e-01 9.849729407666732994e-01 9.959691799265415479e-01 9.991247122751394372e-01 9.998467118677025756e-01 9.999784108488347645e-01 9.999975599888809574e-01 9.999997790734654890e-01 9.999999839959653469e-01 9.999999990734302902e-01 9.999999999571625997e-01 9.999999999984195975e-01 9.999999999999534817e-01 9.999999999999988898e-01 1.000000000000000000e+00 1.000000000000000000e+00 1.000000000000000000e+00 1.000000000000000000e+00 1.000000000000000000e+00 1.000000000000000000e+00 1.000000000000000000e+00 1.000000000000000000e+00 1.000000000000000000e+00 1.000000000000000000e+00 1.000000000000000000e+00 1.000000000000000000e+00 1.000000000000000000e+00 1.000000000000000000e+00 1.000000000000000000e+00 1.000000000000000000e+00 1.000000000000000000e+00 1.000000000000000000e+00 1.000000000000000000e+00 1.000000000000000000e+00 1.000000000000000000e+00 1.000000000000000000e+00 1.000000000000000000e+00 1.000000000000000000e+00 1.000000000000000000e+00 1.000000000000000000e+00 1.000000000000000000e+00 1.000000000000000000e+00 1.000000000000000000e+00 1.000000000000000000e+00 1.000000000000000000e+00 1.000000000000000000e+00 1.000000000000000000e+00 1.000000000000000000e+00 1.000000000000000000e+00 1.000000000000000000e+00 1.000000000000000000e+00 1.000000000000000000e+00 1.000000000000000000e+00 1.000000000000000000e+00 1.000000000000000000e+00
4.277520294195008358e-72 1.063168936413087457e-68 2.178025000770020767e-65 3.677796631177697692e-62 5.119078696622581583e-59 5.873423678450055057e-56 5.555252486058623771e-53 4.331598885802261533e-50 2.784487625432337803e-47 1.475766019884489680e-44 6.448957102750206795e-42 2.323743551485511566e-39 6.904675097987939673e-37 1.691948963889136983e-34 3.419450151632018436e-32 5.700202212145449330e-30 7.838512751872290314e-28 8.892751067894899917e-26 8.324407015735499187e-24 6.430545682265076822e-22 4.100063139485661647e-20 2.158052312748365976e-18 9.378946785471981219e-17 3.366452715032957040e-15 9.982502750064076152e-14 2.446227941228980475e-12 4.955773686197896329e-11 8.303853202927411842e-10 1.151424850440231763e-08 1.322088479179172605e-07 1.258043555346294160e-06 9.930234869765508973e-06 6.509851246243833522e-05 3.549620787038149572e-04 1.612950403866771120e-03 6.122891848278654882e-03 1.947980128633588701e-02 5.216173978786826232e-02 1.182308457874805402e-01 2.285867609367484288e-01 3.808912003224845799e-01 5.545743400931021361e-01 7.182312550940767037e-01 8.456522808537815239e-01 9.276253751238353606e-01 9.711979924178446577e-01 9.903340282612445034e-01 9.972773268060068919e-01 9.993586077372902388e-01 9.998739768336672995e-01 9.999793906180007852e-01 9.999971993739955600e-01 9.999996841679603676e-01 9.999999704732954742e-01 9.999999977135407558e-01 9.999999998534454537e-01 9.999999999922291050e-01 9.999999999996592726e-01 9.999999999999876765e-01 9.999999999999995559e-01 1.000000000000000000e+00 1.000000000000000000e+00 1.000000000000000000e+00 1.000000000000000000e+00 1.000000000000000000e+00 1.000000000000000000e+00 1.000000000000000000e+00 1.000000000000000000e+00 1.000000000000000000e+00 1.000000000000000000e+00 1.000000000000000000e+00 1.000000000000000000e+00 1.000000000000000000e+00 1.000000000000000000e+00 1.000000000000000000e+00 1.000000000000000000e+00 1.000000000000000000e+00 1.000000000000000000e+00 1.000000000000000000e+00 1.000000000000000000e+00 1.000000000000000000e+00 1.000000000000000000e+00 1.000000000000000000e+00 1.000000000000000000e+00 1.000000000000000000e+00 1.000000000000000000e+00 1.000000000000000000e+00 1.000000000000000000e+00 1.000000000000000000e+00 1.000000000000000000e+00 1.000000000000000000e+00 1.000000000000000000e+00 1.000000000000000000e+00 1.000000000000000000e+00 1.000000000000000000e+00 1.000000000000000000e+00 1.000000000000000000e+00 1.000000000000000000e+00 1.000000000000000000e+00 1.000000000000000000e+00
8.675426540875795514e-44 1.122442679174346090e-41 1.281729344331121571e-39 1.291822120879281658e-37 1.149211591273848410e-35 9.024147919576350512e-34 6.255195817231877825e-32 3.827589815598254370e-30 2.067677679552974657e-28 9.861400448036632678e-27 4.152602939568931532e-25 1.544040729239161642e-23 5.069757574043635425e-22 1.470086201960750914e-20 3.765014533269440756e-19 8.517348746733366101e-18 1.702186243672637734e-16 3.005603333639416847e-15 4.689670832494931358e-14 6.467130564959137937e-13 7.883547118974020967e-12 8.497010873974533674e-11 8.099393610633631557e-10 6.829742801132222174e-09 5.096418104707319471e-08 3.366679516309747891e-07 1.969748557789001263e-06 1.021231387651777216e-05 4.694813358586160919e-05 1.915249317698231274e-04 6.939802521028805293e-04 2.236014970359299133e-03 6.415242008517772244e-03 1.641776304474687823e-02 3.755949425427940191e-02 7.702287619158909582e-02 1.420770339183737019e-01 2.367849588969710428e-01 3.585522779521283510e-01 4.968165953827347048e-01 6.354683396632352377e-01 7.582621383825385308e-01 8.543044354873570168e-01 9.206454184006219732e-01 9.611152976166177364e-01 9.829179381324051334e-01 9.932910526433791354e-01 9.976494524066932268e-01 9.992666270669138262e-01 9.997965249871653137e-01 9.999498544798629540e-01 9.999890331354406303e-01 9.999978731968393042e-01 9.999996344995748521e-01 9.999999443672678012e-01 9.999999925035252257e-01 9.999999991060779525e-01 9.999999999056995437e-01 9.999999999912021487e-01 9.999999999992742472e-01 9.999999999999471534e-01 9.999999999999966693e-01 9.999999999999997780e-01 1.000000000000000000e+00 1.000000000000000000e+00 1.000000000000000000e+00 1.000000000000000000e+00 1.000000000000000000e+00 1.000000000000000000e+00 1.000000000000000000e+00 1.000000000000000000e+00 1.000000000000000000e+00 1.000000000000000000e+00 1.000000000000000000e+00 1.000000000000000000e+00 1.000000000000000000e+00 1.000000000000000000e+00 1.000000000000000000e+00 1.000000000000000000e+00 1.000000000000000000e+00 1.000000000000000000e+00 1.000000000000000000e+00 1.000000000000000000e+00 1.000000000000000000e+00 1.000000000000000000e+00 1.000000000000000000e+00 1.000000000000000000e+00 1.000000000000000000e+00 1.000000000000000000e+00 1.000000000000000000e+00 1.000000000000000000e+00 1.000000000000000000e+00 1.000000000000000000e+00 1.000000000000000000e+00 1.000000000000000000e+00 1.000000000000000000e+00 1.000000000000000000e+00 1.000000000000000000e+00 1.000000000000000000e+00 1.000000000000000000e+00
1.109832210421087215e-35 6.342599856013272087e-34 3.257061944045163938e-32 1.502969486632720433e-30 6.232436386789883945e-29 2.322569564962681605e-27 7.778648431359117936e-26 2.341463299691983999e-24 6.334958467599073537e-23 1.540640144247036112e-21 3.368140528070966665e-20 6.619792275955604115e-19 1.169770839336702315e-17 1.858662681055386607e-16 2.655763364815956161e-15 3.412856839983357659e-14 3.944969110678625531e-13 4.102323850512230417e-12 3.838391005173804318e-11 3.232087695043294553e-10 2.449766591070147359e-09 1.671784465019611012e-08 1.027477077867369174e-07 5.689074618264589717e-07 2.838919780632082464e-06 1.277317739373146504e-05 5.184484971132234091e-05 1.899510857390510564e-04 6.286780282967581934e-04 1.881270329632877408e-03 5.095403901300976646e-03 1.250783745005897354e-02 2.787182608246384363e-02 5.649360104848926561e-02 1.044163022198070501e-01 1.765337636213742123e-01 2.740766956019510814e-01 3.926559636434840406e-01 5.222187225391784482e-01 6.494548582859073216e-01 7.617599725796775356e-01 8.508536356714007098e-01 9.143796012677054552e-01 9.550905667879675542e-01 9.785396151956269328e-01 9.906788220021821578e-01 9.963269404602653756e-01 9.986888452696851548e-01 9.995765374461165198e-01 9.998763844498458342e-01 9.999674113800431918e-01 9.999922466073004612e-01 9.999983362149270638e-01 9.999996781391280454e-01 9.999999438923015127e-01 9.999999911894305038e-01 9.999999987541140500e-01 9.999999998413906521e-01 9.999999999818258711e-01 9.999999999981259435e-01 9.999999999998261391e-01 9.999999999999855671e-01 9.999999999999988898e-01 1.000000000000000000e+00 1.000000000000000000e+00 1.000000000000000000e+00 1.000000000000000000e+00 1.000000000000000000e+00 1.000000000000000000e+00 1.000000000000000000e+00 1.000000000000000000e+00 1.000000000000000000e+00 1.000000000000000000e+00 1.000000000000000000e+00 1.000000000000000000e+00 1.000000000000000000e+00 1.000000000000000000e+00 1.000000000000000000e+00 1.000000000000000000e+00 1.000000000000000000e+00 1.000000000000000000e+00 1.000000000000000000e+00 1.000000000000000000e+00 1.000000000000000000e+00 1.000000000000000000e+00 1.000000000000000000e+00 1.000000000000000000e+00 1.000000000000000000e+00 1.000000000000000000e+00 1.000000000000000000e+00 1.000000000000000000e+00 1.000000000000000000e+00 1.000000000000000000e+00 1.000000000000000000e+00 1.000000000000000000e+00 1.000000000000000000e+00 1.000000000000000000e+00 1.000000000000000000e+00 1.000000000000000000e+00 1.000000000000000000e+00
1.592835227181269495e-28 4.428218375907834399e-27 1.123598214523828074e-25 2.602169151721268491e-24 5.500760151821669178e-23 1.061437906130337549e-21 1.869713885097908048e-20 3.006703367237289222e-19 4.414378559710872445e-18 5.917573006014704420e-17 7.243482613648589799e-16 8.096909177745613235e-15 8.266117715898454748e-14 7.707996619828830866e-13 6.565859967406697698e-12 5.109879959140655804e-11 3.633831755653002653e-10 2.361720285887103144e-09 1.403091480903006375e-08 7.621375503646035592e-08 3.785996884702822167e-07 1.720491946527423793e-06 7.154775341886755300e-06 2.723825134084553184e-05 9.497286722167631813e-05 3.034510975455730650e-04 8.890387011045840920e-04 2.390129079771804565e-03 5.901753746692540298e-03 1.339893292366956846e-02 2.800651333493617626e-02 5.398124655114612536e-02 9.613321919038653185e-02 1.585613097844583153e-01 2.429411378784628039e-01 3.470276609755512109e-01 4.642062431385759469e-01 5.845989508658071543e-01 6.974876343088983743e-01 7.940924408059077955e-01 8.695399181659840826e-01 9.233158170729410807e-01 9.582963686367294009e-01 9.790627320292902835e-01 9.903136414114643848e-01 9.958766086811101648e-01 9.983868482493087892e-01 9.994205886461382526e-01 9.998090905057175348e-01 9.999423375088321020e-01 9.999840438192416636e-01 9.999959568733873816e-01 9.999990622791523620e-01 9.999998010065271892e-01 9.999999613743291160e-01 9.999999931440727297e-01 9.999999988874859191e-01 9.999999998349927699e-01 9.999999999776345572e-01 9.999999999972301046e-01 9.999999999996865840e-01 9.999999999999675815e-01 9.999999999999968914e-01 9.999999999999997780e-01 1.000000000000000000e+00 1.000000000000000000e+00 1.000000000000000000e+00 1.000000000000000000e+00 1.000000000000000000e+00 1.000000000000000000e+00 1.000000000000000000e+00 1.000000000000000000e+00 1.000000000000000000e+00 1.000000000000000000e+00 1.000000000000000000e+00 1.000000000000000000e+00 1.000000000000000000e+00 1.000000000000000000e+00 1.000000000000000000e+00 1.000000000000000000e+00 1.000000000000000000e+00 1.000000000000000000e+00 1.000000000000000000e+00 1.000000000000000000e+00 1.000000000000000000e+00 1.000000000000000000e+00 1.000000000000000000e+00 1.000000000000000000e+00 1.000000000000000000e+00 1.000000000000000000e+00 1.000000000000000000e+00 1.000000000000000000e+00 1.000000000000000000e+00 1.000000000000000000e+00 1.000000000000000000e+00 1.000000000000000000e+00 1.000000000000000000e+00 1.000000000000000000e+00 1.000000000000000000e+00 1.000000000000000000e+00
2.017961374331908085e-22 2.808662648382332337e-21 3.630794863100281514e-20 4.359521856337841588e-19 4.862194341062187421e-18 5.037386188113846608e-17 4.848226848620496916e-16 4.335038877287316924e-15 3.601353196829619546e-14 2.779933165206736870e-13 1.994047768779750325e-12 1.329259616608119034e-11 8.235727622634119024e-11 4.743096008603637544e-10 2.539482618248057612e-09 1.264195372653897171e-08 5.852462923113698793e-08 2.519982236418190385e-07 1.009438434032243476e-06 3.762592278276531617e-06 1.305374875801074642e-05 4.216546901880124129e-05 1.268543346998359910e-04 3.555966870228828808e-04 9.292243057640700750e-04 2.264829259580711848e-03 5.152127780115157638e-03 1.094737759029108630e-02 2.174729537180362937e-02 4.043420392131432534e-02 7.045512410917767476e-02 1.152347817671779129e-01 1.772514401762636527e-01 2.569971382525467751e-01 3.522061051005405119e-01 4.577469078049289930e-01 5.663732211759301416e-01 6.701790734086132684e-01 7.622835456218164385e-01 8.381607813022892151e-01 8.961989758951873775e-01 9.374170312836767049e-01 9.645959267292634198e-01 9.812356534534021346e-01 9.906943204072652387e-01 9.956864081190464066e-01 9.981326651047071064e-01 9.992456480705638189e-01 9.997158023518258885e-01 9.999002004718933190e-01 9.999673488434962509e-01 9.999900514635451376e-01 9.999971779668150873e-01 9.999992549617622295e-01 9.999998169810080384e-01 9.999999581768839185e-01 9.999999911110083461e-01 9.999999982431778678e-01 9.999999996771697930e-01 9.999999999448518917e-01 9.999999999912432269e-01 9.999999999987077004e-01 9.999999999998228084e-01 9.999999999999773515e-01 9.999999999999973355e-01 9.999999999999997780e-01 1.000000000000000000e+00 1.000000000000000000e+00 1.000000000000000000e+00 1.000000000000000000e+00 1.000000000000000000e+00 1.000000000000000000e+00 1.000000000000000000e+00 1.000000000000000000e+00 1.000000000000000000e+00 1.000000000000000000e+00 1.000000000000000000e+00 1.000000000000000000e+00 1.000000000000000000e+00 1.000000000000000000e+00 1.000000000000000000e+00 1.000000000000000000e+00 1.000000000000000000e+00 1.000000000000000000e+00 1.000000000000000000e+00 1.000000000000000000e+00 1.000000000000000000e+00 1.000000000000000000e+00 1.000000000000000000e+00 1.000000000000000000e+00 1.000000000000000000e+00 1.000000000000000000e+00 1.000000000000000000e+00 1.000000000000000000e+00 1.000000000000000000e+00 1.000000000000000000e+00 1.000000000000000000e+00 1.000000000000000000e+00 1.000000000000000000e+00 1.000000000000000000e+00
5.803662180754020482e-20 6.262402148037840349e-19 6.311618998400860650e-18 5.941860272486025752e-17 5.225268322336711029e-16 4.292634938546653547e-15 3.294545297012198076e-14 2.362396024445396744e-13 1.582807206211159266e-12 9.909621893220863325e-12 5.798013702520821088e-11 3.170574834998208505e-10 1.620621921343645102e-09 7.743978360829630830e-09 3.459755141431982894e-08 1.445415702915716634e-07 5.647836755772595668e-07 2.064424774193507601e-06 7.060583816493336079e-06 2.260046183204029283e-05 6.772602214033743707e-05 1.900643167594821576e-04 4.997122232381969462e-04 1.231425303387046789e-03 2.845714721285079896e-03 6.170708131886527316e-03 1.256466661186252977e-02 2.404406746288293914e-02 4.328560162138591488e-02 7.339706335368158252e-02 1.173913391980416082e-01 1.774026548222666921e-01 2.538290065375299331e-01 3.447002356839022341e-01 4.455751491512351947e-01 5.501226296323021847e-01 6.512846822587775586e-01 7.426739759985363509e-01 8.197548295264599494e-01 8.804523586517271072e-01 9.250763619653152858e-01 9.557057769700005867e-01 9.753340046987399869e-01 9.870774401447298674e-01 9.936370850939428845e-01 9.970579499534153456e-01 9.987235133532925691e-01 9.994806168696231952e-01 9.998019217387502655e-01 9.999292269953630186e-01 9.999763183649559295e-01 9.999925813838229649e-01 9.999978249253387297e-01 9.999994033023160700e-01 9.999998468680288966e-01 9.999999632444698250e-01 9.999999917501007918e-01 9.999999982686851308e-01 9.999999996603399222e-01 9.999999999377126025e-01 9.999999999893243174e-01 9.999999999982900345e-01 9.999999999997440936e-01 9.999999999999642508e-01 9.999999999999953371e-01 9.999999999999994449e-01 1.000000000000000000e+00 1.000000000000000000e+00 1.000000000000000000e+00 1.000000000000000000e+00 1.000000000000000000e+00 1.000000000000000000e+00 1.000000000000000000e+00 1.000000000000000000e+00 1.000000000000000000e+00 1.000000000000000000e+00 1.000000000000000000e+00 1.000000000000000000e+00 1.000000000000000000e+00 1.000000000000000000e+00 1.000000000000000000e+00 1.000000000000000000e+00 1.000000000000000000e+00 1.000000000000000000e+00 1.000000000000000000e+00 1.000000000000000000e+00 1.000000000000000000e+00 1.000000000000000000e+00 1.000000000000000000e+00 1.000000000000000000e+00 1.000000000000000000e+00 1.000000000000000000e+00 1.000000000000000000e+00 1.000000000000000000e+00 1.000000000000000000e+00 1.000000000000000000e+00 1.000000000000000000e+00 1.000000000000000000e+00 1.000000000000000000e+00 1.000000000000000000e+00
2.163138734002876476e-22 3.267211536866745952e-21 4.561236649377390335e-20 5.886025376632463337e-19 7.021331254648806918e-18 7.742842040051138338e-17 7.893928050718114696e-16 7.440955595018872833e-15 6.485464579886487255e-14 5.227184691675781234e-13 3.896283041200581666e-12 2.686180047568181450e-11 1.713061605608512359e-10 1.010697864748243379e-09 5.517526129244262976e-09 2.787496535198448355e-08 1.303505043235465758e-07 5.643285712064324403e-07 2.262443194294937634e-06 8.401759667032097556e-06 2.891002343596589853e-05 9.220883852573084753e-05 2.727274296214910040e-04 7.484017525334487426e-04 1.906540356832918870e-03 4.511949575400281583e-03 9.927683651314177585e-03 2.032942314231881223e-02 3.878905425947029584e-02 6.905884962078297218e-02 1.149222505530220345e-01 1.791309802171953958e-01 2.621912920045860185e-01 3.614720673432212372e-01 4.711222125400751359e-01 5.830211314218699536e-01 6.885363822262100530e-01 7.804705902470152612e-01 8.544841599327328563e-01 9.095417854164442595e-01 9.473856067669569336e-01 9.714205552124858256e-01 9.855251722240934154e-01 9.931731804160777166e-01 9.970049841162875737e-01 9.987788664591304988e-01 9.995376391326402654e-01 9.998375294234314037e-01 9.999470448761611507e-01 9.999839978148727937e-01 9.999955185804523250e-01 9.999988373001306163e-01 9.999997206132223981e-01 9.999999378390844740e-01 9.999999871972449217e-01 9.999999975595101898e-01 9.999999995695117994e-01 9.999999999297433106e-01 9.999999999893929292e-01 9.999999999985187404e-01 9.999999999998087086e-01 9.999999999999771294e-01 9.999999999999975575e-01 9.999999999999997780e-01 1.000000000000000000e+00 1.000000000000000000e+00 1.000000000000000000e+00 1.000000000000000000e+00 1.000000000000000000e+00 1.000000000000000000e+00 1.000000000000000000e+00 1.000000000000000000e+00 1.000000000000000000e+00 1.000000000000000000e+00 1.000000000000000000e+00 1.000000000000000000e+00 1.000000000000000000e+00 1.000000000000000000e+00 1.000000000000000000e+00 1.000000000000000000e+00 1.000000000000000000e+00 1.000000000000000000e+00 1.000000000000000000e+00 1.000000000000000000e+00 1.000000000000000000e+00 1.000000000000000000e+00 1.000000000000000000e+00 1.000000000000000000e+00 1.000000000000000000e+00 1.000000000000000000e+00 1.000000000000000000e+00 1.000000000000000000e+00 1.000000000000000000e+00 1.000000000000000000e+00 1.000000000000000000e+00 1.000000000000000000e+00 1.000000000000000000e+00 1.000000000000000000e+00 1.000000000000000000e+00 1.000000000000000000e+00
6.888907336811777847e-23 1.010912228431043123e-21 1.375979845143757432e-20 1.737263624951939991e-19 2.034677592624081473e-18 2.210674281627409354e-17 2.228324025638602874e-16 2.083933437675528350e-15 1.808303746812921414e-14 1.456042504817904847e-13 1.087998537661791128e-12 7.545263858519532484e-12 4.856876252248349259e-11 2.902189277238933756e-10 1.610036909985897648e-09 8.293717505787115011e-09 3.967669420056766129e-08 1.763083779113849625e-07 7.278642557843695397e-07 2.792342579366649554e-06 9.957334051394125599e-06 3.301457390928694166e-05 1.018143320912957991e-04 2.921657164510989063e-04 7.804988463432888752e-04 1.942131344832097707e-03 4.504343156633399022e-03 9.744643869855603227e-03 1.968251556848832351e-02 3.715793225368735353e-02 6.565233417387945913e-02 1.087337695495912138e-01 1.691314198486613130e-01 2.476458915968850483e-01 3.422869499139736260e-01 4.480685090770901713e-01 5.577014380962397322e-01 6.630607205653864522e-01 7.569476773709472583e-01 8.345256111826847567e-01 8.939645902072126393e-01 9.361929525546370812e-01 9.640116227915764835e-01 9.810045058497851578e-01 9.906293915134793959e-01 9.956843898682744554e-01 9.981461310921929675e-01 9.992577569044818198e-01 9.997232020356698889e-01 9.999039072583197907e-01 9.999689597389962437e-01 9.999906740709318953e-01 9.999973948087115261e-01 9.999993235484487819e-01 9.999998367816591571e-01 9.999999634122076486e-01 9.999999923818365666e-01 9.999999985268963609e-01 9.999999997355057957e-01 9.999999999559102681e-01 9.999999999931774575e-01 9.999999999990201172e-01 9.999999999998694378e-01 9.999999999999837907e-01 9.999999999999982236e-01 9.999999999999997780e-01 1.000000000000000000e+00 1.000000000000000000e+00 1.000000000000000000e+00 1.000000000000000000e+00 1.000000000000000000e+00 1.000000000000000000e+00 1.000000000000000000e+00 1.000000000000000000e+00 1.000000000000000000e+00 1.000000000000000000e+00 1.000000000000000000e+00 1.000000000000000000e+00 1.000000000000000000e+00 1.000000000000000000e+00 1.000000000000000000e+00 1.000000000000000000e+00 1.000000000000000000e+00 1.000000000000000000e+00 1.000000000000000000e+00 1.000000000000000000e+00 1.000000000000000000e+00 1.000000000000000000e+00 1.000000000000000000e+00 1.000000000000000000e+00 1.000000000000000000e+00 1.000000000000000000e+00 1.000000000000000000e+00 1.000000000000000000e+00 1.000000000000000000e+00 1.000000000000000000e+00 1.000000000000000000e+00 1.000000000000000000e+00 1.000000000000000000e+00 1.000000000000000000e+00
2.232437486847130737e-19 1.954037634423625377e-18 1.613171976799606756e-17 1.256144852413093856e-16 9.226323244847047576e-16 6.392454275148428902e-15 4.178096547647662791e-14 2.576231977081528268e-13 1.498694237889291443e-12 8.226043638877526769e-12 4.260395367621340502e-11 2.082206428564886055e-10 9.603955531177764298e-10 4.180905580488738369e-09 1.718028032539681451e-08 6.664700637909260955e-08 2.441058472954402776e-07 8.442792250015174940e-07 2.757879577748939568e-06 8.509920535244526652e-06 2.480999772906593322e-05 6.835667620823702257e-05 1.780344874261340787e-04 4.384588021456719566e-04 1.021425723272633692e-03 2.251712900617798118e-03 4.699478471176111137e-03 9.290764856670796767e-03 1.740972929703734837e-02 3.094506425469085303e-02 5.221860916255605112e-02 8.374059311800816086e-02 1.277748160922693998e-01 1.857671375377563661e-01 2.577707390340248095e-01 3.420540670972673225e-01 4.350647817768178438e-01 5.318319895531773422e-01 6.267453588270807119e-01 7.145122083678563385e-01 7.910256095053211922e-01 8.539107856796809282e-01 9.026370016564020382e-01 9.382313075641899314e-01 9.627445960339344744e-01 9.786602889453626108e-01 9.884023788662845700e-01 9.940242509906058732e-01 9.970827731742497591e-01 9.986514869328758648e-01 9.994100237956248245e-01 9.997558119151637168e-01 9.999044202862470421e-01 9.999646312681271798e-01 9.999876301508339171e-01 9.999959121596515565e-01 9.999987238135068512e-01 9.999996236932844340e-01 9.999998952139144137e-01 9.999999724492556474e-01 9.999999931613191562e-01 9.999999983976113338e-01 9.999999996456172546e-01 9.999999999260320571e-01 9.999999999854305432e-01 9.999999999972921660e-01 9.999999999995250466e-01 9.999999999999213962e-01 9.999999999999877875e-01 9.999999999999982236e-01 9.999999999999997780e-01 1.000000000000000000e+00 1.000000000000000000e+00 1.000000000000000000e+00 1.000000000000000000e+00 1.000000000000000000e+00 1.000000000000000000e+00 1.000000000000000000e+00 1.000000000000000000e+00 1.000000000000000000e+00 1.000000000000000000e+00 1.000000000000000000e+00 1.000000000000000000e+00 1.000000000000000000e+00 1.000000000000000000e+00 1.000000000000000000e+00 1.000000000000000000e+00 1.000000000000000000e+00 1.000000000000000000e+00 1.000000000000000000e+00 1.000000000000000000e+00 1.000000000000000000e+00 1.000000000000000000e+00 1.000000000000000000e+00 1.000000000000000000e+00 1.000000000000000000e+00 1.000000000000000000e+00 1.000000000000000000e+00 1.000000000000000000e+00 1.000000000000000000e+00
5.654817232337932277e-23 6.876032979971323559e-22 7.837437288269726120e-21 8.374179810506805151e-20 8.388012997724891234e-19 7.876665249824889308e-18 6.934441937998541774e-17 5.723839853906277649e-16 4.429891529911502040e-15 3.214794708066703970e-14 2.187736919879388115e-13 1.396202400704701155e-12 8.356910036270855859e-12 4.691622201814726477e-11 2.470699336128415073e-10 1.220619023306635936e-09 5.657862007546104815e-09 2.460881247044489328e-08 1.004512796678426080e-07 3.848703961700340673e-07 1.384343590570635687e-06 4.675516321041190977e-06 1.483094903384440889e-05 4.419496491573194854e-05 1.237564182188003966e-04 3.257609599898010026e-04 8.063696366049662558e-04 1.877876482536698210e-03 4.116452937795103337e-03 8.498966444701465048e-03 1.653884703389564906e-02 3.036023098642652920e-02 5.262558457747765206e-02 8.623680369273972746e-02 1.337830184093462826e-01 1.968097794899694719e-01 2.751007495359623078e-01 3.662338653837414748e-01 4.656412796419895361e-01 5.672519780060421013e-01 6.645800719135206425e-01 7.519405655822410939e-01 8.254206948345432782e-01 8.833372256903565534e-01 9.261144623437006507e-01 9.557218552365750464e-01 9.749246524005390491e-01 9.865955774303912795e-01 9.932425215662700202e-01 9.967899544655647315e-01 9.985640669315999363e-01 9.993954903070936258e-01 9.997606112196679717e-01 9.999108644417851188e-01 9.999688049962415226e-01 9.999897418959253770e-01 9.999968313374425488e-01 9.999990808095233774e-01 9.999997496415760079e-01 9.999999359876923233e-01 9.999999846384129976e-01 9.999999965404884339e-01 9.999999992689596606e-01 9.999999998550682667e-01 9.999999999730453393e-01 9.999999999952977614e-01 9.999999999992306154e-01 9.999999999998818723e-01 9.999999999999830136e-01 9.999999999999977796e-01 9.999999999999997780e-01 1.000000000000000000e+00 1.000000000000000000e+00 1.000000000000000000e+00 1.000000000000000000e+00 1.000000000000000000e+00 1.000000000000000000e+00 1.000000000000000000e+00 1.000000000000000000e+00 1.000000000000000000e+00 1.000000000000000000e+00 1.000000000000000000e+00 1.000000000000000000e+00 1.000000000000000000e+00 1.000000000000000000e+00 1.000000000000000000e+00 1.000000000000000000e+00 1.000000000000000000e+00 1.000000000000000000e+00 1.000000000000000000e+00 1.000000000000000000e+00 1.000000000000000000e+00 1.000000000000000000e+00 1.000000000000000000e+00 1.000000000000000000e+00 1.000000000000000000e+00 1.000000000000000000e+00 1.000000000000000000e+00 1.000000000000000000e+00 1.000000000000000000e+00
8.066855861952811735e-25 1.187046955494742272e-23 1.630242262324129473e-22 2.089642803428339015e-21 2.500021900254803412e-20 2.791803929012627561e-19 2.910142775908802486e-18 2.831734306933321156e-17 2.572301426003767470e-16 2.181457141797195412e-15 1.727243363447183854e-14 1.276942836724769886e-13 8.815203228533327719e-13 5.682915629546148782e-12 3.421580464004938471e-11 1.924162470931309772e-10 1.010796187245529143e-09 4.960724597634442560e-09 2.274810651339889869e-08 9.748326096874654289e-08 3.904575032639365369e-07 1.462043389397788582e-06 5.118992888501294495e-06 1.676311385635481695e-05 5.135637434204906566e-05 1.472466444883744718e-04 3.952496780256257937e-04 9.937162985126242985e-04 2.341202648520822240e-03 5.172016170046375184e-03 1.072084672269393510e-02 2.086920457895251324e-02 3.818709192269240105e-02 6.576107553362199598e-02 1.067258097566977232e-01 1.635099786525137655e-01 2.369531304106210212e-01 3.255834981988316446e-01 4.253813607021280641e-01 5.302311387019261746e-01 6.330141740712655896e-01 7.270261079648705493e-01 8.072589264317426849e-01 8.711482708517666040e-01 9.186174649260786529e-01 9.515255012076649921e-01 9.728117098853014122e-01 9.856586700394955880e-01 9.928931538167117266e-01 9.966943399896510680e-01 9.985578614405576925e-01 9.994102791731057644e-01 9.997740873593160549e-01 9.999189623386190995e-01 9.999727910745683790e-01 9.999914520237181970e-01 9.999974880461384164e-01 9.999993096933631476e-01 9.999998226406257018e-01 9.999999574049059925e-01 9.999999904395091566e-01 9.999999979948512863e-01 9.999999996070865205e-01 9.999999999280756446e-01 9.999999999877020596e-01 9.999999999980360155e-01 9.999999999997071232e-01 9.999999999999591438e-01 9.999999999999946709e-01 9.999999999999993339e-01 1.000000000000000000e+00 1.000000000000000000e+00 1.000000000000000000e+00 1.000000000000000000e+00 1.000000000000000000e+00 1.000000000000000000e+00 1.000000000000000000e+00 1.000000000000000000e+00 1.000000000000000000e+00 1.000000000000000000e+00 1.000000000000000000e+00 1.000000000000000000e+00 1.000000000000000000e+00 1.000000000000000000e+00 1.000000000000000000e+00 1.000000000000000000e+00 1.000000000000000000e+00 1.000000000000000000e+00 1.000000000000000000e+00 1.000000000000000000e+00 1.000000000000000000e+00 1.000000000000000000e+00 1.000000000000000000e+00 1.000000000000000000e+00 1.000000000000000000e+00 1.000000000000000000e+00 1.000000000000000000e+00 1.000000000000000000e+00 1.000000000000000000e+00 1.000000000000000000e+00
9.717605385663490327e-30 2.406916767740159992e-28 5.496018490785088670e-27 1.157004768129813974e-25 2.245627161061821516e-24 4.018580234610416731e-23 6.630686022598807846e-22 1.008823058242223802e-20 1.415350050617985908e-19 1.831169693918807879e-18 2.184916628767029526e-17 2.404422612628198331e-16 2.440547254301582677e-15 2.285062195538958781e-14 1.973697572038603464e-13 1.572810216971648889e-12 1.156461166257967681e-11 7.846859503670192444e-11 4.913917206638308527e-10 2.840474352172711429e-09 1.515852482873104755e-08 7.469771579939780952e-08 3.399650229028652175e-07 1.429363783305864279e-06 5.553326961554419187e-06 1.994362341261165240e-05 6.623008290270669370e-05 2.034665506343725095e-04 5.785418101625763648e-04 1.523477974392737581e-03 3.717916433138771307e-03 8.415589724316186251e-03 1.768564082366091625e-02 3.454816809831888491e-02 6.282336108843404598e-02 1.065284364235142001e-01 1.688018115794593654e-01 2.505951378690749465e-01 3.496278809223613004e-01 4.601592628026670573e-01 5.738796846181968281e-01 6.817339814760650096e-01 7.760276351588339949e-01 8.520205725077230063e-01 9.084764713920802093e-01 9.471389917614165821e-01 9.715460249932583725e-01 9.857491175911181625e-01 9.933680283608107286e-01 9.971354453961511766e-01 9.988526972784093072e-01 9.995742404320042684e-01 9.998537051579851065e-01 9.999534812086905422e-01 9.999863178219439153e-01 9.999962792393128908e-01 9.999990647993561854e-01 9.999997828090170238e-01 9.999999534062924411e-01 9.999999907687555645e-01 9.999999983113019297e-01 9.999999997148165676e-01 9.999999999555463370e-01 9.999999999936050044e-01 9.999999999991511235e-01 9.999999999998960831e-01 9.999999999999882316e-01 9.999999999999987788e-01 9.999999999999998890e-01 1.000000000000000000e+00 1.000000000000000000e+00 1.000000000000000000e+00 1.000000000000000000e+00 1.000000000000000000e+00 1.000000000000000000e+00 1.000000000000000000e+00 1.000000000000000000e+00 1.000000000000000000e+00 1.000000000000000000e+00 1.000000000000000000e+00 1.000000000000000000e+00 1.000000000000000000e+00 1.000000000000000000e+00 1.000000000000000000e+00 1.000000000000000000e+00 1.000000000000000000e+00 1.000000000000000000e+00 1.000000000000000000e+00 1.000000000000000000e+00 1.000000000000000000e+00 1.000000000000000000e+00 1.000000000000000000e+00 1.000000000000000000e+00 1.000000000000000000e+00 1.000000000000000000e+00 1.000000000000000000e+00 1.000000000000000000e+00 1.000000000000000000e+00 1.000000000000000000e+00 1.000000000000000000e+00
2.648130749624230190e-34 1.045071206957811767e-32 3.762426223373217079e-31 1.235719185559718551e-29 3.702681843585374672e-28 1.012218195264575338e-26 2.524705213745549291e-25 5.745729063838761643e-24 1.193158991915083109e-22 2.260959677187505264e-21 3.909788868440939402e-20 6.170306752542913730e-19 8.887563740519015864e-18 1.168459641421986197e-16 1.402282543164093398e-15 1.536341430615761879e-14 1.536789011485103706e-13 1.403666253084623422e-12 1.170822535148887080e-11 8.919837445881373530e-11 6.207691440742492723e-10 3.947191120161530920e-09 2.293606851694087537e-08 1.218211729701939247e-07 5.915810464628006341e-07 2.627395047710625029e-06 1.067600642829568137e-05 3.970472656033531084e-05 1.352176431571925459e-04 4.219169592138588315e-04 1.207015901912030171e-03 3.168378861464509443e-03 7.638608511685209684e-03 1.693345494018141245e-02 3.456527417525278451e-02 6.507907613290295212e-02 1.132562526284675020e-01 1.826520978560058350e-01 2.738476658201649538e-01 3.831835969239946182e-01 5.027754272041994321e-01 6.221164629866384743e-01 7.307659731378000068e-01 8.210093117536846341e-01 8.893928263906475395e-01 9.366682879057629529e-01 9.664855105683551884e-01 9.836426293182447544e-01 9.926493302565035926e-01 9.969628278833866375e-01 9.988474913220737328e-01 9.995987270408618341e-01 9.998719104854083550e-01 9.999625391506146155e-01 9.999899679619201898e-01 9.999975410940666887e-01 9.999994486092359525e-01 9.999998869188415629e-01 9.999999787967182030e-01 9.999999963660075597e-01 9.999999994308412798e-01 9.999999999185551491e-01 9.999999999893536273e-01 9.999999999987289057e-01 9.999999999998614442e-01 9.999999999999862332e-01 9.999999999999986677e-01 9.999999999999998890e-01 1.000000000000000000e+00 1.000000000000000000e+00 1.000000000000000000e+00 1.000000000000000000e+00 1.000000000000000000e+00 1.000000000000000000e+00 1.000000000000000000e+00 1.000000000000000000e+00 1.000000000000000000e+00 1.000000000000000000e+00 1.000000000000000000e+00 1.000000000000000000e+00 1.000000000000000000e+00 1.000000000000000000e+00 1.000000000000000000e+00 1.000000000000000000e+00 1.000000000000000000e+00 1.000000000000000000e+00 1.000000000000000000e+00 1.000000000000000000e+00 1.000000000000000000e+00 1.000000000000000000e+00 1.000000000000000000e+00 1.000000000000000000e+00 1.000000000000000000e+00 1.000000000000000000e+00 1.000000000000000000e+00 1.000000000000000000e+00 1.000000000000000000e+00 1.000000000000000000e+00 1.000000000000000000e+00 1.000000000000000000e+00
