4.178372192015363574e-275 4.723856924361774862e-264 3.156828389601625346e-253 1.247033019513596885e-242 2.911966154463823161e-232 4.019622913597823013e-222 3.280082661235665426e-212 1.582323604269561906e-202 4.512613994958985398e-193 7.608439276834643376e-184 7.584213613389285569e-175 4.469790866595649972e-166 1.557545438149219477e-157 3.209131903049822913e-149 3.909719140621669058e-141 2.816657689672482717e-133 1.199980492391612611e-125 3.023353491235040630e-118 4.505090183863256275e-111 3.970502896716535809e-104 2.069881305313055725e-97 6.383176619820303957e-91 1.164546924309482762e-84 1.257034540171735420e-78 8.028856362467469066e-73 3.034786609954921725e-67 6.789360147952995997e-62 8.991281339908472974e-57 7.049871566504345147e-52 3.273355814414493860e-47 9.002350981985093483e-43 1.466841454378117882e-38 1.416470615385499430e-34 8.109330280108172815e-31 2.753595723435543572e-27 5.548482827461701322e-24 6.638572257369915130e-21 4.719859119640666920e-18 1.995923150972571743e-15 5.026102671160023113e-13 7.548290938267470204e-11 6.774151539091332642e-09 3.642501050517152323e-07 1.177771125445261658e-05 2.301808051913723126e-04 2.739572848161630353e-03 2.008332542776511409e-02 9.231442475010895321e-02 2.738391896768489486e-01 5.494023448011040589e-01 8.022111393131743373e-01 9.423648355490779061e-01 9.892853481259655801e-01 9.987598241627622109e-01 9.999119776208251764e-01 9.999962064600707023e-01 9.999999013749929500e-01 9.999999984602652159e-01 9.999999999856117316e-01 9.999999999999197309e-01 9.999999999999997780e-01 1.000000000000000000e+00 1.000000000000000000e+00 1.000000000000000000e+00 1.000000000000000000e+00 1.000000000000000000e+00 1.000000000000000000e+00 1.000000000000000000e+00 1.000000000000000000e+00 1.000000000000000000e+00 1.000000000000000000e+00 1.000000000000000000e+00 1.000000000000000000e+00 1.000000000000000000e+00 1.000000000000000000e+00 1.000000000000000000e+00 1.000000000000000000e+00 1.000000000000000000e+00 1.000000000000000000e+00 1.000000000000000000e+00 1.000000000000000000e+00 1.000000000000000000e+00 1.000000000000000000e+00 1.000000000000000000e+00 1.000000000000000000e+00 1.000000000000000000e+00 1.000000000000000000e+00 1.000000000000000000e+00 1.000000000000000000e+00 1.000000000000000000e+00 1.000000000000000000e+00 1.000000000000000000e+00 1.000000000000000000e+00 1.000000000000000000e+00 1.000000000000000000e+00 1.000000000000000000e+00 1.000000000000000000e+00 1.000000000000000000e+00 1.000000000000000000e+00 1.000000000000000000e+00
4.178372192015363574e-275 4.723856924361774862e-264 3.156828389601625346e-253 1.247033019513596885e-242 2.911966154463823161e-232 4.019622913597823013e-222 3.280082661235665426e-212 1.582323604269561906e-202 4.512613994958985398e-193 7.608439276834643376e-184 7.584213613389285569e-175 4.469790866595649972e-166 1.557545438149219477e-157 3.209131903049822913e-149 3.909719140621669058e-141 2.816657689672482717e-133 1.199980492391612611e-125 3.023353491235040630e-118 4.505090183863256275e-111 3.970502896716535809e-104 2.069881305313055725e-97 6.383176619820303957e-91 1.164546924309482762e-84 1.257034540171735420e-78 8.028856362467469066e-73 3.034786609954921725e-67 6.789360147952995997e-62 8.991281339908472974e-57 7.049871566504345147e-52 3.273355814414493860e-47 9.002350981985093483e-43 1.466841454378117882e-38 1.416470615385499430e-34 8.109330280108172815e-31 2.753595723435543572e-27 5.548482827461701322e-24 6.638572257369915130e-21 4.719859119640666920e-18 1.995923150972571743e-15 5.026102671160023113e-13 7.548290938267470204e-11 6.774151539091332642e-09 3.642501050517152323e-07 1.177771125445261658e-05 2.301808051913723126e-04 2.739572848161630353e-03 2.008332542776511409e-02 9.231442475010895321e-02 2.738391896768489486e-01 5.494023448011040589e-01 8.022111393131743373e-01 9.423648355490779061e-01 9.892853481259655801e-01 9.987598241627622109e-01 9.999119776208251764e-01 9.999962064600707023e-01 9.999999013749929500e-01 9.999999984602652159e-01 9.999999999856117316e-01 9.999999999999197309e-01 9.999999999999997780e-01 1.000000000000000000e+00 1.000000000000000000e+00 1.000000000000000000e+00 1.000000000000000000e+00 1.000000000000000000e+00 1.000000000000000000e+00 1.000000000000000000e+00 1.000000000000000000e+00 1.000000000000000000e+00 1.000000000000000000e+00 1.000000000000000000e+00 1.000000000000000000e+00 1.000000000000000000e+00 1.000000000000000000e+00 1.000000000000000000e+00 1.000000000000000000e+00 1.000000000000000000e+00 1.000000000000000000e+00 1.000000000000000000e+00 1.000000000000000000e+00 1.000000000000000000e+00 1.000000000000000000e+00 1.000000000000000000e+00 1.000000000000000000e+00 1.000000000000000000e+00 1.000000000000000000e+00 1.000000000000000000e+00 1.000000000000000000e+00 1.000000000000000000e+00 1.000000000000000000e+00 1.000000000000000000e+00 1.000000000000000000e+00 1.000000000000000000e+00 1.000000000000000000e+00 1.000000000000000000e+00 1.000000000000000000e+00 1.000000000000000000e+00 1.000000000000000000e+00 1.000000000000000000e+00
4.178372191997504991e-275 4.723856924342819439e-264 3.156828389589223173e-253 1.247033019508802108e-242 2.911966154452394255e-232 4.019622913583040466e-222 3.280082661223877526e-212 1.582323604263765901e-202 4.512613994943522619e-193 7.608439276809211033e-184 7.584213613364570096e-175 4.469790866580840412e-166 1.557545438144404218e-157 3.209131903040171277e-149 3.909719140610238569e-141 2.816657689664482987e-133 1.199980492388304844e-125 3.023353491226958727e-118 4.505090183851590222e-111 3.970502896706370410e-104 2.069881305308042279e-97 6.383176619805049970e-91 1.164546924306856634e-84 1.257034540168946729e-78 8.028856362450343635e-73 3.034786609948708417e-67 6.789360147939673844e-62 8.991281339891596584e-57 7.049871566491714559e-52 3.273355814408907732e-47 9.002350981970499168e-43 1.466841454375864825e-38 1.416470615383444180e-34 8.109330280097097302e-31 2.753595723431979207e-27 5.548482827454996596e-24 6.638572257362458922e-21 4.719859119635822051e-18 1.995923150970691493e-15 5.026102671155711515e-13 7.548290938261629534e-11 6.774151539086656590e-09 3.642501050514929920e-07 1.177771125444640613e-05 2.301808051912697470e-04 2.739572848160628116e-03 2.008332542775934440e-02 9.231442475008930226e-02 2.738391896768094247e-01 5.494023448010570965e-01 8.022111393131412527e-01 9.423648355490641393e-01 9.892853481259622495e-01 9.987598241627617668e-01 9.999119776208250654e-01 9.999962064600707023e-01 9.999999013749929500e-01 9.999999984602652159e-01 9.999999999856117316e-01 9.999999999999197309e-01 9.999999999999997780e-01 1.000000000000000000e+00 1.000000000000000000e+00 1.000000000000000000e+00 1.000000000000000000e+00 1.000000000000000000e+00 1.000000000000000000e+00 1.000000000000000000e+00 1.000000000000000000e+00 1.000000000000000000e+00 1.000000000000000000e+00 1.000000000000000000e+00 1.000000000000000000e+00 1.000000000000000000e+00 1.000000000000000000e+00 1.000000000000000000e+00 1.000000000000000000e+00 1.000000000000000000e+00 1.000000000000000000e+00 1.000000000000000000e+00 1.000000000000000000e+00 1.000000000000000000e+00 1.000000000000000000e+00 1.000000000000000000e+00 1.000000000000000000e+00 1.000000000000000000e+00 1.000000000000000000e+00 1.000000000000000000e+00 1.000000000000000000e+00 1.000000000000000000e+00 1.000000000000000000e+00 1.000000000000000000e+00 1.000000000000000000e+00 1.000000000000000000e+00 1.000000000000000000e+00 1.000000000000000000e+00 1.000000000000000000e+00 1.000000000000000000e+00 1.000000000000000000e+00 1.000000000000000000e+00
4.178372191997504991e-275 4.723856924342819439e-264 3.156828389589223173e-253 1.247033019508802108e-242 2.911966154452394255e-232 4.019622913583040466e-222 3.280082661223877526e-212 1.582323604263765901e-202 4.512613994943522619e-193 7.608439276809211033e-184 7.584213613364570096e-175 4.469790866580840412e-166 1.557545438144404218e-157 3.209131903040171277e-149 3.909719140610238569e-141 2.816657689664482987e-133 1.199980492388304844e-125 3.023353491226958727e-118 4.505090183851590222e-111 3.970502896706370410e-104 2.069881305308042279e-97 6.383176619805049970e-91 1.164546924306856634e-84 1.257034540168946729e-78 8.028856362450343635e-73 3.034786609948708417e-67 6.789360147939673844e-62 8.991281339891596584e-57 7.049871566491714559e-52 3.273355814408907732e-47 9.002350981970499168e-43 1.466841454375864825e-38 1.416470615383444180e-34 8.109330280097097302e-31 2.753595723431979207e-27 5.548482827454996596e-24 6.638572257362458922e-21 4.719859119635822051e-18 1.995923150970691493e-15 5.026102671155711515e-13 7.548290938261629534e-11 6.774151539086656590e-09 3.642501050514929920e-07 1.177771125444640613e-05 2.301808051912697470e-04 2.739572848160628116e-03 2.008332542775934440e-02 9.231442475008930226e-02 2.738391896768094247e-01 5.494023448010570965e-01 8.022111393131412527e-01 9.423648355490641393e-01 9.892853481259622495e-01 9.987598241627617668e-01 9.999119776208250654e-01 9.999962064600707023e-01 9.999999013749929500e-01 9.999999984602652159e-01 9.999999999856117316e-01 9.999999999999197309e-01 9.999999999999997780e-01 1.000000000000000000e+00 1.000000000000000000e+00 1.000000000000000000e+00 1.000000000000000000e+00 1.000000000000000000e+00 1.000000000000000000e+00 1.000000000000000000e+00 1.000000000000000000e+00 1.000000000000000000e+00 1.000000000000000000e+00 1.000000000000000000e+00 1.000000000000000000e+00 1.000000000000000000e+00 1.000000000000000000e+00 1.000000000000000000e+00 1.000000000000000000e+00 1.000000000000000000e+00 1.000000000000000000e+00 1.000000000000000000e+00 1.000000000000000000e+00 1.000000000000000000e+00 1.000000000000000000e+00 1.000000000000000000e+00 1.000000000000000000e+00 1.000000000000000000e+00 1.000000000000000000e+00 1.000000000000000000e+00 1.000000000000000000e+00 1.000000000000000000e+00 1.000000000000000000e+00 1.000000000000000000e+00 1.000000000000000000e+00 1.000000000000000000e+00 1.000000000000000000e+00 1.000000000000000000e+00 1.000000000000000000e+00 1.000000000000000000e+00 1.000000000000000000e+00 1.000000000000000000e+00
4.178372191997504991e-275 4.723856924342819439e-264 3.156828389589223173e-253 1.247033019508802108e-242 2.911966154452394255e-232 4.019622913583040466e-222 3.280082661223877526e-212 1.582323604263765901e-202 4.512613994943522619e-193 7.608439276809211033e-184 7.584213613364570096e-175 4.469790866580840412e-166 1.557545438144404218e-157 3.209131903040171277e-149 3.909719140610238569e-141 2.816657689664482987e-133 1.199980492388304844e-125 3.023353491226958727e-118 4.505090183851590222e-111 3.970502896706370410e-104 2.069881305308042279e-97 6.383176619805049970e-91 1.164546924306856634e-84 1.257034540168946729e-78 8.028856362450343635e-73 3.034786609948708417e-67 6.789360147939673844e-62 8.991281339891596584e-57 7.049871566491714559e-52 3.273355814408907732e-47 9.002350981970499168e-43 1.466841454375864825e-38 1.416470615383444180e-34 8.109330280097097302e-31 2.753595723431979207e-27 5.548482827454996596e-24 6.638572257362458922e-21 4.719859119635822051e-18 1.995923150970691493e-15 5.026102671155711515e-13 7.548290938261629534e-11 6.774151539086656590e-09 3.642501050514929920e-07 1.177771125444640613e-05 2.301808051912697470e-04 2.739572848160628116e-03 2.008332542775934440e-02 9.231442475008930226e-02 2.738391896768094247e-01 5.494023448010570965e-01 8.022111393131412527e-01 9.423648355490641393e-01 9.892853481259622495e-01 9.987598241627617668e-01 9.999119776208250654e-01 9.999962064600707023e-01 9.999999013749929500e-01 9.999999984602652159e-01 9.999999999856117316e-01 9.999999999999197309e-01 9.999999999999997780e-01 1.000000000000000000e+00 1.000000000000000000e+00 1.000000000000000000e+00 1.000000000000000000e+00 1.000000000000000000e+00 1.000000000000000000e+00 1.000000000000000000e+00 1.000000000000000000e+00 1.000000000000000000e+00 1.000000000000000000e+00 1.000000000000000000e+00 1.000000000000000000e+00 1.000000000000000000e+00 1.000000000000000000e+00 1.000000000000000000e+00 1.000000000000000000e+00 1.000000000000000000e+00 1.000000000000000000e+00 1.000000000000000000e+00 1.000000000000000000e+00 1.000000000000000000e+00 1.000000000000000000e+00 1.000000000000000000e+00 1.000000000000000000e+00 1.000000000000000000e+00 1.000000000000000000e+00 1.000000000000000000e+00 1.000000000000000000e+00 1.000000000000000000e+00 1.000000000000000000e+00 1.000000000000000000e+00 1.000000000000000000e+00 1.000000000000000000e+00 1.000000000000000000e+00 1.000000000000000000e+00 1.000000000000000000e+00 1.000000000000000000e+00 1.000000000000000000e+00 1.000000000000000000e+00
4.178372191997504991e-275 4.723856924342819439e-264 3.156828389589223173e-253 1.247033019508802108e-242 2.911966154452394255e-232 4.019622913583040466e-222 3.280082661223877526e-212 1.582323604263765901e-202 4.512613994943522619e-193 7.608439276809211033e-184 7.584213613364570096e-175 4.469790866580840412e-166 1.557545438144404218e-157 3.209131903040171277e-149 3.909719140610238569e-141 2.816657689664482987e-133 1.199980492388304844e-125 3.023353491226958727e-118 4.505090183851590222e-111 3.970502896706370410e-104 2.069881305308042279e-97 6.383176619805049970e-91 1.164546924306856634e-84 1.257034540168946729e-78 8.028856362450343635e-73 3.034786609948708417e-67 6.789360147939673844e-62 8.991281339891596584e-57 7.049871566491714559e-52 3.273355814408907732e-47 9.002350981970499168e-43 1.466841454375864825e-38 1.416470615383444180e-34 8.109330280097097302e-31 2.753595723431979207e-27 5.548482827454996596e-24 6.638572257362458922e-21 4.719859119635822051e-18 1.995923150970691493e-15 5.026102671155711515e-13 7.548290938261629534e-11 6.774151539086656590e-09 3.642501050514929920e-07 1.177771125444640613e-05 2.301808051912697470e-04 2.739572848160628116e-03 2.008332542775934440e-02 9.231442475008930226e-02 2.738391896768094247e-01 5.494023448010570965e-01 8.022111393131412527e-01 9.423648355490641393e-01 9.892853481259622495e-01 9.987598241627617668e-01 9.999119776208250654e-01 9.999962064600707023e-01 9.999999013749929500e-01 9.999999984602652159e-01 9.999999999856117316e-01 9.999999999999197309e-01 9.999999999999997780e-01 1.000000000000000000e+00 1.000000000000000000e+00 1.000000000000000000e+00 1.000000000000000000e+00 1.000000000000000000e+00 1.000000000000000000e+00 1.000000000000000000e+00 1.000000000000000000e+00 1.000000000000000000e+00 1.000000000000000000e+00 1.000000000000000000e+00 1.000000000000000000e+00 1.000000000000000000e+00 1.000000000000000000e+00 1.000000000000000000e+00 1.000000000000000000e+00 1.000000000000000000e+00 1.000000000000000000e+00 1.000000000000000000e+00 1.000000000000000000e+00 1.000000000000000000e+00 1.000000000000000000e+00 1.000000000000000000e+00 1.000000000000000000e+00 1.000000000000000000e+00 1.000000000000000000e+00 1.000000000000000000e+00 1.000000000000000000e+00 1.000000000000000000e+00 1.000000000000000000e+00 1.000000000000000000e+00 1.000000000000000000e+00 1.000000000000000000e+00 1.000000000000000000e+00 1.000000000000000000e+00 1.000000000000000000e+00 1.000000000000000000e+00 1.000000000000000000e+00 1.000000000000000000e+00
4.178372193046798399e-275 4.723856925480944251e-264 3.156828390318287998e-253 1.247033019784616716e-242 2.911966155069092180e-232 4.019622914396083649e-222 3.280082661857876589e-212 1.582323604555480493e-202 4.512613995735447406e-193 7.608439278080834447e-184 7.584213614569233963e-175 4.469790867255298057e-166 1.557545438366949282e-157 3.209131903474112393e-149 3.909719141110284188e-141 2.816657690003981144e-133 1.199980492524653062e-125 3.023353491549872507e-118 4.505090184302993501e-111 3.970502897079027142e-104 2.069881305489398259e-97 6.383176620326518564e-91 1.164546924395280425e-84 1.257034540257472210e-78 8.028856362972868486e-73 3.034786610130640398e-67 6.789360148313283131e-62 8.991281340344030762e-57 7.049871566814752290e-52 3.273355814544986115e-47 9.002350982308040296e-43 1.466841454425241543e-38 1.416470615425902865e-34 8.109330280312490889e-31 2.753595723496251858e-27 5.548482827567733117e-24 6.638572257478758760e-21 4.719859119706230198e-18 1.995923150995714556e-15 5.026102671207768762e-13 7.548290938325008371e-11 6.774151539131621301e-09 3.642501050533478354e-07 1.177771125449065005e-05 2.301808051918749216e-04 2.739572848165310569e-03 2.008332542777928331e-02 9.231442475013321158e-02 2.738391896768495037e-01 5.494023448010473265e-01 8.022111393130940682e-01 9.423648355490278350e-01 9.892853481259491488e-01 9.987598241627592133e-01 9.999119776208247323e-01 9.999962064600707023e-01 9.999999013749929500e-01 9.999999984602652159e-01 9.999999999856117316e-01 9.999999999999197309e-01 9.999999999999997780e-01 1.000000000000000000e+00 1.000000000000000000e+00 1.000000000000000000e+00 1.000000000000000000e+00 1.000000000000000000e+00 1.000000000000000000e+00 1.000000000000000000e+00 1.000000000000000000e+00 1.000000000000000000e+00 1.000000000000000000e+00 1.000000000000000000e+00 1.000000000000000000e+00 1.000000000000000000e+00 1.000000000000000000e+00 1.000000000000000000e+00 1.000000000000000000e+00 1.000000000000000000e+00 1.000000000000000000e+00 1.000000000000000000e+00 1.000000000000000000e+00 1.000000000000000000e+00 1.000000000000000000e+00 1.000000000000000000e+00 1.000000000000000000e+00 1.000000000000000000e+00 1.000000000000000000e+00 1.000000000000000000e+00 1.000000000000000000e+00 1.000000000000000000e+00 1.000000000000000000e+00 1.000000000000000000e+00 1.000000000000000000e+00 1.000000000000000000e+00 1.000000000000000000e+00 1.000000000000000000e+00 1.000000000000000000e+00 1.000000000000000000e+00 1.000000000000000000e+00 1.000000000000000000e+00
4.178372196542214884e-275 4.723856929272768259e-264 3.156828392747603776e-253 1.247033020703792145e-242 2.911966157122530321e-232 4.019622917106442385e-222 3.280082663969499995e-212 1.582323605527217786e-202 4.512613998376092184e-193 7.608439282317007429e-184 7.584213618582986903e-175 4.469790869500815599e-166 1.557545439108695864e-157 3.209131904920722859e-149 3.909719142775444994e-141 2.816657691136225610e-133 1.199980492978859949e-125 3.023353492625779959e-118 4.505090185807077479e-111 3.970502898320280836e-104 2.069881306093955788e-97 6.383176622064200014e-91 1.164546924689950118e-84 1.257034540552300666e-78 8.028856364713524636e-73 3.034786610736729807e-67 6.789360149558551275e-62 8.991281341852153368e-57 7.049871567891899821e-52 3.273355814998384313e-47 9.002350983433073838e-43 1.466841454589670863e-38 1.416470615567490544e-34 8.109330281030311282e-31 2.753595723710346587e-27 5.548482827943430662e-24 6.638572257866109915e-21 4.719859119940854688e-18 1.995923151079065993e-15 5.026102671381229304e-13 7.548290938536089353e-11 6.774151539281484094e-09 3.642501050595300112e-07 1.177771125463809646e-05 2.301808051938915376e-04 2.739572848180910070e-03 2.008332542784571628e-02 9.231442475027949734e-02 2.738391896769828970e-01 5.494023448010145749e-01 8.022111393129366386e-01 9.423648355489067097e-01 9.892853481259058501e-01 9.987598241627508866e-01 9.999119776208239552e-01 9.999962064600707023e-01 9.999999013749929500e-01 9.999999984602652159e-01 9.999999999856117316e-01 9.999999999999197309e-01 9.999999999999997780e-01 1.000000000000000000e+00 1.000000000000000000e+00 1.000000000000000000e+00 1.000000000000000000e+00 1.000000000000000000e+00 1.000000000000000000e+00 1.000000000000000000e+00 1.000000000000000000e+00 1.000000000000000000e+00 1.000000000000000000e+00 1.000000000000000000e+00 1.000000000000000000e+00 1.000000000000000000e+00 1.000000000000000000e+00 1.000000000000000000e+00 1.000000000000000000e+00 1.000000000000000000e+00 1.000000000000000000e+00 1.000000000000000000e+00 1.000000000000000000e+00 1.000000000000000000e+00 1.000000000000000000e+00 1.000000000000000000e+00 1.000000000000000000e+00 1.000000000000000000e+00 1.000000000000000000e+00 1.000000000000000000e+00 1.000000000000000000e+00 1.000000000000000000e+00 1.000000000000000000e+00 1.000000000000000000e+00 1.000000000000000000e+00 1.000000000000000000e+00 1.000000000000000000e+00 1.000000000000000000e+00 1.000000000000000000e+00 1.000000000000000000e+00 1.000000000000000000e+00 1.000000000000000000e+00
4.178372196542214884e-275 4.723856929272768259e-264 3.156828392747603776e-253 1.247033020703792145e-242 2.911966157122530321e-232 4.019622917106442385e-222 3.280082663969499995e-212 1.582323605527217786e-202 4.512613998376092184e-193 7.608439282317007429e-184 7.584213618582986903e-175 4.469790869500815599e-166 1.557545439108695864e-157 3.209131904920722859e-149 3.909719142775444994e-141 2.816657691136225610e-133 1.199980492978859949e-125 3.023353492625779959e-118 4.505090185807077479e-111 3.970502898320280836e-104 2.069881306093955788e-97 6.383176622064200014e-91 1.164546924689950118e-84 1.257034540552300666e-78 8.028856364713524636e-73 3.034786610736729807e-67 6.789360149558551275e-62 8.991281341852153368e-57 7.049871567891899821e-52 3.273355814998384313e-47 9.002350983433073838e-43 1.466841454589670863e-38 1.416470615567490544e-34 8.109330281030311282e-31 2.753595723710346587e-27 5.548482827943430662e-24 6.638572257866109915e-21 4.719859119940854688e-18 1.995923151079065993e-15 5.026102671381229304e-13 7.548290938536089353e-11 6.774151539281484094e-09 3.642501050595300112e-07 1.177771125463809646e-05 2.301808051938915376e-04 2.739572848180910070e-03 2.008332542784571628e-02 9.231442475027949734e-02 2.738391896769828970e-01 5.494023448010145749e-01 8.022111393129366386e-01 9.423648355489067097e-01 9.892853481259058501e-01 9.987598241627508866e-01 9.999119776208239552e-01 9.999962064600707023e-01 9.999999013749929500e-01 9.999999984602652159e-01 9.999999999856117316e-01 9.999999999999197309e-01 9.999999999999997780e-01 1.000000000000000000e+00 1.000000000000000000e+00 1.000000000000000000e+00 1.000000000000000000e+00 1.000000000000000000e+00 1.000000000000000000e+00 1.000000000000000000e+00 1.000000000000000000e+00 1.000000000000000000e+00 1.000000000000000000e+00 1.000000000000000000e+00 1.000000000000000000e+00 1.000000000000000000e+00 1.000000000000000000e+00 1.000000000000000000e+00 1.000000000000000000e+00 1.000000000000000000e+00 1.000000000000000000e+00 1.000000000000000000e+00 1.000000000000000000e+00 1.000000000000000000e+00 1.000000000000000000e+00 1.000000000000000000e+00 1.000000000000000000e+00 1.000000000000000000e+00 1.000000000000000000e+00 1.000000000000000000e+00 1.000000000000000000e+00 1.000000000000000000e+00 1.000000000000000000e+00 1.000000000000000000e+00 1.000000000000000000e+00 1.000000000000000000e+00 1.000000000000000000e+00 1.000000000000000000e+00 1.000000000000000000e+00 1.000000000000000000e+00 1.000000000000000000e+00 1.000000000000000000e+00
4.178256883061549543e-275 4.723731166924352803e-264 3.156747372504835508e-253 1.247002188431987695e-242 2.911896849153026713e-232 4.019530888487425543e-222 3.280010483293952415e-212 1.582290164983172997e-202 4.512522486823974348e-193 7.608291363192997650e-184 7.584072392817213397e-175 4.469711227914719775e-166 1.557518911562823128e-157 3.209079715791356558e-149 3.909658499436864774e-141 2.816616071319196404e-133 1.199963622600867572e-125 3.023313104822577469e-118 4.505033081458318777e-111 3.970455214178172008e-104 2.069857790475543648e-97 6.383108135127443266e-91 1.164535145412444995e-84 1.257022576476267949e-78 8.028784605346417377e-73 3.034761194836546142e-67 6.789306994139157422e-62 8.991215698385896402e-57 7.049823702338386232e-52 3.273335207425334498e-47 9.002298600948293265e-43 1.466833593501024045e-38 1.416463650955369607e-34 8.109293855378237581e-31 2.753584477908908143e-27 5.548462334240381629e-24 6.638550214945172414e-21 4.719845127117262451e-18 1.995917909107964253e-15 5.026091083642896047e-13 7.548275824692466684e-11 6.774139909389067302e-09 3.642495771646372613e-07 1.177769712178664707e-05 2.301805820658495074e-04 2.739570771152896080e-03 2.008331403047533548e-02 9.231438789180031190e-02 2.738391194474205093e-01 5.494022659856711011e-01 8.022110872363781287e-01 9.423648152994168470e-01 9.892853434948094549e-01 9.987598235402292968e-01 9.999119775716814873e-01 9.999962064577949672e-01 9.999999013749312216e-01 9.999999984602642167e-01 9.999999999856117316e-01 9.999999999999197309e-01 9.999999999999997780e-01 1.000000000000000000e+00 1.000000000000000000e+00 1.000000000000000000e+00 1.000000000000000000e+00 1.000000000000000000e+00 1.000000000000000000e+00 1.000000000000000000e+00 1.000000000000000000e+00 1.000000000000000000e+00 1.000000000000000000e+00 1.000000000000000000e+00 1.000000000000000000e+00 1.000000000000000000e+00 1.000000000000000000e+00 1.000000000000000000e+00 1.000000000000000000e+00 1.000000000000000000e+00 1.000000000000000000e+00 1.000000000000000000e+00 1.000000000000000000e+00 1.000000000000000000e+00 1.000000000000000000e+00 1.000000000000000000e+00 1.000000000000000000e+00 1.000000000000000000e+00 1.000000000000000000e+00 1.000000000000000000e+00 1.000000000000000000e+00 1.000000000000000000e+00 1.000000000000000000e+00 1.000000000000000000e+00 1.000000000000000000e+00 1.000000000000000000e+00 1.000000000000000000e+00 1.000000000000000000e+00 1.000000000000000000e+00 1.000000000000000000e+00 1.000000000000000000e+00 1.000000000000000000e+00
4.177670848255092773e-275 4.723092027945192072e-264 3.156335616894722976e-253 1.246845494272897880e-242 2.911544614779876487e-232 4.019063182729291240e-222 3.279643647260466214e-212 1.582120213250849401e-202 4.512057404989848466e-193 7.607539603640580975e-184 7.583354648569727591e-175 4.469306468636325760e-166 1.557384091320440810e-157 3.208814475696173728e-149 3.909350291868525790e-141 2.816404546460494161e-133 1.199877881886883562e-125 3.023107840472151855e-118 4.504742857355179536e-111 3.970212866287141247e-104 2.069738275415124670e-97 6.382760058459703321e-91 1.164475278515479404e-84 1.256961770233585352e-78 8.028419894658272904e-73 3.034632020493872104e-67 6.789036835308705828e-62 8.990882069254288490e-57 7.049580427962068885e-52 3.273230470228907057e-47 9.002032368499352870e-43 1.466793639675420739e-38 1.416428253390822712e-34 8.109108722078851028e-31 2.753527321048220816e-27 5.548358174680706340e-24 6.638438181272545723e-21 4.719774008137629187e-18 1.995891266575579999e-15 5.026032188391386461e-13 7.548199007709679299e-11 6.774080799691133331e-09 3.642468940993939216e-07 1.177762529039078432e-05 2.301794479970053575e-04 2.739560214447760156e-03 2.008325610208023040e-02 9.231420055414586712e-02 2.738387624965018530e-01 5.494018653955416998e-01 8.022108225492949884e-01 9.423647123780257706e-01 9.892853199564288769e-01 9.987598203761411941e-01 9.999119773219045104e-01 9.999962064462279976e-01 9.999999013746174725e-01 9.999999984602592207e-01 9.999999999856116206e-01 9.999999999999197309e-01 9.999999999999997780e-01 1.000000000000000000e+00 1.000000000000000000e+00 1.000000000000000000e+00 1.000000000000000000e+00 1.000000000000000000e+00 1.000000000000000000e+00 1.000000000000000000e+00 1.000000000000000000e+00 1.000000000000000000e+00 1.000000000000000000e+00 1.000000000000000000e+00 1.000000000000000000e+00 1.000000000000000000e+00 1.000000000000000000e+00 1.000000000000000000e+00 1.000000000000000000e+00 1.000000000000000000e+00 1.000000000000000000e+00 1.000000000000000000e+00 1.000000000000000000e+00 1.000000000000000000e+00 1.000000000000000000e+00 1.000000000000000000e+00 1.000000000000000000e+00 1.000000000000000000e+00 1.000000000000000000e+00 1.000000000000000000e+00 1.000000000000000000e+00 1.000000000000000000e+00 1.000000000000000000e+00 1.000000000000000000e+00 1.000000000000000000e+00 1.000000000000000000e+00 1.000000000000000000e+00 1.000000000000000000e+00 1.000000000000000000e+00 1.000000000000000000e+00 1.000000000000000000e+00 1.000000000000000000e+00
4.176742892023275609e-275 4.722079977465169305e-264 3.155683614584154847e-253 1.246597372366561688e-242 2.910986855663023200e-232 4.018322571565995058e-222 3.279062759705708735e-212 1.581851091887107882e-202 4.511320936103215694e-193 7.606349166736713911e-184 7.582218069908404379e-175 4.468665511640022759e-166 1.557170595470861873e-157 3.208394450142214120e-149 3.908862222003072501e-141 2.816069579310515343e-133 1.199742103714204426e-125 3.022782784308586096e-118 4.504283257040665346e-111 3.969829081284889871e-104 2.069549009130530871e-97 6.382208835431550653e-91 1.164380471394487103e-84 1.256865475153080925e-78 8.027842322702703862e-73 3.034427453532987170e-67 6.788608996694617373e-62 8.990353713664121385e-57 7.049195162397554408e-52 3.273064600855250426e-47 9.001610742256303463e-43 1.466730365519958197e-38 1.416372194737229660e-34 8.108815528086374411e-31 2.753436801976248772e-27 5.548193217200964106e-24 6.638260753109706184e-21 4.719661376458480352e-18 1.995849072492185986e-15 5.025938915099909714e-13 7.548077351245893429e-11 6.773987186389913512e-09 3.642426448630600219e-07 1.177751152903800224e-05 2.301776519379727384e-04 2.739543495448374701e-03 2.008316435884540882e-02 9.231390386049505292e-02 2.738381971792210323e-01 5.494012309643194758e-01 8.022104033528764111e-01 9.423645493767727199e-01 9.892852826775940800e-01 9.987598153650216748e-01 9.999119769263205004e-01 9.999962064279086515e-01 9.999999013741205367e-01 9.999999984602514491e-01 9.999999999856115096e-01 9.999999999999197309e-01 9.999999999999997780e-01 1.000000000000000000e+00 1.000000000000000000e+00 1.000000000000000000e+00 1.000000000000000000e+00 1.000000000000000000e+00 1.000000000000000000e+00 1.000000000000000000e+00 1.000000000000000000e+00 1.000000000000000000e+00 1.000000000000000000e+00 1.000000000000000000e+00 1.000000000000000000e+00 1.000000000000000000e+00 1.000000000000000000e+00 1.000000000000000000e+00 1.000000000000000000e+00 1.000000000000000000e+00 1.000000000000000000e+00 1.000000000000000000e+00 1.000000000000000000e+00 1.000000000000000000e+00 1.000000000000000000e+00 1.000000000000000000e+00 1.000000000000000000e+00 1.000000000000000000e+00 1.000000000000000000e+00 1.000000000000000000e+00 1.000000000000000000e+00 1.000000000000000000e+00 1.000000000000000000e+00 1.000000000000000000e+00 1.000000000000000000e+00 1.000000000000000000e+00 1.000000000000000000e+00 1.000000000000000000e+00 1.000000000000000000e+00 1.000000000000000000e+00 1.000000000000000000e+00 1.000000000000000000e+00
4.175142785355248157e-275 4.720334845597668322e-264 3.154559320931976282e-253 1.246169513830898508e-242 2.910025052602500957e-232 4.017045444721027409e-222 3.278061054173577212e-212 1.581387003913456484e-202 4.510050915986594887e-193 7.604296272610227835e-184 7.580258036108185983e-175 4.467560169403821827e-166 1.556802414755823401e-157 3.207670095982816730e-149 3.908020515268052716e-141 2.815491903069876873e-133 1.199507942131237719e-125 3.022222191649706621e-118 4.503490623308332315e-111 3.969167194998980218e-104 2.069222592928332031e-97 6.381258167623552535e-91 1.164216961026663140e-84 1.256699397478045291e-78 8.026846192772581466e-73 3.034074637723434525e-67 6.787871100802568259e-62 8.989442450307829736e-57 7.048530685026848491e-52 3.272778520177860173e-47 9.000883545068577971e-43 1.466621233281147307e-38 1.416275506990947260e-34 8.108309836387849666e-31 2.753280676869747963e-27 5.547908701341029776e-24 6.637954726809601968e-21 4.719467109743458084e-18 1.995776296028123341e-15 5.025778036541338762e-13 7.547867516484578534e-11 6.773825720384165348e-09 3.642353156788998552e-07 1.177731531023913152e-05 2.301745540372317645e-04 2.739514657915095852e-03 2.008300611649756207e-02 9.231339211071057371e-02 2.738372220945547997e-01 5.494001366674341469e-01 8.022096803023852640e-01 9.423642682240178647e-01 9.892852183771526642e-01 9.987598067215844866e-01 9.999119762439965253e-01 9.999962063963108161e-01 9.999999013732632225e-01 9.999999984602377934e-01 9.999999999856115096e-01 9.999999999999197309e-01 9.999999999999997780e-01 1.000000000000000000e+00 1.000000000000000000e+00 1.000000000000000000e+00 1.000000000000000000e+00 1.000000000000000000e+00 1.000000000000000000e+00 1.000000000000000000e+00 1.000000000000000000e+00 1.000000000000000000e+00 1.000000000000000000e+00 1.000000000000000000e+00 1.000000000000000000e+00 1.000000000000000000e+00 1.000000000000000000e+00 1.000000000000000000e+00 1.000000000000000000e+00 1.000000000000000000e+00 1.000000000000000000e+00 1.000000000000000000e+00 1.000000000000000000e+00 1.000000000000000000e+00 1.000000000000000000e+00 1.000000000000000000e+00 1.000000000000000000e+00 1.000000000000000000e+00 1.000000000000000000e+00 1.000000000000000000e+00 1.000000000000000000e+00 1.000000000000000000e+00 1.000000000000000000e+00 1.000000000000000000e+00 1.000000000000000000e+00 1.000000000000000000e+00 1.000000000000000000e+00 1.000000000000000000e+00 1.000000000000000000e+00 1.000000000000000000e+00 1.000000000000000000e+00 1.000000000000000000e+00
4.172210847891523831e-275 4.717137111485191709e-264 3.152499155736772723e-253 1.245385487717619349e-242 2.908262571878859815e-232 4.014705099078179936e-222 3.276225388265468252e-212 1.580536529330431721e-202 4.507723473633277907e-193 7.600534071151287319e-184 7.576665955518218768e-175 4.465534418013641038e-166 1.556127642620402320e-157 3.206342537571380683e-149 3.906477856352885431e-141 2.814433137277447557e-133 1.199078764400777205e-125 3.021194707972120135e-118 4.502037823005388650e-111 3.967954022789522274e-104 2.068624296608895219e-97 6.379515643421872441e-91 1.163917251472574396e-84 1.256394978542352681e-78 8.025020274373821965e-73 3.033427914828243255e-67 6.786518498981147578e-62 8.987772039416794190e-57 7.047312638194679789e-52 3.272254103425908538e-47 8.999550501589190340e-43 1.466421178407241981e-38 1.416098263085257292e-34 8.107382815851830077e-31 2.752994470174164152e-27 5.547387126194960023e-24 6.637393714513859091e-21 4.719110974379876080e-18 1.995642879207972307e-15 5.025483105430470288e-13 7.547482833925353047e-11 6.773529708831750929e-09 3.642218791977952710e-07 1.177695558348961256e-05 2.301688746473262682e-04 2.739461789752331566e-03 2.008271600789407821e-02 9.231245390688762320e-02 2.738354344410063312e-01 5.493981304520780817e-01 8.022083547031865214e-01 9.423637527734355368e-01 9.892851004918685742e-01 9.987597908750996956e-01 9.999119749930529544e-01 9.999962063383802668e-01 9.999999013716915908e-01 9.999999984602128134e-01 9.999999999856111765e-01 9.999999999999197309e-01 9.999999999999997780e-01 1.000000000000000000e+00 1.000000000000000000e+00 1.000000000000000000e+00 1.000000000000000000e+00 1.000000000000000000e+00 1.000000000000000000e+00 1.000000000000000000e+00 1.000000000000000000e+00 1.000000000000000000e+00 1.000000000000000000e+00 1.000000000000000000e+00 1.000000000000000000e+00 1.000000000000000000e+00 1.000000000000000000e+00 1.000000000000000000e+00 1.000000000000000000e+00 1.000000000000000000e+00 1.000000000000000000e+00 1.000000000000000000e+00 1.000000000000000000e+00 1.000000000000000000e+00 1.000000000000000000e+00 1.000000000000000000e+00 1.000000000000000000e+00 1.000000000000000000e+00 1.000000000000000000e+00 1.000000000000000000e+00 1.000000000000000000e+00 1.000000000000000000e+00 1.000000000000000000e+00 1.000000000000000000e+00 1.000000000000000000e+00 1.000000000000000000e+00 1.000000000000000000e+00 1.000000000000000000e+00 1.000000000000000000e+00 1.000000000000000000e+00 1.000000000000000000e+00 1.000000000000000000e+00
4.166571705948052842e-275 4.710986526234985792e-264 3.148536451764593540e-253 1.243877369705878804e-242 2.904872225174672932e-232 4.010203006726427248e-222 3.272694024777106080e-212 1.578900375153931222e-202 4.503245766876060240e-193 7.593295842223990905e-184 7.569754816742149205e-175 4.461636769383796519e-166 1.554829308708847015e-157 3.203788099709688257e-149 3.903509447051864271e-141 2.812395787194925589e-133 1.198252888960613123e-125 3.019217448614808308e-118 4.499242025659367474e-111 3.965619312478668193e-104 2.067472867024273401e-97 6.376162052392549013e-91 1.163340429468863932e-84 1.255809079796133330e-78 8.021505951432351506e-73 3.032183148995016921e-67 6.783915055015098562e-62 8.984556823471757916e-57 7.044968090288727998e-52 3.271244665321137514e-47 8.996984510223587950e-43 1.466036083767716863e-38 1.415757072661874465e-34 8.105598294351235701e-31 2.752443511719717456e-27 5.546383060089444972e-24 6.636313714207421600e-21 4.718425371861967555e-18 1.995386032846323932e-15 5.024915314209679817e-13 7.546742247816246472e-11 6.772959824876624868e-09 3.641960109064091867e-07 1.177626302080589713e-05 2.301579403237733943e-04 2.739360003748857707e-03 2.008215746338243984e-02 9.231064757544020505e-02 2.738319926349569444e-01 5.493942678220474773e-01 8.022058024717635405e-01 9.423627603503850203e-01 9.892848735204726740e-01 9.987597603648374900e-01 9.999119725845235784e-01 9.999962062268425989e-01 9.999999013686657889e-01 9.999999984601648517e-01 9.999999999856107324e-01 9.999999999999197309e-01 9.999999999999997780e-01 1.000000000000000000e+00 1.000000000000000000e+00 1.000000000000000000e+00 1.000000000000000000e+00 1.000000000000000000e+00 1.000000000000000000e+00 1.000000000000000000e+00 1.000000000000000000e+00 1.000000000000000000e+00 1.000000000000000000e+00 1.000000000000000000e+00 1.000000000000000000e+00 1.000000000000000000e+00 1.000000000000000000e+00 1.000000000000000000e+00 1.000000000000000000e+00 1.000000000000000000e+00 1.000000000000000000e+00 1.000000000000000000e+00 1.000000000000000000e+00 1.000000000000000000e+00 1.000000000000000000e+00 1.000000000000000000e+00 1.000000000000000000e+00 1.000000000000000000e+00 1.000000000000000000e+00 1.000000000000000000e+00 1.000000000000000000e+00 1.000000000000000000e+00 1.000000000000000000e+00 1.000000000000000000e+00 1.000000000000000000e+00 1.000000000000000000e+00 1.000000000000000000e+00 1.000000000000000000e+00 1.000000000000000000e+00 1.000000000000000000e+00 1.000000000000000000e+00 1.000000000000000000e+00
4.154614925255886437e-275 4.697944349053125400e-264 3.140133011254035869e-253 1.240678974669020636e-242 2.897681518148357234e-232 4.000653696166215597e-222 3.265203200548021354e-212 1.575429488710269325e-202 4.493746277661236257e-193 7.577938899098928694e-184 7.555090921132813401e-175 4.453366319256962872e-166 1.552074198300153565e-157 3.198367173139545910e-149 3.897209644032238316e-141 2.808071711555892372e-133 1.196499953055439402e-125 3.015020453932060971e-118 4.493307265239171985e-111 3.960663068713187779e-104 2.065028431286721417e-97 6.369042177655807210e-91 1.162115744139080241e-84 1.254565066167933304e-78 8.014043808910354527e-73 3.029539959720224212e-67 6.778386558997310176e-62 8.977728933642151658e-57 7.039988971463900319e-52 3.269100839361324879e-47 8.991534705981039272e-43 1.465218168158865580e-38 1.415032382114911868e-34 8.101807836088868031e-31 2.751273197758575044e-27 5.544250217171914733e-24 6.634019505609313313e-21 4.716968929446947791e-18 1.994840393535005049e-15 5.023709079956553551e-13 7.545168885568202572e-11 6.771749089581998121e-09 3.641410518133522482e-07 1.177479159160515252e-05 2.301347086712096353e-04 2.739143740074986410e-03 2.008097071113250365e-02 9.230680956713950558e-02 2.738246795522857324e-01 5.493860604852474072e-01 8.022003794208796279e-01 9.423606516038229852e-01 9.892843912373963100e-01 9.987596955343012173e-01 9.999119674666703261e-01 9.999962059898366284e-01 9.999999013622360433e-01 9.999999984600629332e-01 9.999999999856097332e-01 9.999999999999197309e-01 9.999999999999997780e-01 1.000000000000000000e+00 1.000000000000000000e+00 1.000000000000000000e+00 1.000000000000000000e+00 1.000000000000000000e+00 1.000000000000000000e+00 1.000000000000000000e+00 1.000000000000000000e+00 1.000000000000000000e+00 1.000000000000000000e+00 1.000000000000000000e+00 1.000000000000000000e+00 1.000000000000000000e+00 1.000000000000000000e+00 1.000000000000000000e+00 1.000000000000000000e+00 1.000000000000000000e+00 1.000000000000000000e+00 1.000000000000000000e+00 1.000000000000000000e+00 1.000000000000000000e+00 1.000000000000000000e+00 1.000000000000000000e+00 1.000000000000000000e+00 1.000000000000000000e+00 1.000000000000000000e+00 1.000000000000000000e+00 1.000000000000000000e+00 1.000000000000000000e+00 1.000000000000000000e+00 1.000000000000000000e+00 1.000000000000000000e+00 1.000000000000000000e+00 1.000000000000000000e+00 1.000000000000000000e+00 1.000000000000000000e+00 1.000000000000000000e+00 1.000000000000000000e+00 1.000000000000000000e+00
4.127225174012653601e-275 4.668063242706416910e-264 3.120876607564970432e-253 1.233348698264698626e-242 2.881198802727402105e-232 3.978761122337886972e-222 3.248027250331120892e-212 1.567469789554263864e-202 4.471958130204539473e-193 7.542710950634452177e-184 7.521448039877901892e-175 4.434389084215501596e-166 1.545751514179161947e-157 3.185925081053864673e-149 3.882748488828976108e-141 2.798144571473399811e-133 1.192475095853198668e-125 3.005382715135585099e-118 4.479677419577495947e-111 3.949279193165636511e-104 2.059413239934721536e-97 6.352685109435824731e-91 1.159301877411314463e-84 1.251706496611756996e-78 7.996895136520184268e-73 3.023465085557110633e-67 6.765679155993665191e-62 8.962033410070902227e-57 7.028542279022271103e-52 3.264171894151638417e-47 8.979003841590182851e-43 1.463337366466604450e-38 1.413365824965032608e-34 8.093090352090967261e-31 2.748581462321734343e-27 5.539344323575802779e-24 6.628742104001116908e-21 4.713618447592920471e-18 1.993585100740995796e-15 5.020933874160031721e-13 7.541548830826690081e-11 6.768963242888737335e-09 3.640145875297345688e-07 1.177140559323338969e-05 2.300812466657681146e-04 2.738646042861078364e-03 2.007823948969139280e-02 9.229797639485405603e-02 2.738078480088025346e-01 5.493671702610094520e-01 8.021878972919536110e-01 9.423557978445720185e-01 9.892832811339267174e-01 9.987595463073095647e-01 9.999119556862530178e-01 9.999962054442846915e-01 9.999999013474357712e-01 9.999999984598280101e-01 9.999999999856076238e-01 9.999999999999196199e-01 9.999999999999997780e-01 1.000000000000000000e+00 1.000000000000000000e+00 1.000000000000000000e+00 1.000000000000000000e+00 1.000000000000000000e+00 1.000000000000000000e+00 1.000000000000000000e+00 1.000000000000000000e+00 1.000000000000000000e+00 1.000000000000000000e+00 1.000000000000000000e+00 1.000000000000000000e+00 1.000000000000000000e+00 1.000000000000000000e+00 1.000000000000000000e+00 1.000000000000000000e+00 1.000000000000000000e+00 1.000000000000000000e+00 1.000000000000000000e+00 1.000000000000000000e+00 1.000000000000000000e+00 1.000000000000000000e+00 1.000000000000000000e+00 1.000000000000000000e+00 1.000000000000000000e+00 1.000000000000000000e+00 1.000000000000000000e+00 1.000000000000000000e+00 1.000000000000000000e+00 1.000000000000000000e+00 1.000000000000000000e+00 1.000000000000000000e+00 1.000000000000000000e+00 1.000000000000000000e+00 1.000000000000000000e+00 1.000000000000000000e+00 1.000000000000000000e+00 1.000000000000000000e+00 1.000000000000000000e+00
4.056296345182388468e-275 4.590650081586764538e-264 3.070968221817317771e-253 1.214342481031927325e-242 2.838444691948788432e-232 3.921952206185519381e-222 3.203440296910797335e-212 1.546799440696326237e-202 4.415356053300252927e-193 7.451161213251686554e-184 7.433986442935987964e-175 4.385036669572370567e-166 1.529303064008175956e-157 3.153546208865553944e-149 3.845103005301516810e-141 2.772293865545212702e-133 1.181990930163161900e-125 2.980270185023590567e-118 4.444152348681024675e-111 3.919599484913177228e-104 2.044769355318726913e-97 6.310015739691514127e-91 1.151959611849924521e-84 1.244245653549883297e-78 7.952125971367824849e-73 3.007601845188805684e-67 6.732488615611990695e-62 8.921028770093134106e-57 6.998631091208146701e-52 3.251289373104054071e-47 8.946245802355307666e-43 1.458419614189153402e-38 1.409007421821061109e-34 8.070288051434608946e-31 2.741539446832648203e-27 5.526507528807456329e-24 6.614930972438813765e-21 4.704848766389732660e-18 1.990298962982420597e-15 5.013667849068603468e-13 7.532069567607933486e-11 6.761667472108408086e-09 3.636833548668632875e-07 1.176253607375468213e-05 2.299411901068645491e-04 2.737342080497673011e-03 2.007108308017760412e-02 9.227482963623261092e-02 2.737637387841040937e-01 5.493176627165508030e-01 8.021551821713113206e-01 9.423430756953281584e-01 9.892803713220085227e-01 9.987591551379155774e-01 9.999119248052769082e-01 9.999962040141527897e-01 9.999999013086371402e-01 9.999999984592126134e-01 9.999999999856019617e-01 9.999999999999196199e-01 9.999999999999997780e-01 1.000000000000000000e+00 1.000000000000000000e+00 1.000000000000000000e+00 1.000000000000000000e+00 1.000000000000000000e+00 1.000000000000000000e+00 1.000000000000000000e+00 1.000000000000000000e+00 1.000000000000000000e+00 1.000000000000000000e+00 1.000000000000000000e+00 1.000000000000000000e+00 1.000000000000000000e+00 1.000000000000000000e+00 1.000000000000000000e+00 1.000000000000000000e+00 1.000000000000000000e+00 1.000000000000000000e+00 1.000000000000000000e+00 1.000000000000000000e+00 1.000000000000000000e+00 1.000000000000000000e+00 1.000000000000000000e+00 1.000000000000000000e+00 1.000000000000000000e+00 1.000000000000000000e+00 1.000000000000000000e+00 1.000000000000000000e+00 1.000000000000000000e+00 1.000000000000000000e+00 1.000000000000000000e+00 1.000000000000000000e+00 1.000000000000000000e+00 1.000000000000000000e+00 1.000000000000000000e+00 1.000000000000000000e+00 1.000000000000000000e+00 1.000000000000000000e+00 1.000000000000000000e+00
3.852477392972502478e-275 4.367928573292924765e-264 2.927208468246835631e-253 1.159531600701228304e-242 2.715007195046637909e-232 3.757751616139035644e-222 3.074423627294909670e-212 1.486922929780666178e-202 4.251220552790628577e-193 7.185407366620264864e-184 7.179840619721781277e-175 4.241485111657944497e-166 1.481412580019726858e-157 3.059183260357195434e-149 3.735288677613395966e-141 2.696816684362030704e-133 1.151352601531180564e-125 2.906818733674368666e-118 4.340156892390416894e-111 3.832643531859480237e-104 2.001830837721323064e-97 6.184802916927180192e-91 1.130397302834560375e-84 1.222318793355319853e-78 7.820457538285270699e-73 2.960914469229195156e-67 6.634738443675941583e-62 8.800185460553504669e-57 6.910424625558650222e-52 3.213276077357139710e-47 8.849526932533287700e-43 1.443891496191781701e-38 1.396124622278857590e-34 8.002851958686952694e-31 2.720702584153025049e-27 5.488505716134817221e-24 6.574025625851142969e-21 4.678863423160921777e-18 1.980557706209682305e-15 4.992120123785384436e-13 7.503947634682730672e-11 6.740015445478843619e-09 3.627000050217403217e-07 1.173619622622110613e-05 2.295251400095736053e-04 2.733467479453769496e-03 2.004981307332564383e-02 9.220601768119177089e-02 2.736325806671345839e-01 5.491704247046489407e-01 8.020578692112989572e-01 9.423052273371081977e-01 9.892717135388027216e-01 9.987579911385622289e-01 9.999118329052015808e-01 9.999961997578856732e-01 9.999999011931619552e-01 9.999999984573806344e-01 9.999999999855849753e-01 9.999999999999196199e-01 9.999999999999997780e-01 1.000000000000000000e+00 1.000000000000000000e+00 1.000000000000000000e+00 1.000000000000000000e+00 1.000000000000000000e+00 1.000000000000000000e+00 1.000000000000000000e+00 1.000000000000000000e+00 1.000000000000000000e+00 1.000000000000000000e+00 1.000000000000000000e+00 1.000000000000000000e+00 1.000000000000000000e+00 1.000000000000000000e+00 1.000000000000000000e+00 1.000000000000000000e+00 1.000000000000000000e+00 1.000000000000000000e+00 1.000000000000000000e+00 1.000000000000000000e+00 1.000000000000000000e+00 1.000000000000000000e+00 1.000000000000000000e+00 1.000000000000000000e+00 1.000000000000000000e+00 1.000000000000000000e+00 1.000000000000000000e+00 1.000000000000000000e+00 1.000000000000000000e+00 1.000000000000000000e+00 1.000000000000000000e+00 1.000000000000000000e+00 1.000000000000000000e+00 1.000000000000000000e+00 1.000000000000000000e+00 1.000000000000000000e+00 1.000000000000000000e+00 1.000000000000000000e+00 1.000000000000000000e+00
3.249506598115565109e-275 3.706552481306314199e-264 2.498730191679021627e-253 9.955731363187132497e-243 2.344445907285734667e-232 3.263095130470647388e-222 2.684426931463361035e-212 1.305318007267194020e-202 3.751761975393927498e-193 6.374125092376019799e-184 6.401552514741541771e-175 3.800524619258717786e-166 1.333860762154913037e-157 2.767595384363913169e-149 3.394983563655508262e-141 2.462266724975625108e-133 1.055883351722174818e-125 2.677338170873971305e-118 4.014413882913320325e-111 3.559592899803735880e-104 1.866672848757280557e-97 5.789744134221921810e-91 1.062211557996605415e-84 1.152828033333143246e-78 7.402289199918894931e-73 2.812336624935831395e-67 6.323048273770748192e-62 8.414134479112934460e-57 6.628129096378971705e-52 3.091409331366394170e-47 8.538948656662170987e-43 1.397167188599994293e-38 1.354631103947118682e-34 7.785351070253816521e-31 2.653410974491401869e-27 5.365633616546399650e-24 6.441619269740848926e-21 4.594666685874048173e-18 1.948965730598733372e-15 4.922182053322685270e-13 7.412607531171091256e-11 6.669648179936037617e-09 3.595026910276378684e-07 1.165052358408621661e-05 2.281716050230745492e-04 2.720861250586928577e-03 1.998061486369520287e-02 9.198220269704825147e-02 2.732061577939230990e-01 5.486920164154682755e-01 8.017419431995145285e-01 9.421824872569102283e-01 9.892436758917162454e-01 9.987542281712613601e-01 9.999115364546903306e-01 9.999961860649613232e-01 9.999999008229095709e-01 9.999999984515318685e-01 9.999999999855311295e-01 9.999999999999192868e-01 9.999999999999997780e-01 1.000000000000000000e+00 1.000000000000000000e+00 1.000000000000000000e+00 1.000000000000000000e+00 1.000000000000000000e+00 1.000000000000000000e+00 1.000000000000000000e+00 1.000000000000000000e+00 1.000000000000000000e+00 1.000000000000000000e+00 1.000000000000000000e+00 1.000000000000000000e+00 1.000000000000000000e+00 1.000000000000000000e+00 1.000000000000000000e+00 1.000000000000000000e+00 1.000000000000000000e+00 1.000000000000000000e+00 1.000000000000000000e+00 1.000000000000000000e+00 1.000000000000000000e+00 1.000000000000000000e+00 1.000000000000000000e+00 1.000000000000000000e+00 1.000000000000000000e+00 1.000000000000000000e+00 1.000000000000000000e+00 1.000000000000000000e+00 1.000000000000000000e+00 1.000000000000000000e+00 1.000000000000000000e+00 1.000000000000000000e+00 1.000000000000000000e+00 1.000000000000000000e+00 1.000000000000000000e+00 1.000000000000000000e+00 1.000000000000000000e+00 1.000000000000000000e+00 1.000000000000000000e+00
3.795461518094158350e-275 4.322404518955403050e-264 2.909069266375428144e-253 1.157067439020203128e-242 2.719868403308198726e-232 3.778600303190195985e-222 3.102542438837850879e-212 1.505631810851908065e-202 4.318624376194632072e-193 7.321664745162160054e-184 7.337110857535152630e-175 4.346155386970147814e-166 1.521827954265307704e-157 3.150086361971799275e-149 3.854728516972184000e-141 2.788681686497773707e-133 1.192776311452003470e-125 3.016456124791241123e-118 4.510640085998840482e-111 3.988505154795096651e-104 2.085659511607726868e-97 6.450175827361295210e-91 1.179863674984529196e-84 1.276631766359582956e-78 8.171827837733081730e-73 3.094883394525889493e-67 6.935841570391641060e-62 9.199192789029403220e-57 7.222222278568570802e-52 3.356975317849711214e-47 9.240171464461484220e-43 1.506539094868812070e-38 1.455398990062622516e-34 8.333761337439476719e-31 2.829712675598235090e-27 5.700425832131377161e-24 6.817164750598307387e-21 4.843505703441408922e-18 2.046362278850187080e-15 5.147366399071180629e-13 7.720148341904301509e-11 6.917754381586764947e-09 3.713261122601164150e-07 1.198335150057187445e-05 2.337059691416328705e-04 2.775222253612476004e-03 2.029602764509586335e-02 9.306324713801458759e-02 2.753948292452530477e-01 5.513095405260617365e-01 8.035911020572479302e-01 9.429541570199881928e-01 9.894338987857840273e-01 9.987819274481902765e-01 9.999139190414626510e-01 9.999963071258792802e-01 9.999999044564871209e-01 9.999999985159547800e-01 9.999999999862059230e-01 9.999999999999233946e-01 9.999999999999997780e-01 1.000000000000000000e+00 1.000000000000000000e+00 1.000000000000000000e+00 1.000000000000000000e+00 1.000000000000000000e+00 1.000000000000000000e+00 1.000000000000000000e+00 1.000000000000000000e+00 1.000000000000000000e+00 1.000000000000000000e+00 1.000000000000000000e+00 1.000000000000000000e+00 1.000000000000000000e+00 1.000000000000000000e+00 1.000000000000000000e+00 1.000000000000000000e+00 1.000000000000000000e+00 1.000000000000000000e+00 1.000000000000000000e+00 1.000000000000000000e+00 1.000000000000000000e+00 1.000000000000000000e+00 1.000000000000000000e+00 1.000000000000000000e+00 1.000000000000000000e+00 1.000000000000000000e+00 1.000000000000000000e+00 1.000000000000000000e+00 1.000000000000000000e+00 1.000000000000000000e+00 1.000000000000000000e+00 1.000000000000000000e+00 1.000000000000000000e+00 1.000000000000000000e+00 1.000000000000000000e+00 1.000000000000000000e+00 1.000000000000000000e+00 1.000000000000000000e+00 1.000000000000000000e+00
4.190262242544123561e-270 3.301648660389859871e-259 1.545828918169259936e-248 4.300719696395527444e-238 7.110149828100086817e-228 6.985276912493341337e-218 4.078174118810213291e-208 1.414932987785735862e-198 2.917463514500120415e-189 3.575088386930089222e-180 2.603713486228634005e-171 1.127039057080759572e-162 2.899609773992255418e-154 4.434163232160925147e-146 4.030634904689563384e-138 2.177933500270757692e-130 6.995948509283871089e-123 1.335988973724352074e-115 1.516837633643641517e-108 1.023961099216810483e-101 4.110238351859934358e-95 9.811243232294085855e-89 1.392812274551954155e-82 1.176020619422507055e-76 5.906610555798718992e-71 1.764882380635272725e-65 3.137667404287806822e-60 3.319550669887166475e-55 2.090305728175662165e-50 7.835854599186793451e-46 1.749082166785328288e-41 2.325405354882931073e-37 1.841996146580021313e-33 8.696441439061672861e-30 2.448210120816618276e-26 4.111872541322575675e-23 4.122805328161110733e-20 2.469732856607600735e-17 8.847823493871037129e-15 1.897972961189750285e-12 2.441759010955458839e-10 1.887920549258119328e-08 8.797400176514012883e-07 2.480277992085791133e-05 4.254205054550245450e-04 4.475398304344587949e-03 2.923531445066112830e-02 1.209244812747008041e-01 3.268590911748743277e-01 6.076395451840619355e-01 8.401189995369333641e-01 9.569850152285579448e-01 9.926257597067964511e-01 9.992118903601516777e-01 9.999482095619773858e-01 9.999979259638731577e-01 9.999999496889632189e-01 9.999999992638615165e-01 9.999999999935227368e-01 9.999999999999658051e-01 9.999999999999998890e-01 1.000000000000000000e+00 1.000000000000000000e+00 1.000000000000000000e+00 1.000000000000000000e+00 1.000000000000000000e+00 1.000000000000000000e+00 1.000000000000000000e+00 1.000000000000000000e+00 1.000000000000000000e+00 1.000000000000000000e+00 1.000000000000000000e+00 1.000000000000000000e+00 1.000000000000000000e+00 1.000000000000000000e+00 1.000000000000000000e+00 1.000000000000000000e+00 1.000000000000000000e+00 1.000000000000000000e+00 1.000000000000000000e+00 1.000000000000000000e+00 1.000000000000000000e+00 1.000000000000000000e+00 1.000000000000000000e+00 1.000000000000000000e+00 1.000000000000000000e+00 1.000000000000000000e+00 1.000000000000000000e+00 1.000000000000000000e+00 1.000000000000000000e+00 1.000000000000000000e+00 1.000000000000000000e+00 1.000000000000000000e+00 1.000000000000000000e+00 1.000000000000000000e+00 1.000000000000000000e+00 1.000000000000000000e+00 1.000000000000000000e+00 1.000000000000000000e+00 1.000000000000000000e+00
6.166865154434689469e-236 3.040244645643855627e-226 9.347438730871919625e-217 1.792360894844231496e-207 2.143464729128297611e-198 1.598730365588072799e-189 7.437256511344658914e-181 2.157945014385499579e-172 3.905443260155557702e-164 4.408753647471793020e-156 3.104495933941660808e-148 1.363676888549003868e-140 3.736746204779809533e-133 6.387861273804566592e-126 6.812659396560349115e-119 4.533133657544463590e-112 1.882020270172941518e-105 4.875503539533079952e-99 7.881557257975084527e-93 7.951201692669576925e-87 5.006286428465515640e-81 1.967426400763565966e-75 4.826397491486358901e-70 7.391562551905631657e-65 7.067900851364546021e-60 4.220313429901837344e-55 1.573858982955310421e-50 3.666314540561775969e-46 5.336091175404768900e-42 4.853401813909481945e-38 2.759398201804128963e-34 9.809852741726139730e-31 2.181469332658246800e-27 3.035723677009411726e-24 2.645007775130022682e-21 1.443828711599807669e-18 4.941537273959365976e-16 1.061403216881471234e-13 1.432493795604759276e-11 1.216658049834365368e-09 6.516026353102918468e-08 2.206505659535279353e-06 4.741735695653952562e-05 6.500356722650781115e-04 5.727764497256731223e-03 3.281003006441633729e-02 1.243457719373596004e-01 3.205875506310971734e-01 5.876174652780588037e-01 8.182978421331825736e-01 9.447973677209686727e-01 9.888098592089167305e-01 9.985174255428073131e-01 9.998733029334843092e-01 9.999930767672996490e-01 9.999997595224958680e-01 9.999999947123932031e-01 9.999999999266231399e-01 9.999999999993587352e-01 9.999999999999964473e-01 1.000000000000000000e+00 1.000000000000000000e+00 1.000000000000000000e+00 1.000000000000000000e+00 1.000000000000000000e+00 1.000000000000000000e+00 1.000000000000000000e+00 1.000000000000000000e+00 1.000000000000000000e+00 1.000000000000000000e+00 1.000000000000000000e+00 1.000000000000000000e+00 1.000000000000000000e+00 1.000000000000000000e+00 1.000000000000000000e+00 1.000000000000000000e+00 1.000000000000000000e+00 1.000000000000000000e+00 1.000000000000000000e+00 1.000000000000000000e+00 1.000000000000000000e+00 1.000000000000000000e+00 1.000000000000000000e+00 1.000000000000000000e+00 1.000000000000000000e+00 1.000000000000000000e+00 1.000000000000000000e+00 1.000000000000000000e+00 1.000000000000000000e+00 1.000000000000000000e+00 1.000000000000000000e+00 1.000000000000000000e+00 1.000000000000000000e+00 1.000000000000000000e+00 1.000000000000000000e+00 1.000000000000000000e+00 1.000000000000000000e+00 1.000000000000000000e+00 1.000000000000000000e+00 1.000000000000000000e+00
3.920539718833008721e-156 1.537403088336080070e-149 4.327207360498844394e-143 8.742091032992985229e-137 1.267712755815661824e-130 1.319578717490628446e-124 9.859852988702756455e-119 5.288578305049445661e-113 2.036359434569348915e-107 5.629005061148365486e-102 1.117085552001640147e-96 1.591607685088495605e-91 1.628167503723962560e-86 1.195902839550674996e-81 6.307374166329855071e-77 2.388808585653546461e-72 6.497116472555352544e-68 1.269099281682645862e-63 1.780484741298165369e-59 1.794254624163576479e-55 1.298889992810005564e-51 6.755335366463322085e-48 2.524390946620253950e-44 6.778855087857301509e-41 1.308301911531131263e-37 1.815020510988257862e-34 1.810325905426463751e-31 1.298449093703645206e-28 6.698709128230182809e-26 2.486435347487114720e-23 6.642404425965791769e-21 1.277623573765070852e-18 1.770144096909941961e-16 1.767585531928939577e-14 1.272935930141356745e-12 6.616676902254067676e-11 2.484955128511088223e-09 6.751396786304535502e-08 1.329137905738465637e-06 1.900050587752202943e-05 1.977863869691204909e-04 1.504921757022709703e-03 8.414060958333944434e-03 3.482712289299531860e-02 1.078833590659304537e-01 2.541220564985506858e-01 4.660173632933161114e-01 6.882882002766386176e-01 8.570802635773375755e-01 9.498687443868021330e-01 9.867862523547710207e-01 9.974143151062725421e-01 9.996274865669173559e-01 9.999607180014954411e-01 9.999969806245641024e-01 9.999998313510982673e-01 9.999999931703671407e-01 9.999999997998304524e-01 9.999999999957597252e-01 9.999999999999351630e-01 9.999999999999993339e-01 1.000000000000000000e+00 1.000000000000000000e+00 1.000000000000000000e+00 1.000000000000000000e+00 1.000000000000000000e+00 1.000000000000000000e+00 1.000000000000000000e+00 1.000000000000000000e+00 1.000000000000000000e+00 1.000000000000000000e+00 1.000000000000000000e+00 1.000000000000000000e+00 1.000000000000000000e+00 1.000000000000000000e+00 1.000000000000000000e+00 1.000000000000000000e+00 1.000000000000000000e+00 1.000000000000000000e+00 1.000000000000000000e+00 1.000000000000000000e+00 1.000000000000000000e+00 1.000000000000000000e+00 1.000000000000000000e+00 1.000000000000000000e+00 1.000000000000000000e+00 1.000000000000000000e+00 1.000000000000000000e+00 1.000000000000000000e+00 1.000000000000000000e+00 1.000000000000000000e+00 1.000000000000000000e+00 1.000000000000000000e+00 1.000000000000000000e+00 1.000000000000000000e+00 1.000000000000000000e+00 1.000000000000000000e+00 1.000000000000000000e+00 1.000000000000000000e+00 1.000000000000000000e+00
8.870513056546950244e-82 3.323669567057575831e-78 1.031959639930857981e-74 2.655181817035008513e-71 5.661404662434903696e-68 1.000380172105751724e-64 1.464975673508354848e-61 1.778012373582897880e-58 1.788520414263893831e-55 1.491161893604322636e-52 1.030495053036942919e-49 5.903061194740770248e-47 2.803113875669258575e-44 1.103468899557111831e-41 3.601317556781905709e-39 9.744808334598534151e-37 2.186387896064269249e-34 4.067784006894496281e-32 6.276300967010440481e-30 8.031701478265920741e-28 8.525441907049053367e-26 7.507322740128435662e-24 5.484941796895695175e-22 3.325411006652201692e-20 1.673330385096423098e-18 6.989861118117446503e-17 2.424410051786208948e-15 6.984089585077148399e-14 1.671528355004242882e-12 3.324868571777285001e-11 5.498905610589093294e-10 7.565500973236461567e-09 8.664038168544819681e-08 8.264950720601309351e-07 6.573294070811313681e-06 4.363394898463843728e-05 2.420798040606092158e-04 1.124438808419458719e-03 4.382454472914338803e-03 1.437308959960113992e-02 3.981733469721817492e-02 9.363980328846031875e-02 1.882052553552129026e-01 3.262149178437857011e-01 4.935178686618320598e-01 6.619866578319686390e-01 8.029016568606908155e-01 9.008084003786858140e-01 9.573121038400629335e-01 9.843976254856530161e-01 9.951815413689482082e-01 9.987474812602141760e-01 9.997267582968805133e-01 9.999500866369588348e-01 9.999923786928610614e-01 9.999990286388684702e-01 9.999998967744849754e-01 9.999999908618795175e-01 9.999999993266055487e-01 9.999999999587181332e-01 9.999999999978956833e-01 9.999999999999108491e-01 9.999999999999968914e-01 9.999999999999998890e-01 1.000000000000000000e+00 1.000000000000000000e+00 1.000000000000000000e+00 1.000000000000000000e+00 1.000000000000000000e+00 1.000000000000000000e+00 1.000000000000000000e+00 1.000000000000000000e+00 1.000000000000000000e+00 1.000000000000000000e+00 1.000000000000000000e+00 1.000000000000000000e+00 1.000000000000000000e+00 1.000000000000000000e+00 1.000000000000000000e+00 1.000000000000000000e+00 1.000000000000000000e+00 1.000000000000000000e+00 1.000000000000000000e+00 1.000000000000000000e+00 1.000000000000000000e+00 1.000000000000000000e+00 1.000000000000000000e+00 1.000000000000000000e+00 1.000000000000000000e+00 1.000000000000000000e+00 1.000000000000000000e+00 1.000000000000000000e+00 1.000000000000000000e+00 1.000000000000000000e+00 1.000000000000000000e+00 1.000000000000000000e+00 1.000000000000000000e+00 1.000000000000000000e+00 1.000000000000000000e+00 1.000000000000000000e+00
6.821460921511954668e-45 6.676390700779851729e-43 5.865897582760759993e-41 4.626658033576878375e-39 3.276070167193239638e-37 2.082598199944999439e-35 1.188608864152727157e-33 6.090731668602432032e-32 2.802296754487764774e-30 1.157687891404356514e-28 4.294590010556012594e-27 1.430627902223070523e-25 4.279867521793184489e-24 1.149896433175292738e-22 2.774856347820529997e-21 6.014604779325122504e-20 1.171097706006316057e-18 2.048504305292804678e-17 3.219443220016030759e-16 4.546445389951268504e-15 5.769831984829445826e-14 6.581324821612985420e-13 6.748213340240085749e-12 6.221062086784532212e-11 5.157337236046680934e-10 3.845640529521887178e-09 2.579912668672761307e-08 1.557622921410778265e-07 8.466204037623928354e-07 4.144353032467964908e-06 1.827968395864452443e-05 7.268811037038085023e-05 2.607502558928841618e-04 8.444865680842545286e-04 2.471596350681546251e-03 6.544519113588346572e-03 1.570015731138403592e-02 3.418295651745359431e-02 6.769081388099243424e-02 1.222449932688143837e-01 2.020103035780324019e-01 3.067488361096836202e-01 4.302600964507502512e-01 5.610622889034515559e-01 6.854656630179921661e-01 7.917227071276224937e-01 8.732289755099538198e-01 9.293765219327413396e-01 9.641121654173472333e-01 9.834106200553136556e-01 9.930393653889562078e-01 9.973536993992697663e-01 9.990897053478294820e-01 9.997170094144113284e-01 9.999205683270511180e-01 9.999798857905117799e-01 9.999954078879669250e-01 9.999990553288087280e-01 9.999998249738154543e-01 9.999999708052211833e-01 9.999999956173417637e-01 9.999999994080688293e-01 9.999999999280893004e-01 9.999999999921438398e-01 9.999999999992283950e-01 9.999999999999318323e-01 9.999999999999946709e-01 9.999999999999995559e-01 1.000000000000000000e+00 1.000000000000000000e+00 1.000000000000000000e+00 1.000000000000000000e+00 1.000000000000000000e+00 1.000000000000000000e+00 1.000000000000000000e+00 1.000000000000000000e+00 1.000000000000000000e+00 1.000000000000000000e+00 1.000000000000000000e+00 1.000000000000000000e+00 1.000000000000000000e+00 1.000000000000000000e+00 1.000000000000000000e+00 1.000000000000000000e+00 1.000000000000000000e+00 1.000000000000000000e+00 1.000000000000000000e+00 1.000000000000000000e+00 1.000000000000000000e+00 1.000000000000000000e+00 1.000000000000000000e+00 1.000000000000000000e+00 1.000000000000000000e+00 1.000000000000000000e+00 1.000000000000000000e+00 1.000000000000000000e+00 1.000000000000000000e+00 1.000000000000000000e+00 1.000000000000000000e+00 1.000000000000000000e+00
1.290086592615997311e-32 3.786968551343916979e-31 1.024359655357615656e-29 2.553370570190931719e-28 5.865289903570573115e-27 1.241635289630714156e-25 2.422386141876042156e-24 4.355665939609534460e-23 7.218486258339798063e-22 1.102651228758388547e-20 1.552574634605269268e-19 2.015175494048768517e-18 2.411266905722683670e-17 2.659978555310484164e-16 2.705469216441511470e-15 2.537306699467377533e-14 2.194355971472312584e-13 1.750196486511322012e-12 1.287533734502668161e-11 8.737239816415702263e-11 5.470053209878685046e-10 3.159914642808005303e-09 1.684607253843321907e-08 8.289799411774608669e-08 3.766214921854950333e-07 1.580115090903756434e-06 6.123747336836201193e-06 2.192964598980486418e-05 7.259301569834931912e-05 2.222268911394567517e-04 6.294465560518798649e-04 1.650603262226001599e-03 4.010117568060964262e-03 9.033786427860169416e-03 1.888952151469142776e-02 3.670625065358291972e-02 6.638455167704336579e-02 1.119382041551495038e-01 1.763671961173123859e-01 2.603352573122481584e-01 3.611727650027052317e-01 4.727577187727824981e-01 5.865374580188968956e-01 6.934429536513178061e-01 7.860002805706014506e-01 8.598411770038145718e-01 9.141234528320757446e-01 9.508934374562045821e-01 9.738444782898805219e-01 9.870447820388136284e-01 9.940405754440022612e-01 9.974569092386558200e-01 9.989941875485366385e-01 9.996315875359986780e-01 9.998751090182619317e-01 9.999608377458866215e-01 9.999886462363778428e-01 9.999969579071523729e-01 9.999992469659921834e-01 9.999998278387395301e-01 9.999999636569729677e-01 9.999999929177392222e-01 9.999999987262029322e-01 9.999999997885884451e-01 9.999999999676265627e-01 9.999999999954267693e-01 9.999999999994040323e-01 9.999999999999283906e-01 9.999999999999920064e-01 9.999999999999991118e-01 1.000000000000000000e+00 1.000000000000000000e+00 1.000000000000000000e+00 1.000000000000000000e+00 1.000000000000000000e+00 1.000000000000000000e+00 1.000000000000000000e+00 1.000000000000000000e+00 1.000000000000000000e+00 1.000000000000000000e+00 1.000000000000000000e+00 1.000000000000000000e+00 1.000000000000000000e+00 1.000000000000000000e+00 1.000000000000000000e+00 1.000000000000000000e+00 1.000000000000000000e+00 1.000000000000000000e+00 1.000000000000000000e+00 1.000000000000000000e+00 1.000000000000000000e+00 1.000000000000000000e+00 1.000000000000000000e+00 1.000000000000000000e+00 1.000000000000000000e+00 1.000000000000000000e+00 1.000000000000000000e+00 1.000000000000000000e+00 1.000000000000000000e+00 1.000000000000000000e+00
5.047532453609807114e-25 7.063023258019875509e-24 9.253407523898796134e-23 1.135078896493486286e-21 1.303702619541553607e-20 1.402087554132606682e-19 1.411994790800819265e-18 1.331591735994280154e-17 1.176005538863382404e-16 9.726798352874955160e-16 7.534885651927814776e-15 5.467083979557947825e-14 3.715657813775262585e-13 2.365635753794002391e-12 1.410998806704221296e-11 7.885149705669237029e-11 4.128950408898571441e-10 2.026106434818369426e-09 9.318142247074248251e-09 4.016969036697657655e-08 1.623432113155337863e-07 6.151891104041883920e-07 2.186268841579952110e-06 7.288047587617761746e-06 2.279483184046994843e-05 6.691119166322310400e-05 1.843891570360843308e-04 4.772039052587477830e-04 1.160344621795476655e-03 2.652138903066518331e-03 5.701367883539523382e-03 1.153520369984220063e-02 2.198245630406887863e-02 3.949439873156670999e-02 6.697026633679498131e-02 1.073212242587446436e-01 1.627891629491364511e-01 2.341592593213777940e-01 3.201153953886628489e-01 4.170154514566341564e-01 5.192641623490521496e-01 6.202541643209822375e-01 7.136194936137432165e-01 7.944135690981852793e-01 8.598560680493116948e-01 9.094726093694825986e-01 9.446836662295762244e-01 9.680729667664405014e-01 9.826155172258896897e-01 9.910789899714042006e-01 9.956894125602469003e-01 9.980402162081891682e-01 9.991621694932517617e-01 9.996633743118448212e-01 9.998729480849433138e-01 9.999549717151643424e-01 9.999850200541819945e-01 9.999953234503600186e-01 9.999986303250182340e-01 9.999996237415524902e-01 9.999999030732424909e-01 9.999999765894374004e-01 9.999999946994430067e-01 9.999999988751078206e-01 9.999999997762696324e-01 9.999999999583021326e-01 9.999999999927182692e-01 9.999999999988086197e-01 9.999999999998174793e-01 9.999999999999737987e-01 9.999999999999964473e-01 9.999999999999995559e-01 1.000000000000000000e+00 1.000000000000000000e+00 1.000000000000000000e+00 1.000000000000000000e+00 1.000000000000000000e+00 1.000000000000000000e+00 1.000000000000000000e+00 1.000000000000000000e+00 1.000000000000000000e+00 1.000000000000000000e+00 1.000000000000000000e+00 1.000000000000000000e+00 1.000000000000000000e+00 1.000000000000000000e+00 1.000000000000000000e+00 1.000000000000000000e+00 1.000000000000000000e+00 1.000000000000000000e+00 1.000000000000000000e+00 1.000000000000000000e+00 1.000000000000000000e+00 1.000000000000000000e+00 1.000000000000000000e+00 1.000000000000000000e+00 1.000000000000000000e+00 1.000000000000000000e+00 1.000000000000000000e+00 1.000000000000000000e+00
9.430701111516375342e-21 8.625867673999556671e-20 7.456088111404337983e-19 6.090925805605453808e-18 4.702570996514416762e-17 3.431501294932929380e-16 2.366726556065197235e-15 1.542932728483703464e-14 9.508290944903237255e-14 5.539084029507693245e-13 3.050556163187258332e-12 1.588377000821630049e-11 7.819737991046595612e-11 3.640226318175901517e-10 1.602503615582168136e-09 6.671826955978952836e-09 2.627305866216568218e-08 9.786930337247580518e-08 3.449116505620309106e-07 1.150155819748201511e-06 3.629629548539323221e-06 1.084183119104159976e-05 3.065953333609659217e-05 8.210136816912517001e-05 2.082428481967310617e-04 5.004415491365331358e-04 1.139849545673348808e-03 2.461625278649040745e-03 5.042802859799721746e-03 9.804467778066235442e-03 1.810261268696363932e-02 3.176368539930538026e-02 5.300936002676777392e-02 8.422257317161169210e-02 1.275426198425616553e-01 1.843391833314055317e-01 2.546849699462987449e-01 3.369920421162621027e-01 4.279664743586043540e-01 5.229579775042275669e-01 6.166566419775439956e-01 7.039668990356933165e-01 7.808233472847905254e-01 8.447347641948589336e-01 8.949412181275875344e-01 9.321995541802358121e-01 9.583193613925186094e-01 9.756174789982166029e-01 9.864395359613739034e-01 9.928354492295861089e-01 9.964063415019724923e-01 9.982896955932194505e-01 9.992280520380236730e-01 9.996697077781091512e-01 9.998660797978162762e-01 9.999485609091628424e-01 9.999812880464125087e-01 9.999935550802765416e-01 9.999978986673117021e-01 9.999993515624312490e-01 9.999998106506000628e-01 9.999999476861773928e-01 9.999999863268995703e-01 9.999999966196406742e-01 9.999999992095823798e-01 9.999999998252144806e-01 9.999999999634514580e-01 9.999999999927736694e-01 9.999999999986490806e-01 9.999999999997613020e-01 9.999999999999600320e-01 9.999999999999937828e-01 9.999999999999991118e-01 9.999999999999998890e-01 1.000000000000000000e+00 1.000000000000000000e+00 1.000000000000000000e+00 1.000000000000000000e+00 1.000000000000000000e+00 1.000000000000000000e+00 1.000000000000000000e+00 1.000000000000000000e+00 1.000000000000000000e+00 1.000000000000000000e+00 1.000000000000000000e+00 1.000000000000000000e+00 1.000000000000000000e+00 1.000000000000000000e+00 1.000000000000000000e+00 1.000000000000000000e+00 1.000000000000000000e+00 1.000000000000000000e+00 1.000000000000000000e+00 1.000000000000000000e+00 1.000000000000000000e+00 1.000000000000000000e+00 1.000000000000000000e+00 1.000000000000000000e+00 1.000000000000000000e+00 1.000000000000000000e+00
2.644780443882979225e-19 2.060626916769086586e-18 1.523328808355621193e-17 1.068530945744215700e-16 7.112060780264271854e-16 4.491958192813956046e-15 2.692317027844570181e-14 1.531393536950555500e-13 8.266831759075036493e-13 4.235517672308930629e-12 2.059750081747016469e-11 9.508041101606023599e-11 4.166453531138086815e-10 1.733302763429082908e-09 6.846229543518245916e-09 2.567663586367731178e-08 9.144904693857753712e-08 3.093315667045920164e-07 9.938673477011278724e-07 3.033564166408678030e-06 8.797661744758942149e-06 2.424642757137021758e-05 6.351575953516211826e-05 1.581854522576899068e-04 3.746399443905458156e-04 8.440159090339245662e-04 1.809342123488551441e-03 3.692239885967552298e-03 7.175445531767187489e-03 1.328671668834963820e-02 2.345585963174147415e-02 3.950448288762915122e-02 6.352553845435718327e-02 9.762499724922904520e-02 1.435346666994626319e-01 2.021568902849800731e-01 2.731509454398092229e-01 3.546933207191629300e-01 4.435206257411489772e-01 5.352928830547152295e-01 6.252174096409508497e-01 7.087866997323595264e-01 7.824442096048274120e-01 8.440170304840755033e-01 8.928330843786995707e-01 9.295391438657867322e-01 9.557158006948928142e-01 9.734206295797178665e-01 9.847778019299444630e-01 9.916873459797167500e-01 9.956741876502327449e-01 9.978559564216511468e-01 9.989883261953202975e-01 9.995457266068065172e-01 9.998059494399211822e-01 9.999211679406985187e-01 9.999695514451568679e-01 9.999888209369438563e-01 9.999960994148677784e-01 9.999987068154305714e-01 9.999995926881017905e-01 9.999998781385179836e-01 9.999999653724256365e-01 9.999999906557783813e-01 9.999999976056711537e-01 9.999999994174910700e-01 9.999999998654567346e-01 9.999999999704995979e-01 9.999999999938600226e-01 9.999999999987869703e-01 9.999999999997726263e-01 9.999999999999595879e-01 9.999999999999931166e-01 9.999999999999988898e-01 9.999999999999997780e-01 1.000000000000000000e+00 1.000000000000000000e+00 1.000000000000000000e+00 1.000000000000000000e+00 1.000000000000000000e+00 1.000000000000000000e+00 1.000000000000000000e+00 1.000000000000000000e+00 1.000000000000000000e+00 1.000000000000000000e+00 1.000000000000000000e+00 1.000000000000000000e+00 1.000000000000000000e+00 1.000000000000000000e+00 1.000000000000000000e+00 1.000000000000000000e+00 1.000000000000000000e+00 1.000000000000000000e+00 1.000000000000000000e+00 1.000000000000000000e+00 1.000000000000000000e+00 1.000000000000000000e+00 1.000000000000000000e+00 1.000000000000000000e+00 1.000000000000000000e+00
1.454301405326947473e-17 9.496644443166373554e-17 5.907332324559019322e-16 3.500524601853876664e-15 1.976112061296655661e-14 1.062781993821953006e-13 5.445652048245582128e-13 2.658576358221070712e-12 1.236699391620598021e-11 5.481747951489204933e-11 2.315475533692849041e-10 9.320866239349158259e-10 3.576010119108709640e-09 1.307681777329934607e-08 4.558313524787315937e-08 1.514770725627154828e-07 4.799283492671683562e-07 1.449919536084927560e-06 4.177402363435536096e-06 1.147960825881336281e-05 3.009380631487931041e-05 7.527244811330096252e-05 1.796773655858892196e-04 4.094022406895044138e-04 8.906787933318056297e-04 1.850701044756149693e-03 3.674042884144507800e-03 6.971319381776309478e-03 1.264863915198151043e-02 2.195612306566701449e-02 3.648467702480295838e-02 5.807771928321828203e-02 8.863444354585839347e-02 1.298063920405986837e-01 1.826263242254645147e-01 2.471465914867130576e-01 3.221872198754195393e-01 4.052867977715616243e-01 4.929068017587666106e-01 5.808717876677866876e-01 6.649567871923145468e-01 7.414863645548067650e-01 8.078060050660130775e-01 8.625273811190414808e-01 9.055180073520397999e-01 9.376762527100934719e-01 9.605803196537958666e-01 9.761125708662167222e-01 9.861415697674241754e-01 9.923072635443495049e-01 9.959164332465418878e-01 9.979279951976508523e-01 9.989954759027630526e-01 9.995348460460414808e-01 9.997943319282518448e-01 9.999131931599445355e-01 9.999650332870093639e-01 9.999865606526900930e-01 9.999950723145388798e-01 9.999982766361846798e-01 9.999994252015670382e-01 9.999998171896020693e-01 9.999999445654079722e-01 9.999999839746139818e-01 9.999999955838749788e-01 9.999999988400456452e-01 9.999999997096162829e-01 9.999999999307207510e-01 9.999999999842490439e-01 9.999999999965876185e-01 9.999999999992956745e-01 9.999999999998614442e-01 9.999999999999740208e-01 9.999999999999953371e-01 9.999999999999992228e-01 9.999999999999998890e-01 1.000000000000000000e+00 1.000000000000000000e+00 1.000000000000000000e+00 1.000000000000000000e+00 1.000000000000000000e+00 1.000000000000000000e+00 1.000000000000000000e+00 1.000000000000000000e+00 1.000000000000000000e+00 1.000000000000000000e+00 1.000000000000000000e+00 1.000000000000000000e+00 1.000000000000000000e+00 1.000000000000000000e+00 1.000000000000000000e+00 1.000000000000000000e+00 1.000000000000000000e+00 1.000000000000000000e+00 1.000000000000000000e+00 1.000000000000000000e+00 1.000000000000000000e+00 1.000000000000000000e+00 1.000000000000000000e+00 1.000000000000000000e+00
