0.000000000000000000e+00 0.000000000000000000e+00 0.000000000000000000e+00 0.000000000000000000e+00 0.000000000000000000e+00 0.000000000000000000e+00 0.000000000000000000e+00 0.000000000000000000e+00 0.000000000000000000e+00 0.000000000000000000e+00 0.000000000000000000e+00 0.000000000000000000e+00 0.000000000000000000e+00 0.000000000000000000e+00 0.000000000000000000e+00 0.000000000000000000e+00 0.000000000000000000e+00 0.000000000000000000e+00 0.000000000000000000e+00 0.000000000000000000e+00 0.000000000000000000e+00 0.000000000000000000e+00 0.000000000000000000e+00 0.000000000000000000e+00 0.000000000000000000e+00 0.000000000000000000e+00 0.000000000000000000e+00 0.000000000000000000e+00 0.000000000000000000e+00 0.000000000000000000e+00 0.000000000000000000e+00 0.000000000000000000e+00 6.197777680724764998e-310 1.201047963875374358e-269 3.494276298933372734e-232 1.527564818444333357e-197 1.004521923215744098e-165 9.950514484195594379e-137 1.487519880254036845e-110 3.364383072347382934e-87 1.155352307982843572e-66 6.055597902107370381e-49 4.883869552753367571e-34 6.144252324667196257e-22 1.237001546988418927e-12 4.215369143445154666e-06 2.851235894499600659e-02 7.414107098752984459e-01 9.993093315225236584e-01 9.999999955204970092e-01 1.000000000000000000e+00 1.000000000000000000e+00 1.000000000000000000e+00 1.000000000000000000e+00 1.000000000000000000e+00 1.000000000000000000e+00 1.000000000000000000e+00 1.000000000000000000e+00 1.000000000000000000e+00 1.000000000000000000e+00 1.000000000000000000e+00 1.000000000000000000e+00 1.000000000000000000e+00 1.000000000000000000e+00 1.000000000000000000e+00 1.000000000000000000e+00 1.000000000000000000e+00 1.000000000000000000e+00 1.000000000000000000e+00 1.000000000000000000e+00 1.000000000000000000e+00 1.000000000000000000e+00 1.000000000000000000e+00 1.000000000000000000e+00 1.000000000000000000e+00 1.000000000000000000e+00 1.000000000000000000e+00 1.000000000000000000e+00 1.000000000000000000e+00 1.000000000000000000e+00 1.000000000000000000e+00 1.000000000000000000e+00 1.000000000000000000e+00 1.000000000000000000e+00 1.000000000000000000e+00 1.000000000000000000e+00 1.000000000000000000e+00 1.000000000000000000e+00 1.000000000000000000e+00 1.000000000000000000e+00 1.000000000000000000e+00 1.000000000000000000e+00 1.000000000000000000e+00 1.000000000000000000e+00 1.000000000000000000e+00 1.000000000000000000e+00 1.000000000000000000e+00 1.000000000000000000e+00 1.000000000000000000e+00 1.000000000000000000e+00
0.000000000000000000e+00 0.000000000000000000e+00 0.000000000000000000e+00 0.000000000000000000e+00 0.000000000000000000e+00 0.000000000000000000e+00 0.000000000000000000e+00 0.000000000000000000e+00 0.000000000000000000e+00 0.000000000000000000e+00 0.000000000000000000e+00 0.000000000000000000e+00 0.000000000000000000e+00 0.000000000000000000e+00 0.000000000000000000e+00 0.000000000000000000e+00 0.000000000000000000e+00 0.000000000000000000e+00 0.000000000000000000e+00 0.000000000000000000e+00 0.000000000000000000e+00 0.000000000000000000e+00 0.000000000000000000e+00 0.000000000000000000e+00 0.000000000000000000e+00 0.000000000000000000e+00 0.000000000000000000e+00 0.000000000000000000e+00 0.000000000000000000e+00 7.057727750842206884e-320 5.046547308395340545e-285 3.417706435735481014e-252 2.193272093260190105e-221 1.334485565708974371e-192 7.703723728188829545e-166 4.223071460119472457e-141 2.200757261170748119e-118 1.091804919820849054e-97 5.166037448456151564e-79 2.337284039188358923e-62 1.014747243039595334e-47 4.249882574440014370e-35 1.731065583633431643e-24 6.951898550572095619e-16 2.823339806634672416e-09 1.224725405766689476e-04 6.576740803786054745e-02 7.425845219055057234e-01 9.975286518332220353e-01 9.999996655043849048e-01 9.999999999994966249e-01 1.000000000000000000e+00 1.000000000000000000e+00 1.000000000000000000e+00 1.000000000000000000e+00 1.000000000000000000e+00 1.000000000000000000e+00 1.000000000000000000e+00 1.000000000000000000e+00 1.000000000000000000e+00 1.000000000000000000e+00 1.000000000000000000e+00 1.000000000000000000e+00 1.000000000000000000e+00 1.000000000000000000e+00 1.000000000000000000e+00 1.000000000000000000e+00 1.000000000000000000e+00 1.000000000000000000e+00 1.000000000000000000e+00 1.000000000000000000e+00 1.000000000000000000e+00 1.000000000000000000e+00 1.000000000000000000e+00 1.000000000000000000e+00 1.000000000000000000e+00 1.000000000000000000e+00 1.000000000000000000e+00 1.000000000000000000e+00 1.000000000000000000e+00 1.000000000000000000e+00 1.000000000000000000e+00 1.000000000000000000e+00 1.000000000000000000e+00 1.000000000000000000e+00 1.000000000000000000e+00 1.000000000000000000e+00 1.000000000000000000e+00 1.000000000000000000e+00 1.000000000000000000e+00 1.000000000000000000e+00 1.000000000000000000e+00 1.000000000000000000e+00 1.000000000000000000e+00 1.000000000000000000e+00 1.000000000000000000e+00 1.000000000000000000e+00 1.000000000000000000e+00 1.000000000000000000e+00 1.000000000000000000e+00
0.000000000000000000e+00 0.000000000000000000e+00 0.000000000000000000e+00 0.000000000000000000e+00 0.000000000000000000e+00 0.000000000000000000e+00 6.061889035084590349e-318 1.632137850501436384e-302 1.805370390548914934e-287 8.204482094226145578e-273 1.531888831040809685e-258 1.175199806460619873e-244 3.704445272953403255e-231 4.798239594202632273e-218 2.553936244803099399e-205 5.586395891284200737e-193 5.021961669746418808e-181 1.855513968043804793e-169 2.817969789573582245e-158 1.759240637320974159e-147 4.515131844967312987e-137 4.764484061089048280e-127 2.067334675681221796e-117 3.689015496753343239e-108 2.707555713869913264e-99 8.174899625541851383e-91 1.015561974380002786e-82 5.192090339735380315e-75 1.092690368674250114e-67 9.468820288492607418e-61 3.379752676155477755e-54 4.970928097529636838e-48 3.014119871027291200e-42 7.538831033465111346e-37 7.783475806651152415e-32 3.320076693873590371e-27 5.857398672202444563e-23 4.280115737542114421e-19 1.297781825024020839e-15 1.636887517674984168e-12 8.617725030331996348e-10 1.903034477830936200e-07 1.775588591224180529e-05 7.079766769227637457e-04 1.229243878099607439e-02 9.605740827461126119e-02 3.591121299024345181e-01 7.199464127317610762e-01 9.365196808464779643e-01 9.932389265833424519e-01 9.996790094614785849e-01 9.999933994179593943e-01 9.999999421807916899e-01 9.999999997864321699e-01 9.999999999996695976e-01 9.999999999999997780e-01 1.000000000000000000e+00 1.000000000000000000e+00 1.000000000000000000e+00 1.000000000000000000e+00 1.000000000000000000e+00 1.000000000000000000e+00 1.000000000000000000e+00 1.000000000000000000e+00 1.000000000000000000e+00 1.000000000000000000e+00 1.000000000000000000e+00 1.000000000000000000e+00 1.000000000000000000e+00 1.000000000000000000e+00 1.000000000000000000e+00 1.000000000000000000e+00 1.000000000000000000e+00 1.000000000000000000e+00 1.000000000000000000e+00 1.000000000000000000e+00 1.000000000000000000e+00 1.000000000000000000e+00 1.000000000000000000e+00 1.000000000000000000e+00 1.000000000000000000e+00 1.000000000000000000e+00 1.000000000000000000e+00 1.000000000000000000e+00 1.000000000000000000e+00 1.000000000000000000e+00 1.000000000000000000e+00 1.000000000000000000e+00 1.000000000000000000e+00 1.000000000000000000e+00 1.000000000000000000e+00 1.000000000000000000e+00 1.000000000000000000e+00 1.000000000000000000e+00 1.000000000000000000e+00 1.000000000000000000e+00 1.000000000000000000e+00 1.000000000000000000e+00 1.000000000000000000e+00 1.000000000000000000e+00
8.462672870415389966e-167 1.003174784435806144e-159 8.320840359731621313e-153 4.829353617526021123e-146 1.961337991142608163e-139 5.574021204008945546e-133 1.108535159813522579e-126 1.542793645770910305e-120 1.502648988214782346e-114 1.024267721220756747e-108 4.886431184010614529e-103 1.631585735946684391e-97 3.813175314239408344e-92 6.237966232868192325e-87 7.143336685688227609e-82 5.726452364691796218e-77 3.213834876753591194e-72 1.262828752172353599e-67 3.474409628207988593e-63 6.693748119244931353e-59 9.031286233581856726e-55 8.534270899255896039e-51 5.648976841610404672e-47 2.619484589847965591e-43 8.510751600094834542e-40 1.937750229032141968e-36 3.092340632073628297e-33 3.459635193909911994e-30 2.714156722405929246e-27 1.493574162896353753e-24 5.767038651121861207e-22 1.563098726025922287e-19 2.975319364798632667e-17 3.979624421928351314e-15 3.742938856418966634e-13 2.477509471152252848e-11 1.155342042181853322e-09 3.800853528478244977e-08 8.836417400256273016e-07 1.455048236695950246e-05 1.702148147180332111e-04 1.420469480294452155e-03 8.505462365621848861e-03 3.684779091697537590e-02 1.169198746275716960e-01 2.767401318426019330e-01 5.021621316251978495e-01 7.268761912642933698e-01 8.851952332895602904e-01 9.640173922045197630e-01 9.917420482035481655e-01 9.986290515489306685e-01 9.998367145876265738e-01 9.999861276462905790e-01 9.999991627711508624e-01 9.999999642131132127e-01 9.999999989190321292e-01 9.999999999769662029e-01 9.999999999996542766e-01 9.999999999999963363e-01 1.000000000000000000e+00 1.000000000000000000e+00 1.000000000000000000e+00 1.000000000000000000e+00 1.000000000000000000e+00 1.000000000000000000e+00 1.000000000000000000e+00 1.000000000000000000e+00 1.000000000000000000e+00 1.000000000000000000e+00 1.000000000000000000e+00 1.000000000000000000e+00 1.000000000000000000e+00 1.000000000000000000e+00 1.000000000000000000e+00 1.000000000000000000e+00 1.000000000000000000e+00 1.000000000000000000e+00 1.000000000000000000e+00 1.000000000000000000e+00 1.000000000000000000e+00 1.000000000000000000e+00 1.000000000000000000e+00 1.000000000000000000e+00 1.000000000000000000e+00 1.000000000000000000e+00 1.000000000000000000e+00 1.000000000000000000e+00 1.000000000000000000e+00 1.000000000000000000e+00 1.000000000000000000e+00 1.000000000000000000e+00 1.000000000000000000e+00 1.000000000000000000e+00 1.000000000000000000e+00 1.000000000000000000e+00 1.000000000000000000e+00 1.000000000000000000e+00 1.000000000000000000e+00 1.000000000000000000e+00
1.043592308852809981e-113 7.034607036399779194e-109 3.710563912919657779e-104 1.531584433269573353e-99 4.947131597104212442e-95 1.250514607335717799e-90 2.473768095654879951e-86 3.829809224354198302e-82 4.640419849168178187e-78 4.400626748059039867e-74 3.266369330858910843e-70 1.897698776564910073e-66 8.630178025336909978e-63 3.072300351102377420e-59 8.562131133132303350e-56 1.868096691491116380e-52 3.191122590330399503e-49 4.268196420822545653e-46 4.470285702368699384e-43 3.666509929040529559e-40 2.355254905120522347e-37 1.185047731993983988e-34 4.670866139859358887e-32 1.442379904610718722e-29 3.490172302453915594e-27 6.618687782946220259e-25 9.838700248951931027e-23 1.146672528866058325e-20 1.048060669192634632e-18 7.514597741961026203e-17 4.228103481770320207e-15 1.867585466489518679e-13 6.479139957943981047e-12 1.766461119133410532e-10 3.787393165893753374e-09 6.391352440885071315e-08 8.497959900794106739e-07 8.914040637977544248e-06 7.389166555323963752e-05 4.850770146043407310e-04 2.528981486458011050e-03 1.051081360966566597e-02 3.500293104612773459e-02 9.406190737162357929e-02 2.059864825886872919e-01 3.727027401672599050e-01 5.678958117846752973e-01 7.475317345252957546e-01 8.774768309880525141e-01 9.513603183144190290e-01 9.843764586261459781e-01 9.959710609461682740e-01 9.991705816079985425e-01 9.998642522154477241e-01 9.999823911811676069e-01 9.999981938563783368e-01 9.999998537763146178e-01 9.999999906692819129e-01 9.999999995312311984e-01 9.999999999814750407e-01 9.999999999994245714e-01 9.999999999999860112e-01 9.999999999999997780e-01 1.000000000000000000e+00 1.000000000000000000e+00 1.000000000000000000e+00 1.000000000000000000e+00 1.000000000000000000e+00 1.000000000000000000e+00 1.000000000000000000e+00 1.000000000000000000e+00 1.000000000000000000e+00 1.000000000000000000e+00 1.000000000000000000e+00 1.000000000000000000e+00 1.000000000000000000e+00 1.000000000000000000e+00 1.000000000000000000e+00 1.000000000000000000e+00 1.000000000000000000e+00 1.000000000000000000e+00 1.000000000000000000e+00 1.000000000000000000e+00 1.000000000000000000e+00 1.000000000000000000e+00 1.000000000000000000e+00 1.000000000000000000e+00 1.000000000000000000e+00 1.000000000000000000e+00 1.000000000000000000e+00 1.000000000000000000e+00 1.000000000000000000e+00 1.000000000000000000e+00 1.000000000000000000e+00 1.000000000000000000e+00 1.000000000000000000e+00 1.000000000000000000e+00 1.000000000000000000e+00 1.000000000000000000e+00 1.000000000000000000e+00
9.203966225994835056e-132 3.956014763458037911e-126 1.275494397602436620e-120 3.084941887904684249e-115 5.597239903018115332e-110 7.618524217007249987e-105 7.779472029124004557e-100 5.959708436296013376e-95 3.425388463494118337e-90 1.477134438951643534e-85 4.779388169225379801e-81 1.160338729016575504e-76 2.113864553465388037e-72 2.889820312683931908e-68 2.964757865201616054e-64 2.282747770899195919e-60 1.319182931474379991e-56 5.722178922145991912e-53 1.863207757628924276e-49 4.554517450571195930e-46 8.358853188870371601e-43 1.151916822108726371e-39 1.192114895005076890e-36 9.266093922287531096e-34 5.410327507337872848e-31 2.373418936883635927e-28 7.824123059812441701e-26 1.938682075716933002e-23 3.611618023806174565e-21 5.060048371292093856e-19 5.333612012195060850e-17 4.231425067077088426e-15 2.527961011716013365e-13 1.137987118837899323e-11 3.862866302574676149e-10 9.896550882038443005e-09 1.915818653795357316e-07 2.806383057548360434e-06 3.116490376105376199e-05 2.630042967017821799e-04 1.692154130308675059e-03 8.336856307536963037e-03 3.164403799054807398e-02 9.333411752734530054e-02 2.165678300370447729e-01 4.023865361581013267e-01 6.138959788411518792e-01 7.956406174196777314e-01 9.135292671439760870e-01 9.712490070234227613e-01 9.925774905726703068e-01 9.985245193332361602e-01 9.997754938125741342e-01 9.999739638518782003e-01 9.999977059159784742e-01 9.999998467865609530e-01 9.999999922580327105e-01 9.999999997044309863e-01 9.999999999914840343e-01 9.999999999998150368e-01 9.999999999999968914e-01 1.000000000000000000e+00 1.000000000000000000e+00 1.000000000000000000e+00 1.000000000000000000e+00 1.000000000000000000e+00 1.000000000000000000e+00 1.000000000000000000e+00 1.000000000000000000e+00 1.000000000000000000e+00 1.000000000000000000e+00 1.000000000000000000e+00 1.000000000000000000e+00 1.000000000000000000e+00 1.000000000000000000e+00 1.000000000000000000e+00 1.000000000000000000e+00 1.000000000000000000e+00 1.000000000000000000e+00 1.000000000000000000e+00 1.000000000000000000e+00 1.000000000000000000e+00 1.000000000000000000e+00 1.000000000000000000e+00 1.000000000000000000e+00 1.000000000000000000e+00 1.000000000000000000e+00 1.000000000000000000e+00 1.000000000000000000e+00 1.000000000000000000e+00 1.000000000000000000e+00 1.000000000000000000e+00 1.000000000000000000e+00 1.000000000000000000e+00 1.000000000000000000e+00 1.000000000000000000e+00 1.000000000000000000e+00 1.000000000000000000e+00 1.000000000000000000e+00 1.000000000000000000e+00
6.739952929834833196e-91 5.309577550809359487e-87 3.422754075836332124e-83 1.805569762780019478e-79 7.794471046608518703e-76 2.753623522952847437e-72 7.961238413100733920e-69 1.883772354129058078e-65 3.648064916296436395e-62 5.782276335771199153e-59 7.501608000451621367e-56 7.966134979196864932e-53 6.924666556814591641e-50 4.927537232302900798e-47 2.870547609081363739e-44 1.369082427877021586e-41 5.346298570026272726e-39 1.709492718872144088e-36 4.476171251307398892e-34 9.598651886576528604e-32 1.685857759741804407e-29 2.425418886572296175e-27 2.858653169167003919e-25 2.760612841569255609e-23 2.184676471264483307e-21 1.417045602594982371e-19 7.535012457999710762e-18 3.285405383491632194e-16 1.174940300323109916e-14 3.447469102660900117e-13 8.302362037788881663e-12 1.641749886128648341e-10 2.667098040069248230e-09 3.561759024556251115e-08 3.912972455259938831e-07 3.539656334840444688e-06 2.639469704187201836e-05 1.624749414561696588e-04 8.270809320860318409e-04 3.489813821853420418e-03 1.224206969466514611e-02 3.584536109950065691e-02 8.807441030598647802e-02 1.829076861474421278e-01 3.242054950917305778e-01 4.969672725950414205e-01 6.703090820700768893e-01 8.130348904748266881e-01 9.094709710881030418e-01 9.629401006573370392e-01 9.872664208864965207e-01 9.963475017546002954e-01 9.991288784322648331e-01 9.998277739349259452e-01 9.999718394716063941e-01 9.999961988041814465e-01 9.999995770203029544e-01 9.999999612433920770e-01 9.999999970785340420e-01 9.999999998189663675e-01 9.999999999907838166e-01 9.999999999996147526e-01 9.999999999999867883e-01 9.999999999999995559e-01 1.000000000000000000e+00 1.000000000000000000e+00 1.000000000000000000e+00 1.000000000000000000e+00 1.000000000000000000e+00 1.000000000000000000e+00 1.000000000000000000e+00 1.000000000000000000e+00 1.000000000000000000e+00 1.000000000000000000e+00 1.000000000000000000e+00 1.000000000000000000e+00 1.000000000000000000e+00 1.000000000000000000e+00 1.000000000000000000e+00 1.000000000000000000e+00 1.000000000000000000e+00 1.000000000000000000e+00 1.000000000000000000e+00 1.000000000000000000e+00 1.000000000000000000e+00 1.000000000000000000e+00 1.000000000000000000e+00 1.000000000000000000e+00 1.000000000000000000e+00 1.000000000000000000e+00 1.000000000000000000e+00 1.000000000000000000e+00 1.000000000000000000e+00 1.000000000000000000e+00 1.000000000000000000e+00 1.000000000000000000e+00 1.000000000000000000e+00 1.000000000000000000e+00 1.000000000000000000e+00 1.000000000000000000e+00
7.560604696918275881e-72 9.053098605569836068e-69 9.245955641263568845e-66 8.054350226537212941e-63 5.984727871392388326e-60 3.793196496320028007e-57 2.050812849642805987e-54 9.458454120127951380e-52 3.721366876766432421e-49 1.249076214897808060e-46 3.576817237846857472e-44 8.738655298778260457e-42 1.821599166238179119e-39 3.239988665689261734e-37 4.917459150054756091e-35 6.368996960115354506e-33 7.039848532476820686e-31 6.641244537124038170e-29 5.347671321390377954e-27 3.675767099740175803e-25 2.156962502300182277e-23 1.080679190031548162e-21 4.623432982510940017e-20 1.689299309961787831e-18 5.272193870916631526e-17 1.405712455728634994e-15 3.202656848268808727e-14 6.236406522732693592e-13 1.038210010187906962e-11 1.478080350010690416e-10 1.800241250896378577e-09 1.876586648848122828e-08 1.675063655144547697e-07 1.281093597974836101e-06 8.401036645254565969e-06 4.727930441986092752e-05 2.285949526248979246e-04 9.508330696222339713e-04 3.408141606636886506e-03 1.054963565553894943e-02 2.827857919611132670e-02 6.587560594034501393e-02 1.339857099054216072e-01 2.393917382062820676e-01 3.787464072205976584e-01 5.361388350971542094e-01 6.880026003345524055e-01 8.131817468016020456e-01 9.013301558418058690e-01 9.543570937958013589e-01 9.816073696246530034e-01 9.935700395463008538e-01 9.980560137287906031e-01 9.994929699507683063e-01 9.998861336081787954e-01 9.999780154349995342e-01 9.999963552205941575e-01 9.999994816453499080e-01 9.999999368120281451e-01 9.999999934021298609e-01 9.999999994102153344e-01 9.999999999548871976e-01 9.999999999970483611e-01 9.999999999998347988e-01 9.999999999999921174e-01 9.999999999999996669e-01 1.000000000000000000e+00 1.000000000000000000e+00 1.000000000000000000e+00 1.000000000000000000e+00 1.000000000000000000e+00 1.000000000000000000e+00 1.000000000000000000e+00 1.000000000000000000e+00 1.000000000000000000e+00 1.000000000000000000e+00 1.000000000000000000e+00 1.000000000000000000e+00 1.000000000000000000e+00 1.000000000000000000e+00 1.000000000000000000e+00 1.000000000000000000e+00 1.000000000000000000e+00 1.000000000000000000e+00 1.000000000000000000e+00 1.000000000000000000e+00 1.000000000000000000e+00 1.000000000000000000e+00 1.000000000000000000e+00 1.000000000000000000e+00 1.000000000000000000e+00 1.000000000000000000e+00 1.000000000000000000e+00 1.000000000000000000e+00 1.000000000000000000e+00 1.000000000000000000e+00 1.000000000000000000e+00 1.000000000000000000e+00 1.000000000000000000e+00 1.000000000000000000e+00
3.013960676261209390e-84 1.296996749093610401e-80 4.622644993823808548e-77 1.364592577202693002e-73 3.336471956040237703e-70 6.757032155559450452e-67 1.133499788579831775e-63 1.575062382584660855e-60 1.813008882307541247e-57 1.728797665124517917e-54 1.365677053662684335e-51 8.937797362943140414e-49 4.846322853883276105e-46 2.177289051787856152e-43 8.105249554683439954e-41 2.500289224266181302e-38 6.391713785751375062e-36 1.354192083068265416e-33 2.378018340210049858e-31 3.461482373083627250e-29 4.177010442447378776e-27 4.179027366398435655e-25 3.466943834010967446e-23 2.385300273791413755e-21 1.361240626329003781e-19 6.444703462165372697e-18 2.531857370048275296e-16 8.255617283672762359e-15 2.234889754322816689e-13 5.024595044245591838e-12 9.385361050711278823e-11 1.457143979237624173e-09 1.881436327884740083e-08 2.021590607280124665e-07 1.809065745481608861e-06 1.349555077472329960e-05 8.402715000370856503e-05 4.373112856577918693e-04 1.906024801242867713e-03 6.974205825936886406e-03 2.149184113628383602e-02 5.601351214104923620e-02 1.241625508138770456e-01 2.358528852443405321e-01 3.878275387133076624e-01 5.595131417414470620e-01 7.205431083895665889e-01 8.459403774074149007e-01 9.270125762637008160e-01 9.705284671979553801e-01 9.899195112718135459e-01 9.970927162550358158e-01 9.992954483465567028e-01 9.998569109158433887e-01 9.999756960125607552e-01 9.999965531098745641e-01 9.999995923367905881e-01 9.999999598344406770e-01 9.999999967060144712e-01 9.999999997752979652e-01 9.999999999872573042e-01 9.999999999993995914e-01 9.999999999999764633e-01 9.999999999999992228e-01 1.000000000000000000e+00 1.000000000000000000e+00 1.000000000000000000e+00 1.000000000000000000e+00 1.000000000000000000e+00 1.000000000000000000e+00 1.000000000000000000e+00 1.000000000000000000e+00 1.000000000000000000e+00 1.000000000000000000e+00 1.000000000000000000e+00 1.000000000000000000e+00 1.000000000000000000e+00 1.000000000000000000e+00 1.000000000000000000e+00 1.000000000000000000e+00 1.000000000000000000e+00 1.000000000000000000e+00 1.000000000000000000e+00 1.000000000000000000e+00 1.000000000000000000e+00 1.000000000000000000e+00 1.000000000000000000e+00 1.000000000000000000e+00 1.000000000000000000e+00 1.000000000000000000e+00 1.000000000000000000e+00 1.000000000000000000e+00 1.000000000000000000e+00 1.000000000000000000e+00 1.000000000000000000e+00 1.000000000000000000e+00 1.000000000000000000e+00 1.000000000000000000e+00 1.000000000000000000e+00 1.000000000000000000e+00
7.264446341271428022e-146 1.679682201095599125e-139 2.788792454460673460e-133 3.324913783558768112e-127 2.846630591320065670e-121 1.750171546454370105e-115 7.727554694700233921e-110 2.450359007987219568e-104 5.580316629127420106e-99 9.127378043775721324e-94 1.072282660633604388e-88 9.048323081635959322e-84 5.484584655720078625e-79 2.388138005013102756e-74 7.470342520075568042e-70 1.678861563341671132e-65 2.710898072645724037e-61 3.145352033658707920e-57 2.622530637678957413e-53 1.571479660338486600e-49 6.768310765697147083e-46 2.095497614230843334e-42 4.664315417116066288e-39 7.465323316043144345e-36 8.592991258467375987e-33 7.114769906089899554e-30 4.238346920115868455e-27 1.817042231639382230e-24 5.607880387624783979e-22 1.246386665608361433e-19 1.995770275664668115e-17 2.303513375390086607e-15 1.917594964827694925e-13 1.152205630238291404e-11 5.001565361575942163e-10 1.570289114852833578e-08 3.570911323841086961e-07 5.892707387125045926e-06 7.073801381853358345e-05 6.197596490674000874e-04 3.980964221350316579e-03 1.886696350997165567e-02 6.657611077846181669e-02 1.772645858872865243e-01 3.632094138396176897e-01 5.894200836416180200e-01 7.887235706821713599e-01 9.158901543058852734e-01 9.746430977005833274e-01 9.942942769179038409e-01 9.990511331257208028e-01 9.998841733359724593e-01 9.999896720509924286e-01 9.999993296618647776e-01 9.999999684125402410e-01 9.999999989215051510e-01 9.999999999733595324e-01 9.999999999995244915e-01 9.999999999999938938e-01 1.000000000000000000e+00 1.000000000000000000e+00 1.000000000000000000e+00 1.000000000000000000e+00 1.000000000000000000e+00 1.000000000000000000e+00 1.000000000000000000e+00 1.000000000000000000e+00 1.000000000000000000e+00 1.000000000000000000e+00 1.000000000000000000e+00 1.000000000000000000e+00 1.000000000000000000e+00 1.000000000000000000e+00 1.000000000000000000e+00 1.000000000000000000e+00 1.000000000000000000e+00 1.000000000000000000e+00 1.000000000000000000e+00 1.000000000000000000e+00 1.000000000000000000e+00 1.000000000000000000e+00 1.000000000000000000e+00 1.000000000000000000e+00 1.000000000000000000e+00 1.000000000000000000e+00 1.000000000000000000e+00 1.000000000000000000e+00 1.000000000000000000e+00 1.000000000000000000e+00 1.000000000000000000e+00 1.000000000000000000e+00 1.000000000000000000e+00 1.000000000000000000e+00 1.000000000000000000e+00 1.000000000000000000e+00 1.000000000000000000e+00 1.000000000000000000e+00 1.000000000000000000e+00 1.000000000000000000e+00 1.000000000000000000e+00
3.357749731355335447e-51 5.284538507747499694e-49 7.415712381451101613e-47 9.278896098450150417e-45 1.035258192154802406e-42 1.029964120444700393e-40 9.137546483126750442e-39 7.229116170902734119e-37 5.100397466464030999e-35 3.209241294038140506e-33 1.800934484932033397e-31 9.013838976764056528e-30 4.024007856080247221e-28 1.602387846405771643e-26 5.691948886281601979e-25 1.803706732274328002e-23 5.099318429157300267e-22 1.286270375562948752e-20 2.895091946239637526e-19 5.814900497787347920e-18 1.042356592090064696e-16 1.667760837066349507e-15 2.382044104483667897e-14 3.037570045672492725e-13 3.458860538956496203e-12 3.517620888949940154e-11 3.195685764635700258e-10 2.594064834642911677e-09 1.881989795449430934e-08 1.220702038139955413e-07 7.081356340452739422e-07 3.675554637683778881e-06 1.707839840579863843e-05 7.108008485133242575e-05 2.651760852718006308e-04 8.875207314078390657e-04 2.667669172707166393e-03 7.210197941414948387e-03 1.755114198015733998e-02 3.855253140299950282e-02 7.660343429649563163e-02 1.381089684573206244e-01 2.268038006759503233e-01 3.409126517674491152e-01 4.718847025356777691e-01 6.059995815004693975e-01 7.285216912114973464e-01 8.283814796662529734e-01 9.009928047288484620e-01 9.480963810231783917e-01 9.753570711203936039e-01 9.894321327258829291e-01 9.959153523191821566e-01 9.985794739367972461e-01 9.995561164739354965e-01 9.998755131428167520e-01 9.999686952857197442e-01 9.999929466699617464e-01 9.999985770207142632e-01 9.999997430853425628e-01 9.999999585077501418e-01 9.999999940081083505e-01 9.999999992265453663e-01 9.999999999107815896e-01 9.999999999908057990e-01 9.999999999991537880e-01 9.999999999999305000e-01 9.999999999999948930e-01 9.999999999999996669e-01 1.000000000000000000e+00 1.000000000000000000e+00 1.000000000000000000e+00 1.000000000000000000e+00 1.000000000000000000e+00 1.000000000000000000e+00 1.000000000000000000e+00 1.000000000000000000e+00 1.000000000000000000e+00 1.000000000000000000e+00 1.000000000000000000e+00 1.000000000000000000e+00 1.000000000000000000e+00 1.000000000000000000e+00 1.000000000000000000e+00 1.000000000000000000e+00 1.000000000000000000e+00 1.000000000000000000e+00 1.000000000000000000e+00 1.000000000000000000e+00 1.000000000000000000e+00 1.000000000000000000e+00 1.000000000000000000e+00 1.000000000000000000e+00 1.000000000000000000e+00 1.000000000000000000e+00 1.000000000000000000e+00 1.000000000000000000e+00 1.000000000000000000e+00 1.000000000000000000e+00 1.000000000000000000e+00
3.377228535474795927e-76 7.007358159241728009e-73 1.221734212515057132e-69 1.789940204651473297e-66 2.203693894918973849e-63 2.279960993131665112e-60 1.982350078858754446e-57 1.448519996046839150e-54 8.895603318126401105e-52 4.591450688549347054e-49 1.991894275163716659e-46 7.263472439927517748e-44 2.226411887919844229e-41 5.736849566578401186e-39 1.242721656712498232e-36 2.263262550800809378e-34 3.465673901403334242e-32 4.462378017200608054e-30 4.831798092455415898e-28 4.400043608420665147e-26 3.370216348543387742e-24 2.171518480530022373e-22 1.177153246995876077e-20 5.369483163057101935e-19 2.061280294358798533e-17 6.660888751056639224e-16 1.812239940131187539e-14 4.152409794285483585e-13 8.015232385258083391e-12 1.303813494844389363e-10 1.788038206494149293e-09 2.068289569881995951e-08 2.019162120444609921e-07 1.664791469942246440e-06 1.160235824587786677e-05 6.842010340906581434e-05 3.418496721029257493e-04 1.449465940141467322e-03 5.226392296969430661e-03 1.606850498466165511e-02 4.227047964522934881e-02 9.558122125888506015e-02 1.869018926839053907e-01 3.186083950272742271e-01 4.785406386411921731e-01 6.420562589477351034e-01 7.828156212338038822e-01 8.848360855094554722e-01 9.470923620882616412e-01 9.790780392498630302e-01 9.929134544812724394e-01 9.979516834875561404e-01 9.994962080547962202e-01 9.998947946310892121e-01 9.999813788988138885e-01 9.999972103020513536e-01 9.999996466422587105e-01 9.999999621915406367e-01 9.999999965852301997e-01 9.999999997398236751e-01 9.999999999832858144e-01 9.999999999990950572e-01 9.999999999999586997e-01 9.999999999999984457e-01 1.000000000000000000e+00 1.000000000000000000e+00 1.000000000000000000e+00 1.000000000000000000e+00 1.000000000000000000e+00 1.000000000000000000e+00 1.000000000000000000e+00 1.000000000000000000e+00 1.000000000000000000e+00 1.000000000000000000e+00 1.000000000000000000e+00 1.000000000000000000e+00 1.000000000000000000e+00 1.000000000000000000e+00 1.000000000000000000e+00 1.000000000000000000e+00 1.000000000000000000e+00 1.000000000000000000e+00 1.000000000000000000e+00 1.000000000000000000e+00 1.000000000000000000e+00 1.000000000000000000e+00 1.000000000000000000e+00 1.000000000000000000e+00 1.000000000000000000e+00 1.000000000000000000e+00 1.000000000000000000e+00 1.000000000000000000e+00 1.000000000000000000e+00 1.000000000000000000e+00 1.000000000000000000e+00 1.000000000000000000e+00 1.000000000000000000e+00 1.000000000000000000e+00 1.000000000000000000e+00 1.000000000000000000e+00
1.529350210109388199e-33 4.123449721734635357e-32 1.031048760207314240e-30 2.390964603253630424e-29 5.142259412368255612e-28 1.025732194206751438e-26 1.897694699901241695e-25 3.256456148498026058e-24 5.183295055042530227e-23 7.652880331653268410e-22 1.048141780595250613e-20 1.331712803501237997e-19 1.569703087427409841e-18 1.716578424600951819e-17 1.741701995990922762e-16 1.639741097735263069e-15 1.432510154154574979e-14 1.161378597611208055e-13 8.738554608200878406e-13 6.102879808626822743e-12 3.956429959227102865e-11 2.381192545537565230e-10 1.330645716221894440e-09 6.905072601912778674e-09 3.327977716299300415e-08 1.489965040661922315e-07 6.197871304107465899e-07 2.395957024105448375e-06 8.609911406775825018e-06 2.876943322141537089e-05 8.941829709369625962e-05 2.586169779687637837e-04 6.963452806002120264e-04 1.746484877429885013e-03 4.082768117175614338e-03 8.902703394694521516e-03 1.812406965104938067e-02 3.448427237437645676e-02 6.140100351152576880e-02 1.024683791270799144e-01 1.605733437301413713e-01 2.368113852879865089e-01 3.295739715713318363e-01 4.342426887804114455e-01 5.437653735319215587e-01 6.500411921674512650e-01 7.456742378889003042e-01 8.254782084598153435e-01 8.872348558005438424e-01 9.315533726045377438e-01 9.610470210899688670e-01 9.792487617691096879e-01 9.896656435866888479e-01 9.951940769898264261e-01 9.979149294264965109e-01 9.991567114816554129e-01 9.996822712034477698e-01 9.998885401214179236e-01 9.999636123224632245e-01 9.999889494091087627e-01 9.999968792561143571e-01 9.999991807079646744e-01 9.999998001008282289e-01 9.999999546817552876e-01 9.999999904558898312e-01 9.999999981331089138e-01 9.999999996608798236e-01 9.999999999428025310e-01 9.999999999910436088e-01 9.999999999986981525e-01 9.999999999998243627e-01 9.999999999999780176e-01 9.999999999999974465e-01 9.999999999999997780e-01 1.000000000000000000e+00 1.000000000000000000e+00 1.000000000000000000e+00 1.000000000000000000e+00 1.000000000000000000e+00 1.000000000000000000e+00 1.000000000000000000e+00 1.000000000000000000e+00 1.000000000000000000e+00 1.000000000000000000e+00 1.000000000000000000e+00 1.000000000000000000e+00 1.000000000000000000e+00 1.000000000000000000e+00 1.000000000000000000e+00 1.000000000000000000e+00 1.000000000000000000e+00 1.000000000000000000e+00 1.000000000000000000e+00 1.000000000000000000e+00 1.000000000000000000e+00 1.000000000000000000e+00 1.000000000000000000e+00 1.000000000000000000e+00 1.000000000000000000e+00 1.000000000000000000e+00
6.540796742723692522e-53 1.320106777918241532e-50 2.358091011768682035e-48 3.728174299122105177e-46 5.217084152220676118e-44 6.462018297963058556e-42 7.084854132374516564e-40 6.875919307172565658e-38 5.907227122852920096e-36 4.492693733367183039e-34 3.024954541067378712e-32 1.803183956067574057e-30 9.516831898974888855e-29 4.447336431105513247e-27 1.840301930711592735e-25 6.743548944550019370e-24 2.188416432001476132e-22 6.289967128077902814e-21 1.601335653831578402e-19 3.611393573083378381e-18 7.215616321891676139e-17 1.277413544650884417e-15 2.004051435096001170e-14 2.786588276197135887e-13 3.434784540621844887e-12 3.753837635984612001e-11 3.638309007001905022e-10 3.128133186296643716e-09 2.386510830820224560e-08 1.616166864061883862e-07 9.719218980324637950e-07 5.192877756547436615e-06 2.466404606579569535e-05 1.042068168703295282e-04 3.919764388396859331e-04 1.313979198364288812e-03 3.930170542064616475e-03 1.050467716681477252e-02 2.513719105474554114e-02 5.398028866162228601e-02 1.043345682504013827e-01 1.821930671556419024e-01 2.888167492361420896e-01 4.181414295323733765e-01 5.570696650556952179e-01 6.892544510827064430e-01 8.006464351432718285e-01 8.837858156592437453e-01 9.387447207262216153e-01 9.709216861197863535e-01 9.876066140514123681e-01 9.952691337118093617e-01 9.983857400262182713e-01 9.995084039103512286e-01 9.998665570471787500e-01 9.999677457683808779e-01 9.999930639421151790e-01 9.999986739261965685e-01 9.999997747339111065e-01 9.999999660154512693e-01 9.999999954486336051e-01 9.999999994590957897e-01 9.999999999429727282e-01 9.999999999946677098e-01 9.999999999995579092e-01 9.999999999999675815e-01 9.999999999999978906e-01 9.999999999999998890e-01 1.000000000000000000e+00 1.000000000000000000e+00 1.000000000000000000e+00 1.000000000000000000e+00 1.000000000000000000e+00 1.000000000000000000e+00 1.000000000000000000e+00 1.000000000000000000e+00 1.000000000000000000e+00 1.000000000000000000e+00 1.000000000000000000e+00 1.000000000000000000e+00 1.000000000000000000e+00 1.000000000000000000e+00 1.000000000000000000e+00 1.000000000000000000e+00 1.000000000000000000e+00 1.000000000000000000e+00 1.000000000000000000e+00 1.000000000000000000e+00 1.000000000000000000e+00 1.000000000000000000e+00 1.000000000000000000e+00 1.000000000000000000e+00 1.000000000000000000e+00 1.000000000000000000e+00 1.000000000000000000e+00 1.000000000000000000e+00 1.000000000000000000e+00 1.000000000000000000e+00 1.000000000000000000e+00 1.000000000000000000e+00
1.800769967729097714e-60 7.612024431687645188e-58 2.802467671571388773e-55 8.986496477586296926e-53 2.509927632220364415e-50 6.106121985602345995e-48 1.293947538402999668e-45 2.388521995436768557e-43 3.840774569005015872e-41 5.380247642955707076e-39 6.565954631990163651e-37 6.981126465637027887e-35 6.467057915303419988e-33 5.219935888303895524e-31 3.671356139194641386e-29 2.250189099446035005e-27 1.201914838466832935e-25 5.595317718551833355e-24 2.270439790071794283e-22 8.031031771856288421e-21 2.476597846000370583e-19 6.659085161334909422e-18 1.561374379244118774e-16 3.192998920326840667e-15 5.695924293631110187e-14 8.865188735712765206e-13 1.204111653528002648e-11 1.427616362755242146e-10 1.477918349033892844e-09 1.336387761913269629e-08 1.055922176178313141e-07 7.293802186881996389e-07 4.406993027884317346e-06 2.330712068684220558e-05 1.079803276794428173e-04 4.386709830858362066e-04 1.564581334939572389e-03 4.906548290473783207e-03 1.355476323351345602e-02 3.306602252099879319e-02 7.144435108720888217e-02 1.372608872493968624e-01 2.356704426950238240e-01 3.639615703448496609e-01 5.097810749147603238e-01 6.542902722731742671e-01 7.791539570782199942e-01 8.732207177454731628e-01 9.350071195772027277e-01 9.703907430685563273e-01 9.880575944708630542e-01 9.957481378176533671e-01 9.986668302586521051e-01 9.996325351425725536e-01 9.999110931485344356e-01 9.999811404473093468e-01 9.999964958153597649e-01 9.999994301521502038e-01 9.999999189482184914e-01 9.999999899223372957e-01 9.999999989051620020e-01 9.999999998961127678e-01 9.999999999913931070e-01 9.999999999993776090e-01 9.999999999999606981e-01 9.999999999999977796e-01 9.999999999999998890e-01 1.000000000000000000e+00 1.000000000000000000e+00 1.000000000000000000e+00 1.000000000000000000e+00 1.000000000000000000e+00 1.000000000000000000e+00 1.000000000000000000e+00 1.000000000000000000e+00 1.000000000000000000e+00 1.000000000000000000e+00 1.000000000000000000e+00 1.000000000000000000e+00 1.000000000000000000e+00 1.000000000000000000e+00 1.000000000000000000e+00 1.000000000000000000e+00 1.000000000000000000e+00 1.000000000000000000e+00 1.000000000000000000e+00 1.000000000000000000e+00 1.000000000000000000e+00 1.000000000000000000e+00 1.000000000000000000e+00 1.000000000000000000e+00 1.000000000000000000e+00 1.000000000000000000e+00 1.000000000000000000e+00 1.000000000000000000e+00 1.000000000000000000e+00 1.000000000000000000e+00 1.000000000000000000e+00 1.000000000000000000e+00 1.000000000000000000e+00
1.543205316675234321e-33 4.378429278676047199e-32 1.149319002022247372e-30 2.791268945427348925e-29 6.272109972265541747e-28 1.304035598038509948e-26 2.508666439865590246e-25 4.465694810852967128e-24 7.356037615854397876e-23 1.121308368978585959e-21 1.581798974563871774e-20 2.065109614781764241e-19 2.495300182910930267e-18 2.790709526579095344e-17 2.888983974470831250e-16 2.768492310962778037e-15 2.456071840229096088e-14 2.017313681644816597e-13 1.534189938865899266e-12 1.080440853623573841e-11 7.046713354026377206e-11 4.256855894482234397e-10 2.382139898274181305e-09 1.235059859230291597e-08 5.933705956726830734e-08 2.642201455823159502e-07 1.090696223825715619e-06 4.174930482564980159e-06 1.482271637485664833e-05 4.882969531673245710e-05 1.493087169740268754e-04 4.239609027717319628e-04 1.118493524988811456e-03 2.743315077056020061e-03 6.259919497187852594e-03 1.330113225710014523e-02 2.634416786059855589e-02 4.869626072444002002e-02 8.413407443769935212e-02 1.361128026851705364e-01 2.066462379373695257e-01 2.951935957706200431e-01 3.980349423350187377e-01 5.085373494588857346e-01 6.183842187261650025e-01 7.194061296783951232e-01 8.053579899595606495e-01 8.730140195469904274e-01 9.222824635259737613e-01 9.554751001270413990e-01 9.761633877292978934e-01 9.880927278667825941e-01 9.944565267840745904e-01 9.975972059119121438e-01 9.990311644804198421e-01 9.996368598557759944e-01 9.998735472459927554e-01 9.999591125450404405e-01 9.999877292934284956e-01 9.999965833283179784e-01 9.999991176321330055e-01 9.999997887065918967e-01 9.999999530965625327e-01 9.999999903503480336e-01 9.999999981603980848e-01 9.999999996750864595e-01 9.999999999468407452e-01 9.999999999919444438e-01 9.999999999988695709e-01 9.999999999998530065e-01 9.999999999999823475e-01 9.999999999999980016e-01 9.999999999999997780e-01 1.000000000000000000e+00 1.000000000000000000e+00 1.000000000000000000e+00 1.000000000000000000e+00 1.000000000000000000e+00 1.000000000000000000e+00 1.000000000000000000e+00 1.000000000000000000e+00 1.000000000000000000e+00 1.000000000000000000e+00 1.000000000000000000e+00 1.000000000000000000e+00 1.000000000000000000e+00 1.000000000000000000e+00 1.000000000000000000e+00 1.000000000000000000e+00 1.000000000000000000e+00 1.000000000000000000e+00 1.000000000000000000e+00 1.000000000000000000e+00 1.000000000000000000e+00 1.000000000000000000e+00 1.000000000000000000e+00 1.000000000000000000e+00 1.000000000000000000e+00 1.000000000000000000e+00 1.000000000000000000e+00
2.026460001013087286e-27 3.093977668451153641e-26 4.432168072029474879e-25 5.957259270811494389e-24 7.513117043515010514e-23 8.890991673563762483e-22 9.873034329030873775e-21 1.028813265310898344e-19 1.006060689509396103e-18 9.232750034082646473e-18 7.951997806687271013e-17 6.428065730591718377e-16 4.877144725951480777e-15 3.473414712654634518e-14 2.322094619200725480e-13 1.457352380696016996e-12 8.587021564620652378e-12 4.750605287465825441e-11 2.467870965366301255e-10 1.203942721431828340e-09 5.516282457784218988e-09 2.374090065032028059e-08 9.598795493433908576e-08 3.646456141948610919e-07 1.301769024905489493e-06 4.368063698220714737e-06 1.377940557468217561e-05 4.087575267831223213e-05 1.140557534711247309e-04 2.994504990426958809e-04 7.400323621715296967e-04 1.722189042587195761e-03 3.776000784870520415e-03 7.804718761514602664e-03 1.521782289671331362e-02 2.801343024268421536e-02 4.873152378173620930e-02 8.019938383554672812e-02 1.250340109566017155e-01 1.849564086371684457e-01 2.600831147372212326e-01 3.484377369709280026e-01 4.459129330951459580e-01 5.467891930226530528e-01 6.447187681617283506e-01 7.338990384289083568e-01 8.100812583463877781e-01 8.711288081443755438e-01 9.170182118764025336e-01 9.493765256467812108e-01 9.707801986425321772e-01 9.840608476495795731e-01 9.917908283011831472e-01 9.960113401435020108e-01 9.981729578211078202e-01 9.992114878702584857e-01 9.996795300569334408e-01 9.998773982342616939e-01 9.999558659749108180e-01 9.999850556831145765e-01 9.999952413833497200e-01 9.999985754450519959e-01 9.999995991551980934e-01 9.999998940044283469e-01 9.999999736646565385e-01 9.999999938529938737e-01 9.999999986522716267e-01 9.999999997224749970e-01 9.999999999463320410e-01 9.999999999902546843e-01 9.999999999983384402e-01 9.999999999997339906e-01 9.999999999999600320e-01 9.999999999999943379e-01 9.999999999999993339e-01 9.999999999999998890e-01 1.000000000000000000e+00 1.000000000000000000e+00 1.000000000000000000e+00 1.000000000000000000e+00 1.000000000000000000e+00 1.000000000000000000e+00 1.000000000000000000e+00 1.000000000000000000e+00 1.000000000000000000e+00 1.000000000000000000e+00 1.000000000000000000e+00 1.000000000000000000e+00 1.000000000000000000e+00 1.000000000000000000e+00 1.000000000000000000e+00 1.000000000000000000e+00 1.000000000000000000e+00 1.000000000000000000e+00 1.000000000000000000e+00 1.000000000000000000e+00 1.000000000000000000e+00 1.000000000000000000e+00 1.000000000000000000e+00 1.000000000000000000e+00
1.533465865824030969e-43 1.268245702389395252e-41 9.459164387745598233e-40 6.362588199283498187e-38 3.859748027858255876e-36 2.111745333851684171e-34 1.042067762977663730e-32 4.638074416669452065e-31 1.862016609793567195e-29 6.742975957520612039e-28 2.202731520087678340e-26 6.491346645038310830e-25 1.725816495543114651e-23 4.139676966243568482e-22 8.959384362670537196e-21 1.749686887821970157e-19 3.083518875320526774e-18 4.904267349828119385e-17 7.040184566296842079e-16 9.122671192687617719e-15 1.067183233261452303e-13 1.127176504137013626e-12 1.075089940783620892e-11 9.261252844657691468e-11 7.206899144989014852e-10 5.067267608949058678e-09 3.219972540619386784e-08 1.849717925364539806e-07 9.608927113305513362e-07 4.515691431957107170e-06 1.920636691815994364e-05 7.397130751195708797e-05 2.581342452894560971e-04 8.167909050997467424e-04 2.345535511339486966e-03 6.119309349633999563e-03 1.452302222831046603e-02 3.140502739834637180e-02 6.199908336232084344e-02 1.120155065436052311e-01 1.857809069678870717e-01 2.839237946184455241e-01 4.017202340292720386e-01 5.292681702031331037e-01 6.538581086398174147e-01 7.636475751378135612e-01 8.509258261120056233e-01 9.135177246995995759e-01 9.540121846531703920e-01 9.776461587969028644e-01 9.900895692718298946e-01 9.959997547621539660e-01 9.985320767261234298e-01 9.995108669351822073e-01 9.998521459708343828e-01 9.999594892841766614e-01 9.999899458938183994e-01 9.999977410494234054e-01 9.999995407486074184e-01 9.999999155506330561e-01 9.999999859592105800e-01 9.999999978898959085e-01 9.999999997134376706e-01 9.999999999648410132e-01 9.999999999961035613e-01 9.999999999996100897e-01 9.999999999999646949e-01 9.999999999999971134e-01 9.999999999999997780e-01 1.000000000000000000e+00 1.000000000000000000e+00 1.000000000000000000e+00 1.000000000000000000e+00 1.000000000000000000e+00 1.000000000000000000e+00 1.000000000000000000e+00 1.000000000000000000e+00 1.000000000000000000e+00 1.000000000000000000e+00 1.000000000000000000e+00 1.000000000000000000e+00 1.000000000000000000e+00 1.000000000000000000e+00 1.000000000000000000e+00 1.000000000000000000e+00 1.000000000000000000e+00 1.000000000000000000e+00 1.000000000000000000e+00 1.000000000000000000e+00 1.000000000000000000e+00 1.000000000000000000e+00 1.000000000000000000e+00 1.000000000000000000e+00 1.000000000000000000e+00 1.000000000000000000e+00 1.000000000000000000e+00 1.000000000000000000e+00 1.000000000000000000e+00 1.000000000000000000e+00 1.000000000000000000e+00
1.569556631381312133e-16 7.749328584685028055e-16 3.685386532500941062e-15 1.688281849606568595e-14 7.450091715632922531e-14 3.166982808968068748e-13 1.296912822326000122e-12 5.116481729206479796e-12 1.944658336328172086e-11 7.121038137164741449e-11 2.512404982116183590e-10 8.540867684295999632e-10 2.797703337780962644e-09 8.831037996779817641e-09 2.686317714858803888e-08 7.875277373177235755e-08 2.225189560586998413e-07 6.060290285510499386e-07 1.591038889224527078e-06 4.026876461850362201e-06 9.826505081645146847e-06 2.312174926255827203e-05 5.246693631909748676e-05 1.148292223043928653e-04 2.424295806777913116e-04 4.938072072773434795e-04 9.706182868415324291e-04 1.841403745508328818e-03 3.372566042598142914e-03 5.964814491546577453e-03 1.019030820975085593e-02 1.682199235124514150e-02 2.684310235782418411e-02 4.142296829648365458e-02 6.184678997494934966e-02 8.939328411741719049e-02 1.251651473138897519e-01 1.698914237565428420e-01 2.237345075550880025e-01 2.861429212252715182e-01 3.557899232628823349e-01 4.306254461257704169e-01 5.080465339454698359e-01 5.851647277076656994e-01 6.591253465625048769e-01 7.274205688231880629e-01 7.881397899889308611e-01 8.401164204656155210e-01 8.829551004673827919e-01 9.169497078520354449e-01 9.429231748534976365e-01 9.620303159466141452e-01 9.755637287287275417e-01 9.847929425936983172e-01 9.908528749961760251e-01 9.946839129599882590e-01 9.970158168566201073e-01 9.983824446866560454e-01 9.991535881629414195e-01 9.995725411804095017e-01 9.997916907107875506e-01 9.999020631725490382e-01 9.999555843607161876e-01 9.999805725885662078e-01 9.999918054323244654e-01 9.999966671348023972e-01 9.999986930967255105e-01 9.999995059614135151e-01 9.999998199755099071e-01 9.999999367703786834e-01 9.999999785959549081e-01 9.999999930172234208e-01 9.999999978047166005e-01 9.999999993349435456e-01 9.999999998058626272e-01 9.999999999453963451e-01 9.999999999852029475e-01 9.999999999961366459e-01 9.999999999990283328e-01 9.999999999997645217e-01 9.999999999999450440e-01 9.999999999999875655e-01 9.999999999999973355e-01 9.999999999999994449e-01 9.999999999999998890e-01 1.000000000000000000e+00 1.000000000000000000e+00 1.000000000000000000e+00 1.000000000000000000e+00 1.000000000000000000e+00 1.000000000000000000e+00 1.000000000000000000e+00 1.000000000000000000e+00 1.000000000000000000e+00 1.000000000000000000e+00 1.000000000000000000e+00 1.000000000000000000e+00 1.000000000000000000e+00 1.000000000000000000e+00 1.000000000000000000e+00
1.817822433436595034e-29 3.605970307237346460e-28 6.662642642910574527e-27 1.146664963928495164e-25 1.838252017226457268e-24 2.745148486254735196e-23 3.818860218616977931e-22 4.949084068565631856e-21 5.975253684949810990e-20 6.721203423114588937e-19 7.043965388307723121e-18 6.878423905711744815e-17 6.258730410290446914e-16 5.306832376244379818e-15 4.193387663700984517e-14 3.088208785541223013e-13 2.119800105335358139e-12 1.356338062137417845e-11 8.090362537413473962e-11 4.499267637070148343e-10 2.333144158983613809e-09 1.128302036874475298e-08 5.089303696820297846e-08 2.141478922572625390e-07 8.407644705836081704e-07 3.080588485848889897e-06 1.053654973974920313e-05 3.365041311352786772e-05 1.003805402053065240e-04 2.797932311855723365e-04 7.290218137242900423e-04 1.776550085700713891e-03 4.051382134179690002e-03 8.652031304135453932e-03 1.731717934955806157e-02 3.251638050941841468e-02 5.734509137009637797e-02 9.511768880588024333e-02 1.486343917056821839e-01 2.192486051512252399e-01 3.060217916505186819e-01 4.053265094732910745e-01 5.111654080812221279e-01 6.162192454643609096e-01 7.133305300361376666e-01 7.969328909165482866e-01 8.639611980753023612e-01 9.140094064155355191e-01 9.488117915057472374e-01 9.713499897219852741e-01 9.849430901231024382e-01 9.925780426816737112e-01 9.965718021323360931e-01 9.985173609929044458e-01 9.994000197630441562e-01 9.997729488899285144e-01 9.999196872589637408e-01 9.999734577293242221e-01 9.999918072835398686e-01 9.999976388795877025e-01 9.999993648295834037e-01 9.999998405441050675e-01 9.999999626510964745e-01 9.999999918394106846e-01 9.999999983369698420e-01 9.999999996839541438e-01 9.999999999439965759e-01 9.999999999907478454e-01 9.999999999985751398e-01 9.999999999997954969e-01 9.999999999999726885e-01 9.999999999999966693e-01 9.999999999999995559e-01 1.000000000000000000e+00 1.000000000000000000e+00 1.000000000000000000e+00 1.000000000000000000e+00 1.000000000000000000e+00 1.000000000000000000e+00 1.000000000000000000e+00 1.000000000000000000e+00 1.000000000000000000e+00 1.000000000000000000e+00 1.000000000000000000e+00 1.000000000000000000e+00 1.000000000000000000e+00 1.000000000000000000e+00 1.000000000000000000e+00 1.000000000000000000e+00 1.000000000000000000e+00 1.000000000000000000e+00 1.000000000000000000e+00 1.000000000000000000e+00 1.000000000000000000e+00 1.000000000000000000e+00 1.000000000000000000e+00 1.000000000000000000e+00 1.000000000000000000e+00 1.000000000000000000e+00 1.000000000000000000e+00
1.662282188888118031e-12 5.524583809126591917e-12 1.784098515565930310e-11 5.598529402386171419e-11 1.707171536298870868e-10 5.058729778836319022e-10 1.456736208036806084e-09 4.076716159234966518e-09 1.108782322328723990e-08 2.930931921562196805e-08 7.530217123464937483e-08 1.880493312647771275e-07 4.564786302549262936e-07 1.077152315640320658e-06 2.470969873211219967e-06 5.510859256737442603e-06 1.194986703643489720e-05 2.519601200270512863e-05 5.166086616815630003e-05 1.030130615247477780e-04 1.997869275250960903e-04 3.769065954338075516e-04 6.917431587991603251e-04 1.235260322997692355e-03 2.146538854614930825e-03 3.630419039625256382e-03 5.977112680581799821e-03 9.581437006514941304e-03 1.495795710147923736e-02 2.274708192381360086e-02 3.370646397377270037e-02 4.868238407021314995e-02 6.855756238056712193e-02 9.417517479644783862e-02 1.262435080639197349e-01 1.652309074432361802e-01 2.112652880586897985e-01 2.640551486551273586e-01 3.228485941802824444e-01 3.864427937393104528e-01 4.532489217684646521e-01 5.214082505908829157e-01 5.889456787018469974e-01 6.539397795401591384e-01 7.146852033691026840e-01 7.698247755428094807e-01 8.184345278125576550e-01 8.600537157505556696e-01 8.946615132604577303e-01 9.226103970446914992e-01 9.445316363490345868e-01 9.612300742129269437e-01 9.735837633451989159e-01 9.824599729046352703e-01 9.886539336738416894e-01 9.928517105051197777e-01 9.956147061458833214e-01 9.973809512593427851e-01 9.984775093081780240e-01 9.991386929772961834e-01 9.995258814345930887e-01 9.997460890988290050e-01 9.998677223047499618e-01 9.999329724555153787e-01 9.999669678803411177e-01 9.999841694847626528e-01 9.999926227969878623e-01 9.999966573392802260e-01 9.999985274657561263e-01 9.999993693588797861e-01 9.999997374472993084e-01 9.999998937464014137e-01 9.999999582033698431e-01 9.999999840195663570e-01 9.999999940616433047e-01 9.999999978553493207e-01 9.999999992472636823e-01 9.999999997432504895e-01 9.999999999148974084e-01 9.999999999725888156e-01 9.999999999914206406e-01 9.999999999973907538e-01 9.999999999992289501e-01 9.999999999997786215e-01 9.999999999999382716e-01 9.999999999999832356e-01 9.999999999999955591e-01 9.999999999999988898e-01 9.999999999999997780e-01 1.000000000000000000e+00 1.000000000000000000e+00 1.000000000000000000e+00 1.000000000000000000e+00 1.000000000000000000e+00 1.000000000000000000e+00 1.000000000000000000e+00 1.000000000000000000e+00 1.000000000000000000e+00 1.000000000000000000e+00 1.000000000000000000e+00
6.386842002405913248e-16 3.023933555953270132e-15 1.379714743897788341e-14 6.066649007476240163e-14 2.570770195945698804e-13 1.049894521027923601e-12 4.132475389505556688e-12 1.567733728973435778e-11 5.732553766617568971e-11 2.020484151780287185e-10 6.864569651752253395e-10 2.248238486125625575e-09 7.098474034923390748e-09 2.160754643177511586e-08 6.341473114386542863e-08 1.794518248015167927e-07 4.896773912918500594e-07 1.288579061068264711e-06 3.270307945461637373e-06 8.005422401398308655e-06 1.890355810042780902e-05 4.306426190055238554e-05 9.465868204009700792e-05 2.007871303419903346e-04 4.110666371133828005e-04 8.123935346317697490e-04 1.550188841994158727e-03 2.856690380978758360e-03 5.085230647294101611e-03 8.746803406182552046e-03 1.454177841780156591e-02 2.337608099079402021e-02 3.634876544030525569e-02 5.469827218400676733e-02 7.969919018542954980e-02 1.125105777788973083e-01 1.539897776571925170e-01 2.044993068419241611e-01 2.637445497700245389e-01 3.306822663977850296e-01 4.035315979171792411e-01 4.799006733195377850e-01 5.570170805057004237e-01 6.320260740632385188e-01 7.023037156536275916e-01 7.657283974243611624e-01 8.208645773209899410e-01 8.670337699230279416e-01 9.042733764742858504e-01 9.332064815359129017e-01 9.548596827755801986e-01 9.704690836078431193e-01 9.813080368873023929e-01 9.885578260546961094e-01 9.932287226699123561e-01 9.961274802336119727e-01 9.978603271875776670e-01 9.988581308541308879e-01 9.994115656439999107e-01 9.997072471621648582e-01 9.998594133458625910e-01 9.999348440637694235e-01 9.999708616269915584e-01 9.999874275741296170e-01 9.999947668621480545e-01 9.999978989011326647e-01 9.999991863672270664e-01 9.999996961435917431e-01 9.999998905715334896e-01 9.999999620002055778e-01 9.999999872769544940e-01 9.999999958929290944e-01 9.999999987218575193e-01 9.999999996165498395e-01 9.999999998891081487e-01 9.999999999690876162e-01 9.999999999916940885e-01 9.999999999978489429e-01 9.999999999994630961e-01 9.999999999998707700e-01 9.999999999999700240e-01 9.999999999999933387e-01 9.999999999999985567e-01 9.999999999999997780e-01 1.000000000000000000e+00 1.000000000000000000e+00 1.000000000000000000e+00 1.000000000000000000e+00 1.000000000000000000e+00 1.000000000000000000e+00 1.000000000000000000e+00 1.000000000000000000e+00 1.000000000000000000e+00 1.000000000000000000e+00 1.000000000000000000e+00 1.000000000000000000e+00 1.000000000000000000e+00 1.000000000000000000e+00 1.000000000000000000e+00 1.000000000000000000e+00
1.630225361832110237e-15 7.408471558730168211e-15 3.247458481348662553e-14 1.373106258489137733e-13 5.600445517678631944e-13 2.203495260882252163e-12 8.363478946475159674e-12 3.062403172210868075e-11 1.081819300189541047e-10 3.687072994122307676e-10 1.212446257353689340e-09 3.846959980327911387e-09 1.177794796529091382e-08 3.479707029717383296e-08 9.921177874195450392e-08 2.729983896187611699e-07 7.250444925684050345e-07 1.858708741084608359e-06 4.599788234823365024e-06 1.098969345843673165e-05 2.535129757844450273e-05 5.647185525641361804e-05 1.214889870916923596e-04 2.524507116282437291e-04 5.067804973574490312e-04 9.829772629117437040e-04 1.842608406337876677e-03 3.338755960994223108e-03 5.849332091793786603e-03 9.911044188153861345e-03 1.624655642024326607e-02 2.577432643720809977e-02 3.958891017607902435e-02 5.890065047205856469e-02 8.492873161256841996e-02 1.187507930901349484e-01 1.611243798353440837e-01 2.123076050068061216e-01 2.719146198663366931e-01 3.388420928107472863e-01 4.112938348442666259e-01 4.869127777103653965e-01 5.630066602365771944e-01 6.368321367497022933e-01 7.058879337599770487e-01 7.681654640153177116e-01 8.223156507321400799e-01 8.677104237049972912e-01 9.044005342336043363e-01 9.329915401608294134e-01 9.544721719544408955e-01 9.700318933055894766e-01 9.808984930810376035e-01 9.882153162264331048e-01 9.929652592841797798e-01 9.959382334321658092e-01 9.977322674103941136e-01 9.987760424557188266e-01 9.993615328504872330e-01 9.996781753167720552e-01 9.998432783142245928e-01 9.999262781165350056e-01 9.999665067556986475e-01 9.999853055365713894e-01 9.999937750792404767e-01 9.999974540474161344e-01 9.999989947817389258e-01 9.999996168886033931e-01 9.999998590682204203e-01 9.999999499643488221e-01 9.999999828561928483e-01 9.999999943315427409e-01 9.999999981914631242e-01 9.999999994432351436e-01 9.999999998346222885e-01 9.999999999526061334e-01 9.999999999868963707e-01 9.999999999965047959e-01 9.999999999991007194e-01 9.999999999997767341e-01 9.999999999999464873e-01 9.999999999999876765e-01 9.999999999999972244e-01 9.999999999999993339e-01 9.999999999999998890e-01 1.000000000000000000e+00 1.000000000000000000e+00 1.000000000000000000e+00 1.000000000000000000e+00 1.000000000000000000e+00 1.000000000000000000e+00 1.000000000000000000e+00 1.000000000000000000e+00 1.000000000000000000e+00 1.000000000000000000e+00 1.000000000000000000e+00 1.000000000000000000e+00 1.000000000000000000e+00 1.000000000000000000e+00 1.000000000000000000e+00
1.079140535484756276e-08 2.389964372550524682e-08 5.193877348387367556e-08 1.107616649122263814e-07 2.317907814170337207e-07 4.760185451449939481e-07 9.593687376726386754e-07 1.897558025116109306e-06 3.683555215527944669e-06 7.018071306132442577e-06 1.312392823941329986e-05 2.408927088355404113e-05 4.340270851196722395e-05 7.676522196712484377e-05 1.332875137799381356e-04 2.272041648783297682e-04 3.802520316126347419e-04 6.248618151292881706e-04 1.008288415113384184e-03 1.597745969631210851e-03 2.486506446089722325e-03 3.800759015036689684e-03 5.706811489507518723e-03 8.417956813692799647e-03 1.220005394351770210e-02 1.737462676439698733e-02 2.431812422618116060e-02 3.345597412187407277e-02 4.525026206749365593e-02 6.018031707531998342e-02 7.871619114375930093e-02 1.012859396282182745e-01 1.282386447861829093e-01 1.598061309141494135e-01 1.960671192406223673e-01 2.369179864382274514e-01 2.820541800188711146e-01 3.309656362233736049e-01 3.829482684605585718e-01 4.371318807867849987e-01 4.925229385829833495e-01 5.480587828343150836e-01 6.026683977130289360e-01 6.553339769052457520e-01 7.051474279238186815e-01 7.513566235506252688e-01 7.933975422920762632e-01 8.309102140080797394e-01 8.637383179671910272e-01 8.919140757809171927e-01 9.156314938548228977e-01 9.352118779061798781e-01 9.510658098947889494e-01 9.636554918321040830e-01 9.734606477116775070e-01 9.809502061919290750e-01 9.865609429446655643e-01 9.906832992322552878e-01 9.936538234869984887e-01 9.957531627076054992e-01 9.972082668103730008e-01 9.981974288248771643e-01 9.988569104579391178e-01 9.992881314333244003e-01 9.995646720569125732e-01 9.997386042102828219e-01 9.998458950571542658e-01 9.999108044166543641e-01 9.999493179897270823e-01 9.999717300676735920e-01 9.999845212958626828e-01 9.999916811498286151e-01 9.999956117408943523e-01 9.999977280218594888e-01 9.999988455295938383e-01 9.999994242775652742e-01 9.999997182388531414e-01 9.999998646764183263e-01 9.999999362209650577e-01 9.999999705026560992e-01 9.999999866131767945e-01 9.999999940385544406e-01 9.999999973950735033e-01 9.999999988831362874e-01 9.999999995301522837e-01 9.999999998060640216e-01 9.999999999214590485e-01 9.999999999687921859e-01 9.999999999878338430e-01 9.999999999953467222e-01 9.999999999982538412e-01 9.999999999993571809e-01 9.999999999997677413e-01 9.999999999999177325e-01 9.999999999999713562e-01 9.999999999999902300e-01 9.999999999999966693e-01 9.999999999999988898e-01 9.999999999999996669e-01 9.999999999999998890e-01
2.183429778607501096e-13 7.719746066766658838e-13 2.650169418088490652e-12 8.834088539897735212e-12 2.859425008341612986e-11 8.987453953093216916e-11 2.743144286857974588e-10 8.130711760739148661e-10 2.340406910439461904e-09 6.542641736208420336e-09 1.776360725385348457e-08 4.684293298164328043e-08 1.199808718926352451e-07 2.985085133958668797e-07 7.214425766037928854e-07 1.693841318083197848e-06 3.863646363155869620e-06 8.562606047266767517e-06 1.843875139396269756e-05 3.858425115984592037e-05 7.846593668169659047e-05 1.550915411832638887e-04 2.979741379634602669e-04 5.565510985404571167e-04 1.010707505240495069e-03 1.784859513307773642e-03 3.065573863823366392e-03 5.121860186834308222e-03 8.326064665974622012e-03 1.317182831083560900e-02 2.028412130344764419e-02 3.041535879032283840e-02 4.442157516754142305e-02 6.321408028403360801e-02 8.768521240363234825e-02 1.186115869193283129e-01 1.565439192745757269e-01 2.016978633141963684e-01 2.538638537919503113e-01 3.123542904003558940e-01 3.760027530009157348e-01 4.432224623293489763e-01 5.121211587811397292e-01 5.806590985540476257e-01 6.468284305953684310e-01 7.088279205801271132e-01 7.652079292422324652e-01 8.149664894429408113e-01 8.575867505203753627e-01 8.930166585210477237e-01 9.216010890165070579e-01 9.439828700581935905e-01 9.609913419791619171e-01 9.735354989848901131e-01 9.825143995989640278e-01 9.887518961006680485e-01 9.929572533719921434e-01 9.957089520452833131e-01 9.974563998174403867e-01 9.985333927266091258e-01 9.991776016655782300e-01 9.995515795010456728e-01 9.997622822214120575e-01 9.998774947026024540e-01 9.999386359038091587e-01 9.999701259570218381e-01 9.999858664289857924e-01 9.999935024474267964e-01 9.999970976302647863e-01 9.999987404114490941e-01 9.999994689341850096e-01 9.999997824872687291e-01 9.999999134608013041e-01 9.999999665566325913e-01 9.999999874467866423e-01 9.999999954235575528e-01 9.999999983796413749e-01 9.999999994428303562e-01 9.999999998139450508e-01 9.999999999396664840e-01 9.999999999810013085e-01 9.999999999941906470e-01 9.999999999982751575e-01 9.999999999995027311e-01 9.999999999998607780e-01 9.999999999999621414e-01 9.999999999999900080e-01 9.999999999999974465e-01 9.999999999999993339e-01 9.999999999999997780e-01 1.000000000000000000e+00 1.000000000000000000e+00 1.000000000000000000e+00 1.000000000000000000e+00 1.000000000000000000e+00 1.000000000000000000e+00 1.000000000000000000e+00 1.000000000000000000e+00 1.000000000000000000e+00 1.000000000000000000e+00
2.155542313185762709e-10 5.727920536798225316e-10 1.486941805016035012e-09 3.771018323508473368e-09 9.343355490516285454e-09 2.261722669373529578e-08 5.349111495344998680e-08 1.236073538348250978e-07 2.790891287640473887e-07 6.157355475381789795e-07 1.327444085222122031e-06 2.796587036310460470e-06 5.757732030581603619e-06 1.158532300576355973e-05 2.278362702967173055e-05 4.379475077400912499e-05 8.228761003072581053e-05 1.511441121311289551e-04 2.714103328423158072e-04 4.765153667694833287e-04 8.180564486449878620e-04 1.373376786753851241e-03 2.254990287054458014e-03 3.621607636886800888e-03 5.690079867250339915e-03 8.747017276226499299e-03 1.315822495289119265e-02 1.937353197358319262e-02 2.792423472886626859e-02 3.941040338597429082e-02 5.447587527635476545e-02 7.376997302311225080e-02 9.789681089843500772e-02 1.273553051884234177e-01 1.624753370772818173e-01 2.033574641940491812e-01 2.498246424583820957e-01 3.013941942578765021e-01 3.572765439036877932e-01 4.164041381222802762e-01 4.774899022927743819e-01 5.391102389986425214e-01 5.998037661490567274e-01 6.581744712968422562e-01 7.129872418109890475e-01 7.632449657444211333e-01 8.082393302851338390e-01 8.475714785133794393e-01 8.811430324076395815e-01 9.091218555907760734e-01 9.318896865753880654e-01 9.499800827817511673e-01 9.640149624006678630e-01 9.746466813166763110e-01 9.825104810990923365e-01 9.881897909226632359e-01 9.921947013917282732e-01 9.949522563799443331e-01 9.968061706707693759e-01 9.980231668216537066e-01 9.988032174988634715e-01 9.992914092885621935e-01 9.995897360001639864e-01 9.997677391975854366e-01 9.998714436574196451e-01 9.999304367285244410e-01 9.999632038651393717e-01 9.999809747831905904e-01 9.999903853350686767e-01 9.999952511338854322e-01 9.999977076917494490e-01 9.999989186623799986e-01 9.999995015353968508e-01 9.999997754706873021e-01 9.999999011765918766e-01 9.999999575010458663e-01 9.999999821428151581e-01 9.999999926692263452e-01 9.999999970598101307e-01 9.999999988479344459e-01 9.999999995589948787e-01 9.999999998350836972e-01 9.999999999397541917e-01 9.999999999785007532e-01 9.999999999925054395e-01 9.999999999974480414e-01 9.999999999991511235e-01 9.999999999997242206e-01 9.999999999999125144e-01 9.999999999999729106e-01 9.999999999999917843e-01 9.999999999999975575e-01 9.999999999999993339e-01 9.999999999999997780e-01 1.000000000000000000e+00 1.000000000000000000e+00 1.000000000000000000e+00 1.000000000000000000e+00 1.000000000000000000e+00 1.000000000000000000e+00
1.808622520636245265e-10 4.795563199499599072e-10 1.242561059432644330e-09 3.146248901227090621e-09 7.785331872310641664e-09 1.882704569345174722e-08 4.449603775839186129e-08 1.027800129161237059e-07 2.320380540373653897e-07 5.120226050581600101e-07 1.104373017333263016e-06 2.328401387120916144e-06 4.798830904073499578e-06 9.668749245284898771e-06 1.904521450566317237e-05 3.667816172185701961e-05 6.906577789619739827e-05 1.271691591089563992e-04 2.289795725880945372e-04 4.032209900427124495e-04 6.944797616768103986e-04 1.170006650889307206e-03 1.928304137527067684e-03 3.109366000150640911e-03 4.906060295732174274e-03 7.575648439901723485e-03 1.144985607413395549e-02 1.694134471312260318e-02 2.454401002126678499e-02 3.482441576293886232e-02 4.840202339757786187e-02 6.591681125745285641e-02 8.798441358806158297e-02 1.151409305968912056e-01 1.477817947925348652e-01 1.861011240775533870e-01 2.300393812837930041e-01 2.792474634095157837e-01 3.330742855381667034e-01 3.905824803962225089e-01 4.505932819749600138e-01 5.117575550891952929e-01 5.726460038527884100e-01 6.318485929892935227e-01 6.880717449479297754e-01 7.402222326042979805e-01 7.874687988634778701e-01 8.292759731777199494e-01 8.654086437397223719e-01 8.959099179339853336e-01 9.210579827030077604e-01 9.413096048424365314e-01 9.572384286454500568e-01 9.694754646274132970e-01 9.786574667589451604e-01 9.853867243232388162e-01 9.902036007917267568e-01 9.935712934145581876e-01 9.958709762569258883e-01 9.974047877551477370e-01 9.984039696566067157e-01 9.990397185812167624e-01 9.994348078137695879e-01 9.996746210864129178e-01 9.998167949208370819e-01 9.998991204539438016e-01 9.999456809733080487e-01 9.999714008832210066e-01 9.999852776856592573e-01 9.999925903842664665e-01 9.999963542508486514e-01 9.999982464158860829e-01 9.999991754935551036e-01 9.999996210607543512e-01 9.999998297704152384e-01 9.999999252564826246e-01 9.999999679248023909e-01 9.999999865473510052e-01 9.999999944858921630e-01 9.999999977911873117e-01 9.999999991353372142e-01 9.999999996692288118e-01 9.999999998763509090e-01 9.999999999548323526e-01 9.999999999838777853e-01 9.999999999943768314e-01 9.999999999980836440e-01 9.999999999993618438e-01 9.999999999997923883e-01 9.999999999999340528e-01 9.999999999999795719e-01 9.999999999999937828e-01 9.999999999999982236e-01 9.999999999999994449e-01 9.999999999999997780e-01 1.000000000000000000e+00 1.000000000000000000e+00 1.000000000000000000e+00 1.000000000000000000e+00 1.000000000000000000e+00
4.070272797183271677e-12 1.312682637561411056e-11 4.115422740525585284e-11 1.254294072635339790e-10 3.716439090878757102e-10 1.070559511089149707e-09 2.998231296201405781e-09 8.164045430919234503e-09 2.161465204906428113e-08 5.564312445316606505e-08 1.392882423462012921e-07 3.390610519390395396e-07 8.026465740644628243e-07 1.847898863184518426e-06 4.137765731611506859e-06 9.011897295719768886e-06 1.909240097908529262e-05 3.934894019322135586e-05 7.889892812393473802e-05 1.539273147011353685e-04 2.922212258560648681e-04 5.398942816530075215e-04 9.708699644735577314e-04 1.699530280730223450e-03 2.896534997647041455e-03 4.807114174990237063e-03 7.770121282250060622e-03 1.223488888593763681e-02 1.877166439902273887e-02 2.807046345732702036e-02 4.092299758225463602e-02 5.818333600108988035e-02 8.070541674666298348e-02 1.092593804051973927e-01 1.444334809710330902e-01 1.865331154036650174e-01 2.354920985694724245e-01 2.908124853510548613e-01 3.515471714195133046e-01 4.163340635090923558e-01 4.834825581321472443e-01 5.511039640984721766e-01 6.172693566839387858e-01 6.801730827234089283e-01 7.382790351834941367e-01 7.904301559879668426e-01 8.359085822547250855e-01 8.744427476395020271e-01 9.061665488054641004e-01 9.315425506810479650e-01 9.512649557023005187e-01 9.661584026934643132e-01 9.770861143173016350e-01 9.848765518875253200e-01 9.902728144497159324e-01 9.939046222515588447e-01 9.962795542084308398e-01 9.977885150809264747e-01 9.987200587963602771e-01 9.992788208631935287e-01 9.996044692714232127e-01 9.997888728429076277e-01 9.998903312342684035e-01 9.999445693809861924e-01 9.999727415239310080e-01 9.999869593449403071e-01 9.999939311343748471e-01 9.999972527814121603e-01 9.999987904425586827e-01 9.999994820595827782e-01 9.999997843111196882e-01 9.999999126532082006e-01 9.999999656033778939e-01 9.999999868291359340e-01 9.999999950963005535e-01 9.999999982248816144e-01 9.999999993752464178e-01 9.999999997862268897e-01 9.999999999288873287e-01 9.999999999770027292e-01 9.999999999927701166e-01 9.999999999977904341e-01 9.999999999993436361e-01 9.999999999998103739e-01 9.999999999999468203e-01 9.999999999999854561e-01 9.999999999999962252e-01 9.999999999999990008e-01 9.999999999999997780e-01 1.000000000000000000e+00 1.000000000000000000e+00 1.000000000000000000e+00 1.000000000000000000e+00 1.000000000000000000e+00 1.000000000000000000e+00 1.000000000000000000e+00 1.000000000000000000e+00 1.000000000000000000e+00 1.000000000000000000e+00 1.000000000000000000e+00
3.541993533372956977e-13 1.276161178228479830e-12 4.458048048717869301e-12 1.510000779576709016e-11 4.959242990502325834e-11 1.579329945429255274e-10 4.877127074816112362e-10 1.460509945883874350e-09 4.241416439383577028e-09 1.194541540271742446e-08 3.262833879700996861e-08 8.643965471335542579e-08 2.221151399145621481e-07 5.536241475860681433e-07 1.338598662847364983e-06 3.139882477332793383e-06 7.145552683546516056e-06 1.577801663879898158e-05 3.380657414764136440e-05 7.029489579604526685e-05 1.418620213051449361e-04 2.778937172262903798e-04 5.284663134070662549e-04 9.757612909847777341e-04 1.749548458636660843e-03 3.046775930675536467e-03 5.154326098784113575e-03 8.472559486765335671e-03 1.353550449472292437e-02 2.102179735444022896e-02 3.174927897492229451e-02 4.664618747837559476e-02 6.669376783130115394e-02 9.283916538614653269e-02 1.258834261946589206e-01 1.663563298550195246e-01 2.143960245425959865e-01 2.696551091926204236e-01 3.312542597287607138e-01 3.977989427080224627e-01 4.674647392370180898e-01 5.381442391737268904e-01 6.076362607030811880e-01 6.738493783545952409e-01 7.349887171476551240e-01 7.896985059088453829e-01 8.371420283338435464e-01 8.770129600481335608e-01 9.094845381124935235e-01 9.351127280736971636e-01 9.547147096093129282e-01 9.692441701273009080e-01 9.796809480144276217e-01 9.869462018832584338e-01 9.918474028313575275e-01 9.950516170299112950e-01 9.970816722069046900e-01 9.983280834655430258e-01 9.990697045180431113e-01 9.994973361713295201e-01 9.997362958833250213e-01 9.998656995289629812e-01 9.999336097671490675e-01 9.999681472626835710e-01 9.999851693652256346e-01 9.999932995845016714e-01 9.999970627899725795e-01 9.999987508198808772e-01 9.999994846048141373e-01 9.999997937224628375e-01 9.999999199183144949e-01 9.999999698449761887e-01 9.999999889869206626e-01 9.999999960991465819e-01 9.999999986600365265e-01 9.999999995536342778e-01 9.999999998558095626e-01 9.999999999548336849e-01 9.999999999862814182e-01 9.999999999959596764e-01 9.999999999988462562e-01 9.999999999996805888e-01 9.999999999999142908e-01 9.999999999999776845e-01 9.999999999999944489e-01 9.999999999999986677e-01 9.999999999999996669e-01 1.000000000000000000e+00 1.000000000000000000e+00 1.000000000000000000e+00 1.000000000000000000e+00 1.000000000000000000e+00 1.000000000000000000e+00 1.000000000000000000e+00 1.000000000000000000e+00 1.000000000000000000e+00 1.000000000000000000e+00 1.000000000000000000e+00 1.000000000000000000e+00 1.000000000000000000e+00
9.777746607751233729e-12 3.012796014961219172e-11 9.035480298728883547e-11 2.637514363465667779e-10 7.493984641108539477e-10 2.072613393051466329e-09 5.579887447840292493e-09 1.462343310369790636e-08 3.730836909139670206e-08 9.266456480991144669e-08 2.240734810149760672e-07 5.275418371829600340e-07 1.209302646975897654e-06 2.699283726732882742e-06 5.867097420159402785e-06 1.241901947433873116e-05 2.560183205693747029e-05 5.140528050314969940e-05 1.005387903018989068e-04 1.915527984466354938e-04 3.555623540142351037e-04 6.430773927771922093e-04 1.133400685169727497e-03 1.946858559762602468e-03 3.259718005090668329e-03 5.320974592122336422e-03 8.469277945219901363e-03 1.314718739705643402e-02 1.990891706670560105e-02 2.941703540022734889e-02 4.242358673762489790e-02 5.973213214198604820e-02 8.213944801391810657e-02 1.103589908095718997e-01 1.449323039374986188e-01 1.861385385582137730e-01 2.339151980370298145e-01 2.878041280115851697e-01 3.469349993292540901e-01 4.100539750628046654e-01 4.755985207797425174e-01 5.418116520562704652e-01 6.068819282048644181e-01 6.690907715148634027e-01 7.269473241163855182e-01 7.792933749995911707e-01 8.253663472267760426e-01 8.648156620002620532e-01 8.976753634298185736e-01 9.243021442396945897e-01 9.452917653260326514e-01 9.613878927363058713e-01 9.733958477051609659e-01 9.821104490516612273e-01 9.882630223984711915e-01 9.924887047625616798e-01 9.953120737759520997e-01 9.971472135780563573e-01 9.983075965538739105e-01 9.990213762520744334e-01 9.994485038629632445e-01 9.996971499767715041e-01 9.998379608653282791e-01 9.999155357777113062e-01 9.999571112121301564e-01 9.999787873896546220e-01 9.999897814712458421e-01 9.999952060437158341e-01 9.999978098119657322e-01 9.999990256321141802e-01 9.999995779212343949e-01 9.999998219796146781e-01 9.999999268978525535e-01 9.999999707749828159e-01 9.999999886256867310e-01 9.999999956905265552e-01 9.999999984105900630e-01 9.999999994293820027e-01 9.999999998005937307e-01 9.999999999321729227e-01 9.999999999775442960e-01 9.999999999927640104e-01 9.999999999977307041e-01 9.999999999993073319e-01 9.999999999997941647e-01 9.999999999999404920e-01 9.999999999999832356e-01 9.999999999999953371e-01 9.999999999999987788e-01 9.999999999999996669e-01 1.000000000000000000e+00 1.000000000000000000e+00 1.000000000000000000e+00 1.000000000000000000e+00 1.000000000000000000e+00 1.000000000000000000e+00 1.000000000000000000e+00 1.000000000000000000e+00 1.000000000000000000e+00 1.000000000000000000e+00
1.301177548475748746e-11 3.971194261618693060e-11 1.179823866830082116e-10 3.412214381983110736e-10 9.607069655050209666e-10 2.633263692893654139e-09 7.026851528547486539e-09 1.825599426002033737e-08 4.617904008918751921e-08 1.137356640591102659e-07 2.727594585646161827e-07 6.369640118888761619e-07 1.448518669156372492e-06 3.207978593050182244e-06 6.919314306941841332e-06 1.453607679133228830e-05 2.974505185266342614e-05 5.929242623100222176e-05 1.151429567354152601e-04 2.178559102161796977e-04 4.016420193338107172e-04 7.215976398458191603e-04 1.263544167846237468e-03 2.156670319885665554e-03 3.588722637500364483e-03 5.822781993700953951e-03 9.213723580600699514e-03 1.422139377378166258e-02 2.141656222324962028e-02 3.147512841119522869e-02 4.515623037991250976e-02 6.326112470024278234e-02 8.657212134983117979e-02 1.157743261295582221e-01 1.513669833020243605e-01 1.935750213082101656e-01 2.422740069326043411e-01 2.969421941404541965e-01 3.566511459188538291e-01 4.201015283226506858e-01 4.857038286603186372e-01 5.516962285595579107e-01 6.162852651851453700e-01 6.777907321624221382e-01 7.347754836437253578e-01 7.861435971225678720e-01 8.311960649915056676e-01 8.696405065361325626e-01 9.015587157748289338e-01 9.273417161001289433e-01 9.476053975995371026e-01 9.631004549914310431e-01 9.746285606820785929e-01 9.829732968355414657e-01 9.888503165204052259e-01 9.928774083302678299e-01 9.955622318132562043e-01 9.973037569052904949e-01 9.984028475065492847e-01 9.990777281581567637e-01 9.994809185277055974e-01 9.997152782499085788e-01 9.998478177751750628e-01 9.999207462979826655e-01 9.999597889175910748e-01 9.999801251250148848e-01 9.999904311314644634e-01 9.999955127287118994e-01 9.999979505361941134e-01 9.999990883936260566e-01 9.999996051258209784e-01 9.999998334397253164e-01 9.999999315892749152e-01 9.999999726411796797e-01 9.999999893469807555e-01 9.999999959613772305e-01 9.999999985093923627e-01 9.999999994643905543e-01 9.999999998126412049e-01 9.999999999361988134e-01 9.999999999788504734e-01 9.999999999931754591e-01 9.999999999978563814e-01 9.999999999993445243e-01 9.999999999998049338e-01 9.999999999999434896e-01 9.999999999999840128e-01 9.999999999999955591e-01 9.999999999999988898e-01 9.999999999999997780e-01 1.000000000000000000e+00 1.000000000000000000e+00 1.000000000000000000e+00 1.000000000000000000e+00 1.000000000000000000e+00 1.000000000000000000e+00 1.000000000000000000e+00 1.000000000000000000e+00 1.000000000000000000e+00 1.000000000000000000e+00
