1.548202429999999963e-01
1.845332520000000087e-01
2.341402720000000104e-01
3.169228940000000105e-01
4.849848780000000081e-01
7.638675099999999718e-01
1.185306881999999895e+00
1.760791578000000079e+00
2.476687179999999877e+00
3.299282700000000013e+00
4.188276700000000297e+00
5.104892920000000167e+00
6.025144219999999606e+00
6.920013319999999801e+00
7.782619480000000145e+00
8.594257819999999271e+00
9.355978560000000499e+00
1.006048960000000037e+01
1.071177860000000059e+01
1.130583288000000053e+01
1.184576262000000035e+01
1.234059957999999924e+01
1.278373520000000063e+01
1.317782805999999951e+01
1.353675639999999980e+01
1.386178074000000038e+01
1.415092330000000054e+01
1.442047213999999933e+01
1.466540385999999963e+01
1.489180522000000018e+01
1.510040204000000053e+01
