4.362515542236386546e-19 1.454652275819341601e-18 4.763383548856064052e-18 1.531824279682145487e-17 4.837738431363799159e-17 1.500441237014673449e-16 4.570272043524555029e-16 1.367146303442296337e-15 4.016441072737473605e-15 1.158844138420535987e-14 3.283747938165124817e-14 9.138604410213818370e-14 2.497810862944672011e-13 6.705225235497315536e-13 1.767852845560539438e-12 4.577862974621282288e-12 1.164310139298431927e-11 2.908501811408003545e-11 7.136259271157535900e-11 1.719802979453825189e-10 4.070990445985527113e-10 9.465458575185110682e-10 2.161776037697999879e-09 4.849700256282192724e-09 1.068716229763062431e-08 2.313459281529459031e-08 4.919516578830534171e-08 1.027670391015636498e-07 2.108950828114602268e-07 4.251784748811737975e-07 8.421317106891707751e-07 1.638721743395807560e-06 3.132998650687359914e-06 5.885173442888149629e-06 1.086219663880694778e-05 1.969934312494931700e-05 3.510581490330181030e-05 6.147781648553714751e-05 1.058010837733059181e-04 1.789434869348543197e-04 2.974536183024991927e-04 4.859879908430953508e-04 7.804806114540413248e-04 1.232135920654742417e-03 1.912260794464021524e-03 2.917846385075334881e-03 4.377662918513204778e-03 6.458443929871759796e-03 9.370524208256353002e-03 1.337208286237167101e-02 1.877096584802597987e-02 2.592296629307960093e-02 3.522547419245886796e-02 4.710561162201849089e-02 6.200237054617714627e-02 8.034286447432505140e-02 1.025135531159710456e-01 1.288281220469572330e-01 1.594944843863057848e-01 1.945839855657626183e-01 2.340062038308571013e-01 2.774926438870851664e-01 3.245920673792380695e-01 3.746792109324312836e-01 4.269773069598163939e-01 4.805933096652479919e-01 5.345632487726086346e-01 5.879039063459906567e-01 6.396662276004922987e-01 6.889856592228794652e-01 7.351249932526068287e-01 7.775062195120341357e-01 8.157292090351679903e-01 8.495765626154794248e-01 8.790054414019543572e-01 9.041284497245773988e-01 9.251865162219854444e-01 9.425171427713254779e-01 9.565213636299596534e-01 9.676323483486495292e-01 9.762879060447197110e-01 9.829083400666696058e-01 9.878802901853115381e-01 9.915464884925395683e-01 9.942008130432067325e-01 9.960876786576756681e-01 9.974046513909393674e-01 9.983071809942012376e-01 9.989144693850879886e-01 9.993156845542650046e-01 9.995759452239278975e-01 9.997417085929245495e-01 9.998453700717859771e-01 9.999090195780446777e-01 9.999473921996007153e-01 9.999701063597492556e-01 9.999833077803068626e-01 9.999908412215957609e-01 9.999950622171572823e-01 9.999973843396033901e-01
8.304445728599865617e-19 2.751821279133863411e-18 8.954065781709966752e-18 2.860973191304393577e-17 8.976434126849262328e-17 2.765627598008730654e-16 8.367326818638968820e-16 2.485916221970402829e-15 7.252649309972385284e-15 2.077883472465191512e-14 5.846071099781890918e-14 1.615212488097093805e-13 4.382504650553461393e-13 1.167742183405730295e-12 3.055683466940108569e-12 7.852569334060537325e-12 1.981813107235628906e-11 4.912096490652459907e-11 1.195722623843188991e-10 2.858642142380286126e-10 6.712150862327809838e-10 1.547901667857099076e-09 3.506003566465706711e-09 7.799678392213188481e-09 1.704295528814568767e-08 3.657850976324565762e-08 7.711335361110217062e-08 1.596856314562963868e-07 3.248221180923605517e-07 6.490533491848146786e-07 1.274038493380595175e-06 2.456773910705335708e-06 4.654171190043771427e-06 8.662216746459181028e-06 1.583949552705783128e-05 2.845748306666077469e-05 5.023575908957411928e-05 8.713862018674851928e-05 1.485289162650048258e-04 2.487923508112649786e-04 4.095562746965165034e-04 6.626246050009398664e-04 1.053726745840762469e-03 1.647124349426300205e-03 2.531027320412795184e-03 3.823634663726364902e-03 5.679437662363989898e-03 8.295212523556198120e-03 1.191490850158948012e-02 1.683243920342453528e-02 2.339125332493530510e-02 3.197954589478331500e-02 4.302011878190097754e-02 5.695424255949304432e-02 7.421941819279036234e-02 9.522165851948774518e-02 1.203037378922116041e-01 1.497116875949178472e-01 1.835625123585879481e-01 2.218165309000694474e-01 2.642577820300550107e-01 3.104855153175130611e-01 3.599188978659351168e-01 4.118157921596033999e-01 4.653049450964077405e-01 5.194293811315880971e-01 5.731974402986828032e-01 6.256369531711114540e-01 6.758476500326624503e-01 7.230471241352410816e-01 7.666064730730010046e-01 8.060729997861307838e-01 8.411788698082893756e-01 8.718361678573440798e-01 8.981201589393466023e-01 9.202435676332305636e-01 9.385252460642317107e-01 9.533566880278196987e-01 9.651695184866924127e-01 9.744064525411353372e-01 9.814974117591115377e-01 9.868416449341865793e-01 9.907959399716980142e-01 9.936684132288572391e-01 9.957169613234372330e-01 9.971512599198695259e-01 9.981371675161629931e-01 9.988024959349375287e-01 9.992432934615409490e-01 9.995300051693707388e-01 9.997130910700147144e-01 9.998278714236064069e-01 9.998985167424860876e-01 9.999412044059873272e-01 9.999665279526976924e-01 9.999812765194471265e-01 9.999897094443614964e-01 9.999944432428302665e-01 9.999970520645375949e-01 9.999984635685732481e-01
3.461125853614412173e-18 1.121185135288232939e-17 3.566515962418912206e-17 1.114091942241559573e-16 3.417520859256218756e-16 1.029480211237852605e-15 3.045405208324940636e-15 8.847002640186207368e-15 2.523917333506784170e-14 7.071085590551491687e-14 1.945509523481145424e-13 5.256799845495088850e-13 1.394938552087380666e-12 3.635291597751029268e-12 9.304203736927734817e-12 2.338732087826023045e-11 5.773628767467859108e-11 1.399878970649165339e-10 3.333587393475674401e-10 7.796860376275731722e-10 1.791106662326501350e-09 4.041332322599331672e-09 8.956476586631977778e-09 1.949700568919004904e-08 4.168941820016104338e-08 8.756299456705183738e-08 1.806602069439781020e-07 3.661528818250561496e-07 7.290076842922267414e-07 1.425882911103652618e-06 2.739876451160349727e-06 5.172346499830459711e-06 9.593319408038283568e-06 1.748199868233807092e-05 3.130196078692094012e-05 5.507176057876973958e-05 9.521018550447826550e-05 1.617545483912112493e-04 2.700669960351177322e-04 4.431528732229739523e-04 7.147099165858097512e-04 1.132999158141566884e-03 1.765569042809395821e-03 2.704765690036066948e-03 4.073820285685557374e-03 6.033121566025334906e-03 8.786068919160047730e-03 1.258368297833356575e-02 1.772696087957417732e-02 2.456584752759053553e-02 3.349370148260771146e-02 4.493630926913960710e-02 5.933487440444391858e-02 7.712297973371388948e-02 9.869826009429058522e-02 1.243903531405672752e-01 1.544275092200955435e-01 1.889049027958787375e-01 2.277580617876398261e-01 2.707448047021883131e-01 3.174385858246647762e-01 3.672352036512700479e-01 4.193735138565050091e-01 4.729692646884550156e-01 5.270596494230379570e-01 5.806548727772411489e-01 6.327921567196361785e-01 6.825873042980974414e-01 7.292792472472380272e-01 7.722638748720174195e-01 8.111147396133884246e-01 8.455897580251443557e-01 8.756245492314822521e-01 9.013143666617405847e-01 9.228875237222732286e-01 9.406737034109158291e-01 9.550705681455268214e-01 9.665117120127704187e-01 9.754383359203915305e-01 9.822762130334337094e-01 9.874186810882721321e-01 9.912156598159019838e-01 9.939681195180856133e-01 9.959270544523959323e-01 9.972958395935473952e-01 9.982348421483790979e-01 9.988672750830878133e-01 9.992854696500876877e-01 9.995569625578601958e-01 9.997300058530074196e-01 9.998382905882218230e-01 9.999048172705501392e-01 9.999449446359280902e-01 9.999687076524265139e-01 9.999825235346897490e-01 9.999904098075007575e-01 9.999948293882808814e-01 9.999972610684317864e-01 9.999985746223495342e-01 9.999992712575667131e-01
4.955000306475338459e-17 1.503600776801809609e-16 4.483997125689217928e-16 1.314151005757962685e-15 3.785086080915407660e-15 1.071421430169100640e-14 2.980592999945162368e-14 8.149044374973326940e-14 2.189658605295012243e-13 5.782506298951252568e-13 1.500825751410742144e-12 3.828455280650166756e-12 9.598446890672665760e-12 2.365198664109180942e-11 5.728343021209677744e-11 1.363612242890300540e-10 3.190504154530317124e-10 7.337374395167946513e-10 1.658600301511827803e-09 3.685272694993134550e-09 8.048814029793611411e-09 1.727971268226326173e-08 3.646632195978080490e-08 7.564969820788081988e-08 1.542736493689309106e-07 3.092827786495874955e-07 6.095508141078389841e-07 1.181043077033710943e-06 2.249755965329512199e-06 4.213392888701703063e-06 7.758348452573667365e-06 1.404630998075999425e-05 2.500499492894767286e-05 4.377033777452836818e-05 7.534248155994641746e-05 1.275341472253351969e-04 2.123052375751084925e-04 3.475884530175604422e-04 5.597123564115239619e-04 8.865144703894857481e-04 1.381200523828760929e-03 2.116939979205408138e-03 3.192087368629001592e-03 4.735782550799597784e-03 6.913515818633074808e-03 9.932059202637970666e-03 1.404298620154402315e-02 1.954386048193445385e-02 2.677610818407053991e-02 3.611863790584593503e-02 4.797647043836954228e-02 6.276400490899144979e-02 8.088307332829051954e-02 1.026965857420757272e-01 1.284992756368640576e-01 1.584877252115855506e-01 1.927323722704183950e-01 2.311544662703834685e-01 2.735108644386001209e-01 3.193890963676098704e-01 3.682142909587835522e-01 4.192684296990583093e-01 4.717210982123855034e-01 5.246696253266286414e-01 5.771854080080068838e-01 6.283624834168013429e-01 6.773641383035722274e-01 7.234635827828336252e-01 7.660754236640041626e-01 8.047757439918699074e-01 8.393098708005735098e-01 8.695882102349520304e-01 8.956716749418498491e-01 9.177490864757599232e-01 9.361094245138193992e-01 9.511118968391996109e-01 9.631565592900190875e-01 9.726577069159028088e-01 9.800215941160990152e-01 9.856293333770020926e-01 9.898251656163595813e-01 9.929097597723370860e-01 9.951378232193693885e-01 9.967190955666593855e-01 9.978217397529867139e-01 9.985772036142366304e-01 9.990857628841081084e-01 9.994221342562832344e-01 9.996407321845977023e-01 9.997803119972898944e-01 9.998678806617905535e-01 9.999218596050585273e-01 9.999545522123204355e-01 9.999740068995821574e-01 9.999853818223785051e-01 9.999919164697765872e-01 9.999956049320483098e-01 9.999976505192962328e-01 9.999987651734366656e-01 9.999993619499344399e-01
1.927204431266908473e-17 6.209824232542292140e-17 1.963560736949418886e-16 6.092933011092096115e-16 1.855364262242410744e-15 5.544425515833336160e-15 1.625970087556556531e-14 4.679521303351971950e-14 1.321684028891841242e-13 3.663497283080283453e-13 9.965774253847008905e-13 2.660592319304976800e-12 6.971130074990149004e-12 1.792632831084049904e-11 4.524273643431218193e-11 1.120681309502594915e-10 2.724569456032199068e-10 6.501345673767048377e-10 1.522670008804888953e-09 3.500366164527071643e-09 7.898320854008607762e-09 1.749357847919540570e-08 3.803248201567388889e-08 8.116577501557259957e-08 1.700373217117090865e-07 3.496874955979004624e-07 7.059805387555515018e-07 1.399249660657501090e-06 2.722710825638755574e-06 5.201476040558417901e-06 9.756329877109052041e-06 1.796794098830948168e-05 3.249230728084044124e-05 5.769697155000726537e-05 1.006090509038596578e-04 1.722882481832390300e-04 2.897568098474841126e-04 4.786277427549986432e-04 7.765641442543040184e-04 1.237666127362824610e-03 1.937806953049256951e-03 2.980817777245571044e-03 4.505246908028123255e-03 6.691199219251647325e-03 9.766511030174864633e-03 1.401126640470309014e-02 1.975945784110490905e-02 2.739649375887841590e-02 3.735131586187847436e-02 5.008216116119504346e-02 6.605551276671060845e-02 8.571852009772544523e-02 1.094660758005539247e-01 1.376047076811575953e-01 1.703163338219827183e-01 2.076255725158754895e-01 2.493745401509154802e-01 2.952087973517569797e-01 3.445772777798073450e-01 3.967477093606213145e-01 4.508373639326387350e-01 5.058571751846632214e-01 5.607656138453974703e-01 6.145274636298783122e-01 6.661720045393153544e-01 7.148451875126480282e-01 7.598511632239584035e-01 8.006798790359014317e-01 8.370191626669476470e-01 8.687515029462726801e-01 8.959373544378862464e-01 9.187880208312808605e-01 9.376318816419586533e-01 9.528778842108247549e-01 9.649798847338797447e-01 9.744047124067960475e-01 9.816059101162208922e-01 9.870041367077142525e-01 9.909743381013209618e-01 9.938391031457820546e-01 9.958671618226381250e-01 9.972757597680730335e-01 9.982356213361290864e-01 9.988773407299189611e-01 9.992982579799889464e-01 9.995691294547841554e-01 9.997401486259608339e-01 9.998460840692089402e-01 9.999104643301544026e-01 9.999488508834368794e-01 9.999713062647137551e-01 9.999841940016813702e-01 9.999914508458268569e-01 9.999954598251441507e-01 9.999976326999714393e-01 9.999987881481164909e-01 9.999993909589566243e-01 9.999996995096126495e-01 9.999998544578732051e-01 9.999999307995561804e-01
1.253795330680025540e-18 4.463229411274039601e-18 1.556278105591055686e-17 5.315502231835241371e-17 1.778379080387581301e-16 5.828158320741066517e-16 1.870981642186537820e-15 5.883602579400660485e-15 1.812413995375748995e-14 5.469109938420675470e-14 1.616688015038170504e-13 4.681570040515189084e-13 1.328061804598976710e-12 3.690732150849104125e-12 1.004802275535425711e-11 2.679965790318565038e-11 7.002700504996755020e-11 1.792656309911346756e-10 4.496055436209024259e-10 1.104785244127129116e-09 2.659773268333468152e-09 6.273955468036675233e-09 1.450034824799905686e-08 3.283722101694192863e-08 7.286463730827112073e-08 1.584316411708362158e-07 3.375629908171215736e-07 7.048058834613687521e-07 1.442118648207080939e-06 2.891780397969324105e-06 5.683026971088875096e-06 1.094618418241738472e-05 2.066495004789095424e-05 3.823983754991552820e-05 6.936349767171253572e-05 1.233400907582724200e-04 2.150121499528696411e-04 3.674824428031036217e-04 6.158244737759744573e-04 1.011949230037803311e-03 1.630721038903521370e-03 2.577276020567686749e-03 3.995281725495349393e-03 6.075586329403887854e-03 9.064357837207699317e-03 1.326944829568837102e-02 1.906339940407018874e-02 2.688131856661372596e-02 3.721189132112645570e-02 5.058013984421731030e-02 6.752123626804437673e-02 8.854572382680857279e-02 1.140978023126988788e-01 1.445097308452739648e-01 1.799566594436938227e-01 2.204170607043494101e-01 2.656441554469609612e-01 3.151531526758677426e-01 3.682277253658178262e-01 4.239470471785422578e-01 4.812322002803704479e-01 5.389082192916107017e-01 5.957758869281694070e-01 6.506860202640538660e-01 7.026086309079948578e-01 7.506900725921321627e-01 7.942929728923560084e-01 8.330160808775297632e-01 8.666937453265967095e-01 8.953771465483889580e-01 9.193012818026873312e-01 9.388428207694210492e-01 9.544742317986799618e-01 9.667191109077477584e-01 9.761126167785756369e-01 9.831695791594494693e-01 9.883614605917201423e-01 9.921021236580862546e-01 9.947414267641558894e-01 9.965650989986732933e-01 9.977991159653316622e-01 9.986168504085277675e-01 9.991475151730587756e-01 9.994847597699838548e-01 9.996946472442314047e-01 9.998225691141424676e-01 9.998989210086577373e-01 9.999435494336427199e-01 9.999690952631290486e-01 9.999834153333060360e-01 9.999912764990528391e-01 9.999955026539444347e-01 9.999977276051825736e-01 9.999988747340111672e-01 9.999994539232432977e-01 9.999997403049880607e-01 9.999998789763322460e-01 9.999999447337334368e-01 9.999999752702191103e-01 9.999999891572670663e-01
1.985474275052341586e-20 7.933600134277380853e-20 3.100180135189317408e-19 1.184725373938573090e-18 4.427579011433644886e-18 1.618216882972044913e-17 5.784062980198532885e-17 2.021899097268552148e-16 6.912269179361095788e-16 2.311113391236985155e-15 7.557293848478913155e-15 2.416913268224224981e-14 7.559813188672200653e-14 2.312715137986682078e-13 6.919910330227647308e-13 2.025128304054263510e-12 5.796759114044018969e-12 1.622952748841365247e-11 4.444491902300097169e-11 1.190534966459418964e-10 3.119425762110904936e-10 7.995190686485348814e-10 2.004538779054241114e-09 4.916340857650841086e-09 1.179566695187502233e-08 2.768648732236684338e-08 6.357563551838380549e-08 1.428251163113543103e-07 3.139236053141049588e-07 6.750942357438739184e-07 1.420504235126356780e-06 2.924666067711673664e-06 5.892301212538492783e-06 1.161687378171986638e-05 2.241360449332646185e-05 4.232300320820770785e-05 7.821856160425957264e-05 1.414947050793402474e-04 2.505523292756728858e-04 4.343283428451001215e-04 7.371161662956655057e-04 1.224874604174023456e-03 1.993098834784014922e-03 3.176107851604045157e-03 4.957276202903076329e-03 7.579312883062756974e-03 1.135320472982809768e-02 1.666396925884884930e-02 2.397101060896441108e-02 3.380077300660574990e-02 4.672966847331368190e-02 6.335601346239026765e-02 8.426096289961632069e-02 1.099600937076926355e-01 1.408491568652784354e-01 1.771492746555879128e-01 2.188581360711064072e-01 2.657141826781191929e-01 3.171801292390962757e-01 3.724503632702063638e-01 4.304839833628456569e-01 4.900618630781403140e-01 5.498627255180649209e-01 6.085503964840709434e-01 6.648627041146775163e-01 7.176922400156144910e-01 7.661504407277952566e-01 8.096089462996285402e-01 8.477154673520891359e-01 8.803848418744590898e-01 9.077689963527537653e-01 9.302116828750863764e-01 9.481948977360705744e-01 9.622837883261647907e-01 9.730758202971007131e-01 9.811583368417720052e-01 9.870767723788174131e-01 9.913140231618989828e-01 9.942800722157656423e-01 9.963100411376342169e-01 9.976684087943302748e-01 9.985571230414990174e-01 9.991256143146650670e-01 9.994811656330611083e-01 9.996985846844447243e-01 9.998285746090282977e-01 9.999045614794506154e-01 9.999479909138846434e-01 9.999722596140409037e-01 9.999855190656028459e-01 9.999926021315432845e-01 9.999963015517299159e-01 9.999981906853034896e-01 9.999991338950304787e-01 9.999995943322766978e-01 9.999998140925409063e-01 9.999999166446044141e-01 9.999999634349359123e-01 9.999999843079081518e-01 9.999999934118377620e-01
8.208448374560535666e-22 3.595434203246262221e-21 1.538038148520889559e-20 6.425573170880464360e-20 2.621738222984879260e-19 1.044728215152760529e-18 4.065911441539649008e-18 1.545458497965337038e-17 5.737280453559001326e-17 2.080217770097187333e-16 7.366656912588415374e-16 2.547981061222658915e-15 8.607787247082094915e-15 2.840286789867679506e-14 9.154071210637115784e-14 2.881736221746371837e-13 8.861123714341219259e-13 2.661492175786104153e-12 7.808561119614991854e-12 2.237867269875084171e-11 6.265037602251834628e-11 1.713358229250814496e-10 4.577385263554003762e-10 1.194653185960086024e-09 3.046016647335070525e-09 7.587530382383321787e-09 1.846540551115907555e-08 4.390569449050162376e-08 1.020001365486053634e-07 2.315335297877377550e-07 5.135429072613687860e-07 1.113030286073620438e-06 2.357347935045980121e-06 4.879186228365982852e-06 9.869616592047835725e-06 1.951220407920211414e-05 3.770435418469980849e-05 7.121704955678378579e-05 1.314965440265477041e-04 2.373645630931550568e-04 4.189140150956516110e-04 7.229045726055674699e-04 1.219909010156326875e-03 2.013315016346867766e-03 3.250019026056787195e-03 5.132242317258379691e-03 7.929365722531641139e-03 1.198806842288377243e-02 1.773846770136134482e-02 2.569353624107998182e-02 3.643899671538473883e-02 5.061132916428286860e-02 6.886258867393402205e-02 9.181242382651519374e-02 1.199898637765955678e-01 1.537697932115706656e-01 1.933111160720861754e-01 2.385049213909370969e-01 2.889410672729031404e-01 3.439002347318149688e-01 4.023756983602018167e-01 4.631251666388541133e-01 5.247486961027971741e-01 5.857846782965289156e-01 6.448130206297878475e-01 7.005534764703555961e-01 7.519478670850200386e-01 7.982175153610655549e-01 8.388910525296002785e-01 8.738021054448807945e-01 9.030604133066937322e-01 9.270029801058243812e-01 9.461335296043491550e-01 9.610587036807052286e-01 9.724283400955835432e-01 9.808851963025410070e-01 9.870271494487865560e-01 9.913826614983913821e-01 9.943984931215212875e-01 9.964374596420119135e-01 9.977834694127152293e-01 9.986510731687456843e-01 9.991971197677967931e-01 9.995326819724243972e-01 9.997340318627359057e-01 9.998520000094706095e-01 9.999194859168227811e-01 9.999571820127770572e-01 9.999777416088202475e-01 9.999886904377839336e-01 9.999943836271116826e-01 9.999972741633018636e-01 9.999987071296552177e-01 9.999994007604067203e-01 9.999997285954795867e-01 9.999998798879042861e-01 9.999999480610932689e-01 9.999999780558025408e-01 9.999999909415698829e-01 9.999999963467535169e-01
2.808958686581078310e-24 1.515376134182766413e-23 7.953313591441082203e-23 4.060991595879962818e-22 2.017327117487491621e-21 9.749558252663967534e-21 4.584186289450044435e-20 2.097069559050077768e-19 9.333433970720233354e-19 4.041598478681401592e-18 1.702759297124211168e-17 6.979870058951307489e-17 2.783820954977221412e-16 1.080292544571670206e-15 4.079004302220907945e-15 1.498603087253976383e-14 5.357302120433780525e-14 1.863547792182535915e-13 6.307802902601755151e-13 2.077627556959932109e-12 6.659147902451346871e-12 2.077021493736388177e-11 6.304422764386971168e-11 1.862271641238289932e-10 5.353603795774995494e-10 1.497848536032740104e-09 4.078701740257165370e-09 1.080994004201321924e-08 2.788610932988988933e-08 7.002177192532377217e-08 1.711501774508596509e-07 4.072308924982600712e-07 9.432890952501045541e-07 2.127223175970010315e-06 4.670580029477741925e-06 9.984944475864600808e-06 2.078583789455762607e-05 4.213753461333180086e-05 8.319286197799429785e-05 1.599769289957546597e-04 2.996578904634109009e-04 5.468120232201404730e-04 9.721783804921010170e-04 1.684248956736605256e-03 2.843687205504574420e-03 4.679958830797728044e-03 7.508685441628561164e-03 1.174716227900173514e-02 1.792438796532162121e-02 2.668111815412275295e-02 3.875523405520876069e-02 5.494846870339863132e-02 7.607249975114731277e-02 1.028755934804873734e-01 1.359550230050045050e-01 1.756646741698684733e-01 2.220306197644051072e-01 2.746889606039027987e-01 3.328591170260872811e-01 3.953617496403289411e-01 4.606840413273272650e-01 5.270873228818790945e-01 5.927445745998453086e-01 6.558898534737545027e-01 7.149594624109896213e-01 7.687062268901169171e-01 8.162732055143769871e-01 8.572203678950863770e-01 8.915055962053783922e-01 9.194281578381779951e-01 9.415473077478577757e-01 9.585903275743834495e-01 9.713632298594536696e-01 9.806742556888252693e-01 9.872761770946243409e-01 9.918292857947278440e-01 9.948835774769171358e-01 9.968764420715678920e-01 9.981412070527027058e-01 9.989219473526126380e-01 9.993907262458308072e-01 9.996645014743159585e-01 9.998200209769531055e-01 9.999059500510821819e-01 9.999521306888581318e-01 9.999762710739728000e-01 9.999885452652512718e-01 9.999946155065374542e-01 9.999975355098453811e-01 9.999989017435664262e-01 9.999995235151479811e-01 9.999997987483926210e-01 9.999999172529369096e-01 9.999999668816657028e-01 9.999999870976673533e-01 9.999999951074600713e-01 9.999999981942788718e-01 9.999999993513626340e-01 9.999999997732358370e-01 9.999999999228467162e-01
4.137141006987146818e-26 2.682551351831556373e-25 1.685688508498653336e-24 1.026578725491794118e-23 6.058946833310198663e-23 3.465744054591424686e-22 1.921299389612278752e-21 1.032280715992477032e-20 5.375391028646808374e-20 2.712922209954465348e-19 1.327044575290538771e-18 6.291595046078473108e-18 2.891143428169198375e-17 1.287712948457499187e-16 5.559252161928990099e-16 2.326319432979610082e-15 9.435963326613921642e-15 3.710016444198568570e-14 1.413993630347744812e-13 5.224094694747276382e-13 1.871014688661752150e-12 6.496167867622566514e-12 2.186569388681658294e-11 7.135233996103347103e-11 2.257386828627042869e-10 6.924229597577308196e-10 2.059304896607849791e-09 5.938418492223539601e-09 1.660506145876347172e-08 4.502459165984970364e-08 1.183914646179631240e-07 3.019088459920329447e-07 7.466922524252034865e-07 1.791206151359182704e-06 4.167905439598236794e-06 9.407874277564140809e-06 2.060167868145335374e-05 4.377142870804950680e-05 9.024003929524253254e-05 1.805410908146764084e-04 3.505692224700371947e-04 6.607705719328642183e-04 1.209125277923992978e-03 2.148360828985108623e-03 3.707132794327904369e-03 6.213737339010693209e-03 1.011930607280358586e-02 1.601558505709381811e-02 2.464074357833386658e-02 3.686581804207958446e-02 5.365506997414484086e-02 7.599627634969885470e-02 1.048019057346303434e-01 1.407887380371859454e-01 1.843504962167274441e-01 2.354436522292976397e-01 2.935088123745306921e-01 3.574475576721156123e-01 4.256670031959834399e-01 4.961927773923334728e-01 5.668380564140284017e-01 6.354048802933481843e-01 6.998871807447846205e-01 7.586445858698105393e-01 8.105222338160109619e-01 8.549028693828615300e-01 8.916905417101943510e-01 9.212370818251858218e-01 9.442306547908194680e-01 9.615687653358170328e-01 9.742363121796312475e-01 9.832039627994642039e-01 9.893551679405404586e-01 9.934434144021238033e-01 9.960761619053422056e-01 9.977189312173022628e-01 9.987121367536665462e-01 9.992939676833582086e-01 9.996242227879922337e-01 9.998058568405321367e-01 9.999026489464617473e-01 9.999526267847758110e-01 9.999776308017906956e-01 9.999897517561743276e-01 9.999954449829239200e-01 9.999980360263763801e-01 9.999991786031096064e-01 9.999996667948547469e-01 9.999998689057711942e-01 9.999999499800882319e-01 9.999999814917217567e-01 9.999999933590384416e-01 9.999999976894384801e-01 9.999999992205164112e-01 9.999999997450341738e-01 9.999999999191413469e-01 9.999999999751385538e-01 9.999999999925892613e-01 9.999999999978583798e-01 9.999999999994000355e-01
1.991439697250535171e-28 1.577722599891415157e-27 1.206766304476428675e-26 8.911463186367246175e-26 6.353494559377269260e-25 4.373396295288169254e-24 2.906514540645606552e-23 1.865000284146005215e-22 1.155429797940336647e-21 6.911500026910870112e-21 3.991823338833925251e-20 2.226112321682647065e-19 1.198688915391363020e-18 6.232422180927536718e-18 3.129002758944683681e-17 1.516917491617157621e-16 7.101231107548745312e-16 3.210186859601956150e-15 1.401399211600499772e-14 5.907978259973656509e-14 2.405318904037217311e-13 9.457476562187983112e-13 3.591365852352140479e-12 1.317163414831146230e-11 4.665843839398093014e-11 1.596420472181239892e-10 5.276041258642337438e-10 1.684346745468519603e-09 5.194423636169776177e-09 1.547560225888372011e-08 4.454364022564692629e-08 1.238732333170632902e-07 3.328517189134873450e-07 8.642436025210743455e-07 2.168537266232922993e-06 5.258712563865882061e-06 1.232576386618357132e-05 2.792634919680994976e-05 6.116865847738072967e-05 1.295423830215956286e-04 2.652909211962709598e-04 5.254440556363363778e-04 1.006694388944170092e-03 1.866026813755722975e-03 3.347178786493646818e-03 5.811438037479145155e-03 9.768944222678504000e-03 1.590381354633593411e-02 2.508370630240504273e-02 3.834294350081413755e-02 5.682916583429940133e-02 8.170780131649955924e-02 1.140264908283871031e-01 1.545521203601650240e-01 2.036038895814094030e-01 2.609136366876328994e-01 3.255461794364110650e-01 3.959057120614449810e-01 4.698396122981893241e-01 5.448313235158566137e-01 6.182542833904860480e-01 6.876446986804376493e-01 7.509464973684912836e-01 8.066883712819052921e-01 8.540684751730883706e-01 8.929424864682293794e-01 9.237297845358733994e-01 9.472657831991524446e-01 9.646334899119688444e-01 9.770043833345032347e-01 9.855100496873459015e-01 9.911550536271280798e-01 9.947713891685543430e-01 9.970076460144683406e-01 9.983424671161289510e-01 9.991115493513151868e-01 9.995392803689000516e-01 9.997689041515822606e-01 9.998878943116304985e-01 9.999474129774834630e-01 9.999761500931803049e-01 9.999895431867359408e-01 9.999955683143300078e-01 9.999981846839135491e-01 9.999992813623518328e-01 9.999997250800550797e-01 9.999998983731703817e-01 9.999999637016907528e-01 9.999999874739877725e-01 9.999999958239813580e-01 9.999999986550320852e-01 9.999999995815535003e-01 9.999999998742445939e-01 9.999999999634949788e-01 9.999999999897646319e-01 9.999999999972282172e-01 9.999999999992750244e-01 9.999999999998168132e-01 9.999999999999553690e-01 9.999999999999894529e-01
3.196978501825856583e-32 3.473512964319914329e-31 3.622422912558550315e-30 3.626058821553449565e-29 3.484020311784356373e-28 3.213228241479004711e-27 2.844609943552059705e-26 2.417294671379553880e-25 1.971823160236722592e-24 1.543988039976998769e-23 1.160550261712266763e-22 8.374036726330910149e-22 5.800479472349415566e-21 3.857080768305690163e-20 2.462223858128673111e-19 1.508964325593602874e-18 8.878145872463168456e-18 5.014957827764554135e-17 2.719721891896201130e-16 1.416136539103612624e-15 7.079803119219522928e-15 3.398486200356748720e-14 1.566433326463532790e-13 6.932904453545207872e-13 2.946533385504077708e-12 1.202589936193070942e-11 4.713596259564623229e-11 1.774336133601955520e-10 6.414899804015908504e-10 2.227603792661168832e-09 7.430290773585977581e-09 2.380792084548304387e-08 7.328507251457964301e-08 2.167312074232744539e-07 6.158514802624405269e-07 1.681587736135797068e-06 4.412620690367603184e-06 1.112900612827095216e-05 2.698071061517359341e-05 6.288515538222674383e-05 1.409314971826729169e-04 3.037445295989889011e-04 6.296999708164871534e-04 1.255967552828452481e-03 2.410734686993184876e-03 4.454174433109857854e-03 7.924437015193561140e-03 1.358026314477648114e-02 2.242659232395276953e-02 3.570553777692653946e-02 5.483477378699225246e-02 8.128109710313069503e-02 1.163697505089888729e-01 1.610485908914170983e-01 2.156458621354416239e-01 2.796744445109147215e-01 3.517371860748073065e-01 4.295733903965318623e-01 5.102572217533769550e-01 5.905220683852732133e-01 6.671519667936105513e-01 7.373629589266892381e-01 7.991000181505741873e-01 8.511979763183331604e-01 8.933899031629367604e-01 9.261822014130450809e-01 9.506417324723401840e-01 9.681506016914581680e-01 9.801788306984553500e-01 9.881089331809596032e-01 9.931264556906806984e-01 9.961731800337680909e-01 9.979486370993189137e-01 9.989415707546520640e-01 9.994744921898048862e-01 9.997489900058613710e-01 9.998846797996447933e-01 9.999490504479734421e-01 9.999783567360576164e-01 9.999911613292515877e-01 9.999965304428952706e-01 9.999986910263165552e-01 9.999995254197875383e-01 9.999998346642593461e-01 9.999999446569807215e-01 9.999999822023746265e-01 9.999999945016591063e-01 9.999999983682946736e-01 9.999999995348800574e-01 9.999999998726567529e-01 9.999999999665148964e-01 9.999999999915438753e-01 9.999999999979491960e-01 9.999999999995223821e-01 9.999999999998931965e-01 9.999999999999771294e-01 9.999999999999953371e-01 9.999999999999991118e-01 9.999999999999997780e-01 1.000000000000000000e+00
1.723800552439232932e-35 2.530833886129496211e-34 3.545030735384651495e-33 4.737626620962618002e-32 6.040753177221332025e-31 7.348793258384325897e-30 8.529845757911747181e-29 9.446531515682151949e-28 9.981959508393858529e-27 1.006417059195654352e-25 9.682017321765487752e-25 8.887645791231703559e-24 7.784817309115385394e-23 6.506676164904921257e-22 5.189527813020937952e-21 3.949696783273447308e-20 2.868645815440238637e-19 1.988282293297227286e-18 1.315159780299477209e-17 8.302150071082457043e-17 5.001811695980942627e-16 2.876092664199291266e-15 1.578455470679867191e-14 8.268600995952707902e-14 4.134467527669637920e-13 1.973394985980600468e-12 8.991578857423692032e-12 3.911179675856469223e-11 1.624253356917028298e-10 6.440216580396019732e-10 2.438241941448590956e-09 8.814839413591369849e-09 3.043322767959725276e-08 1.003496356744636109e-07 3.160529375459274924e-07 9.508819388749099573e-07 2.733176092215099813e-06 7.506545310588411211e-06 1.970188904812241688e-05 4.942448726653038768e-05 1.185285409418652768e-04 2.717941132059785610e-04 5.960667645781865922e-04 1.250553626590172928e-03 2.510687545658499883e-03 4.825191200964269907e-03 8.880506886741220199e-03 1.565875248639933201e-02 2.646651924861779387e-02 4.290572504437065865e-02 6.675922246802294679e-02 9.977714942168647294e-02 1.433759125570792936e-01 1.982952475682814020e-01 2.642890563261983683e-01 3.399388958156960294e-01 4.226644667629376184e-01 5.089620264818756068e-01 5.948404874475250459e-01 6.763666469813093274e-01 7.501972966561168965e-01 8.139800601189144391e-01 8.665450824500517957e-01 9.078704933954981904e-01 9.388635366885444977e-01 9.610372214811123692e-01 9.761706731355531685e-01 9.860235816539217879e-01 9.921430976998096840e-01 9.957688296739874989e-01 9.978181040514211286e-01 9.989230221954266131e-01 9.994913323975900266e-01 9.997701793520690217e-01 9.999006975901157945e-01 9.999589751104661639e-01 9.999837981637249573e-01 9.999938844965925444e-01 9.999977941209645671e-01 9.999992397606800587e-01 9.999997496877370828e-01 9.999999212724622888e-01 9.999999763496036920e-01 9.999999932145888781e-01 9.999999981409011252e-01 9.999999995136115150e-01 9.999999998784968591e-01 9.999999999710207366e-01 9.999999999934012784e-01 9.999999999985655919e-01 9.999999999997023492e-01 9.999999999999410472e-01 9.999999999999888978e-01 9.999999999999980016e-01 9.999999999999996669e-01 1.000000000000000000e+00 1.000000000000000000e+00 1.000000000000000000e+00 1.000000000000000000e+00 1.000000000000000000e+00
9.622685146399538474e-41 2.168992882755826636e-39 4.628331716379903027e-38 9.349753180295676693e-37 1.788093441362129541e-35 3.237427299054854041e-34 5.549262160595852933e-33 9.005375731146933838e-32 1.383585902898239271e-30 2.012587656165022446e-29 2.771755748490168560e-28 3.614216034770381279e-27 4.462109776430418444e-26 5.216051639025204749e-25 5.773352205593351672e-24 6.050738843725978638e-23 6.004726742329064975e-22 5.642786001763504612e-21 5.021358007282323900e-20 4.231444973338232103e-19 3.376833708113428139e-18 2.552105936799334988e-17 1.826717849085345533e-16 1.238354370410370076e-15 7.951286762297619376e-15 4.835804405934688987e-14 2.785867025538885270e-13 1.520322664715539102e-12 7.859960466004438137e-12 3.849833692553399513e-11 1.786615197649150941e-10 7.856351498606795131e-10 3.273771158623802818e-09 1.292866627883470368e-08 4.839292333876516328e-08 1.717047477964542774e-07 5.775774093805915825e-07 1.842158662454387532e-06 5.571878100827984591e-06 1.598494528473282537e-05 4.350535087674265681e-05 1.123555481600799943e-04 2.754091009161600367e-04 6.409454358367922986e-04 1.416668159817408923e-03 2.974995117531140012e-03 5.938373910177274090e-03 1.127286070951693565e-02 2.036310089283572752e-02 3.502653272460139189e-02 5.741754496763844251e-02 8.978361126808667714e-02 1.340714432764108233e-01 1.914378200071868430e-01 2.617789067635367117e-01 3.434257698363988309e-01 4.331374106185404416e-01 5.264493078311250907e-01 6.183257536983500779e-01 7.039605544763466449e-01 7.795176564734480618e-01 8.426248856661631148e-01 8.925204160592601355e-01 9.298645803007421495e-01 9.563228988391760943e-01 9.740680591029532431e-01 9.853342099421475986e-01 9.921051485665246528e-01 9.959572664662521557e-01 9.980318327249660948e-01 9.990894577825991663e-01 9.995998598707154237e-01 9.998330279094809203e-01 9.999338605202505725e-01 9.999751375026206812e-01 9.999911326886585794e-01 9.999970000731052133e-01 9.999990374582168329e-01 9.999997071492108258e-01 9.999999155253205263e-01 9.999999769005168959e-01 9.999999940128295739e-01 9.999999985292533644e-01 9.999999996576196537e-01 9.999999999244740811e-01 9.999999999842142939e-01 9.999999999968740561e-01 9.999999999994135802e-01 9.999999999998958611e-01 9.999999999999824585e-01 9.999999999999972244e-01 9.999999999999995559e-01 1.000000000000000000e+00 1.000000000000000000e+00 1.000000000000000000e+00 1.000000000000000000e+00 1.000000000000000000e+00 1.000000000000000000e+00 1.000000000000000000e+00 1.000000000000000000e+00
2.693377859571422000e-41 6.620474849414523151e-40 1.537042515024617697e-38 3.370486044797863494e-37 6.980947949128306092e-36 1.365705553402417253e-34 2.523634591746203394e-33 4.404826845823376072e-32 7.262243422234624989e-31 1.130991572637562285e-29 1.663803307807737253e-28 2.312099655136250143e-27 3.035159157608901026e-26 3.763879335947020809e-25 4.409392446540564037e-24 4.880011364287509487e-23 5.102380119316501910e-22 5.040183242541126416e-21 4.703854305537779237e-20 4.147714092453088014e-19 3.455616824136029907e-18 2.720317989778819919e-17 2.023521503752250737e-16 1.422355349114034609e-15 9.448004827225119850e-15 5.930960678001926078e-14 3.518730480746092282e-13 1.973095557695415931e-12 1.045776388367030470e-11 5.239479746992156079e-11 2.481584388719603345e-10 1.111213947746054995e-09 4.704722194057430815e-09 1.883571314287996787e-08 7.131663507641449706e-08 2.553963542116351852e-07 8.651955387914567916e-07 2.773048396402746985e-06 8.410473179807889432e-06 2.414287991573607566e-05 6.560855492710310200e-05 1.688281372342442224e-04 4.114979882042473620e-04 9.503263783178897460e-04 2.080295448737110638e-03 4.318318559241699633e-03 8.504759346213627835e-03 1.590095054663308652e-02 2.824206774460525857e-02 4.769048828850338401e-02 7.663711873917891659e-02 1.173278771698252343e-01 1.713507744309398506e-01 2.390906618760674229e-01 3.193130775868503468e-01 4.090418615339430630e-01 5.038297145492528495e-01 5.984008245386225333e-01 6.875154898612465537e-01 7.668249014424545207e-01 8.334879313184468952e-01 8.864091729250039853e-01 9.260880614803485011e-01 9.541859234360539066e-01 9.729778418564816178e-01 9.848478976051980860e-01 9.919292773775885141e-01 9.959192154464127089e-01 9.980424461313639473e-01 9.991095594731135288e-01 9.996160902107116275e-01 9.998431720789562327e-01 9.999393200203370302e-01 9.999777683824893071e-01 9.999922893460029272e-01 9.999974688973378711e-01 9.999992137843827233e-01 9.999997689470900841e-01 9.999999357679424383e-01 9.999999831110472082e-01 9.999999958003781275e-01 9.999999990125258975e-01 9.999999997804640550e-01 9.999999999538564666e-01 9.999999999908313342e-01 9.999999999982779331e-01 9.999999999996942446e-01 9.999999999999487077e-01 9.999999999999917843e-01 9.999999999999987788e-01 9.999999999999997780e-01 1.000000000000000000e+00 1.000000000000000000e+00 1.000000000000000000e+00 1.000000000000000000e+00 1.000000000000000000e+00 1.000000000000000000e+00 1.000000000000000000e+00 1.000000000000000000e+00 1.000000000000000000e+00
1.364562444076531993e-52 8.300584036855834694e-51 4.692650592469777357e-49 2.465625867759075962e-47 1.204039866688022655e-45 5.464682364111033274e-44 2.305182457921482817e-42 9.037916378870313975e-41 3.293522535069721986e-39 1.115550788583437157e-37 3.512060257637604928e-36 1.027747570982124791e-34 2.795576274647825217e-33 7.068474116806491464e-32 1.661342184998271883e-30 3.629793530000940153e-29 7.372337210974503296e-28 1.392004752485414468e-26 2.443437182054290145e-25 3.987495388899331397e-24 6.049958907536532586e-23 8.534413415045306764e-22 1.119388961447138221e-20 1.365189459075487862e-19 1.548208412785352029e-18 1.632722087635520611e-17 1.601272150390426582e-16 1.460541562828617147e-15 1.239044350837866561e-14 9.777210109435125096e-14 7.176823923094308299e-13 4.900906894328608789e-12 3.113787452366740099e-11 1.840839318687946476e-10 1.012764412412165502e-09 5.185895800712149522e-09 2.471871963474366474e-08 1.096950316773163145e-07 4.533023323100956963e-07 1.744700811095882094e-06 6.255912455084641962e-06 2.090338762269618129e-05 6.510829583843765096e-05 1.891071905855594231e-04 5.124074830867400869e-04 1.295903197570533443e-03 3.060764555636581990e-03 6.755889372663888628e-03 1.394695412241244228e-02 2.695475193407836229e-02 4.882540128749099373e-02 8.300505280768394334e-02 1.326553975660121343e-01 1.996941807195143637e-01 2.838297469674705975e-01 3.819781170541002857e-01 4.884014248842027395e-01 5.956621486751568773e-01 6.961457085106685927e-01 7.836439907753340872e-01 8.544636884981327007e-01 9.077429668620340397e-01 9.450003129490651688e-01 9.692169763665418047e-01 9.838476691874639135e-01 9.920637171375001895e-01 9.963522398687043591e-01 9.984328860867993649e-01 9.993711684264943163e-01 9.997644580871598574e-01 9.999176846376435224e-01 9.999731723428766372e-01 9.999918490109996894e-01 9.999976920732036589e-01 9.999993911718176864e-01 9.999998504037226343e-01 9.999999657701028610e-01 9.999999927076788087e-01 9.999999985538027270e-01 9.999999997330528689e-01 9.999999999541435702e-01 9.999999999926700855e-01 9.999999999989098720e-01 9.999999999998492317e-01 9.999999999999805711e-01 9.999999999999976685e-01 9.999999999999997780e-01 1.000000000000000000e+00 1.000000000000000000e+00 1.000000000000000000e+00 1.000000000000000000e+00 1.000000000000000000e+00 1.000000000000000000e+00 1.000000000000000000e+00 1.000000000000000000e+00 1.000000000000000000e+00 1.000000000000000000e+00 1.000000000000000000e+00 1.000000000000000000e+00 1.000000000000000000e+00
2.889571154372200273e-64 4.320589421996172436e-62 5.912701014246923921e-60 7.405717137098259814e-58 8.489690128398994833e-56 8.907700452265077577e-54 8.554492679277924960e-52 7.519413790624472983e-50 6.049804305403475284e-48 4.455261752780996161e-46 3.003219276446952433e-44 1.853064801413104305e-42 1.046627739400988413e-40 5.411290036463889642e-39 2.561095522680356356e-37 1.109627560546178539e-35 4.401148148374821823e-34 1.598098719579010413e-32 5.312543412256983166e-31 1.616873286121170009e-29 4.505452684434250561e-28 1.149490278510045737e-26 2.685303020968448651e-25 5.744080312886941525e-24 1.125139862849681442e-22 2.018239119219954873e-21 3.315446429845083026e-20 4.988155727053411957e-19 6.873758494849204950e-18 8.676312321277380026e-17 1.003219851402665083e-15 1.062707912452067320e-14 1.031405153201472377e-13 9.172494401731387918e-13 7.475473276121045941e-12 5.583920186309518762e-11 3.823419759584887663e-10 2.400202766983065281e-09 1.381679094017427978e-08 7.294922609207994537e-08 3.533394539085301205e-07 1.570508599900973275e-06 6.407698056549491674e-06 2.400687584423784061e-05 8.262766400841298523e-05 2.613890225310894623e-04 7.604584007751570823e-04 2.036062426236365155e-03 5.021037718448464679e-03 1.141599340357369978e-02 2.395918694296317319e-02 4.648363417899722960e-02 8.351562332667669675e-02 1.392570469465054250e-01 2.160742010113326783e-01 3.129952975242121793e-01 4.249542845381505396e-01 5.433621366867829039e-01 6.580145207445720068e-01 7.596549845070941220e-01 8.421505953233213715e-01 9.034526703884996346e-01 9.451587039968804005e-01 9.711364230965189304e-01 9.859506972704360495e-01 9.936852567549459003e-01 9.973823894567377391e-01 9.990003463619818724e-01 9.996485915920334531e-01 9.998863741565371388e-01 9.999662263094786230e-01 9.999907766024327405e-01 9.999976867523698854e-01 9.999994673925548527e-01 9.999998874607463062e-01 9.999999781832938917e-01 9.999999961206837984e-01 9.999999993674311138e-01 9.999999999054276500e-01 9.999999999870385903e-01 9.999999999983717469e-01 9.999999999998125944e-01 9.999999999999802380e-01 9.999999999999981126e-01 9.999999999999997780e-01 1.000000000000000000e+00 1.000000000000000000e+00 1.000000000000000000e+00 1.000000000000000000e+00 1.000000000000000000e+00 1.000000000000000000e+00 1.000000000000000000e+00 1.000000000000000000e+00 1.000000000000000000e+00 1.000000000000000000e+00 1.000000000000000000e+00 1.000000000000000000e+00 1.000000000000000000e+00 1.000000000000000000e+00 1.000000000000000000e+00
5.628783190694522295e-74 1.921631053838883697e-71 5.911742942940292760e-69 1.638914271049894951e-66 4.094468125260949895e-64 9.218176511485865166e-62 1.870272320252879084e-59 3.419663412723389842e-57 5.634914561486731376e-55 8.368043891277922593e-53 1.119955668822273450e-50 1.350909006019280422e-48 1.468616427289126207e-46 1.438987086268379080e-44 1.270812488008786153e-42 1.011562278182785808e-40 7.257743361336370928e-39 4.693755750894196894e-37 2.736290642881878601e-35 1.437940009824494610e-33 6.811945130488678801e-32 2.909173136128464994e-30 1.120091750977145235e-28 3.888143202058270754e-27 1.216903625636738350e-25 3.434139114652242075e-24 8.738801632015638014e-23 2.005326095840973630e-21 4.149986409200043515e-20 7.745852625450054537e-19 1.304032240746960529e-17 1.980356617291295868e-16 2.713177444258451135e-15 3.353832745251703237e-14 3.740997338833095252e-13 3.765972756699198788e-12 3.421994994411615866e-11 2.807188573789626586e-10 2.079418695320259020e-09 1.391204510762777844e-08 8.408799021311173765e-08 4.593078190312208712e-07 2.268060677615095754e-06 1.012899114401962066e-05 4.093071752481661067e-05 1.497453737725422786e-04 4.963349853795759716e-04 1.491657401447147408e-03 4.068786047485450051e-03 1.008517801379438250e-02 2.274906864310937207e-02 4.678340376835359027e-02 8.791102176686015068e-02 1.513671607610193315e-01 2.396454950062477107e-01 3.503783151965914611e-01 4.756177980103838965e-01 6.033349864308613641e-01 7.207708357525466347e-01 8.181340609238916262e-01 8.909172961342706198e-01 9.399751695146233432e-01 9.697895256528648034e-01 9.861267961152466732e-01 9.941985610551751229e-01 9.977943125521805401e-01 9.992385540948036660e-01 9.997615707077485148e-01 9.999323411774858616e-01 9.999826133357990754e-01 9.999959563911444693e-01 9.999991493350655070e-01 9.999998381943713266e-01 9.999999721829414545e-01 9.999999956791338906e-01 9.999999993937512821e-01 9.999999999231851122e-01 9.999999999912125848e-01 9.999999999990925037e-01 9.999999999999154010e-01 9.999999999999928946e-01 9.999999999999994449e-01 1.000000000000000000e+00 1.000000000000000000e+00 1.000000000000000000e+00 1.000000000000000000e+00 1.000000000000000000e+00 1.000000000000000000e+00 1.000000000000000000e+00 1.000000000000000000e+00 1.000000000000000000e+00 1.000000000000000000e+00 1.000000000000000000e+00 1.000000000000000000e+00 1.000000000000000000e+00 1.000000000000000000e+00 1.000000000000000000e+00 1.000000000000000000e+00 1.000000000000000000e+00 1.000000000000000000e+00
4.879673086851879896e-88 5.285303144169353405e-85 5.051426786696708059e-82 4.260184362046140747e-79 3.170431448356389285e-76 2.082043345666752598e-73 1.206559410988359270e-70 6.170234669314041119e-68 2.784553382150380968e-65 1.108964397086096170e-62 3.897585022590066711e-60 1.208920595701467517e-57 3.309275500502464659e-55 7.994851684247762729e-53 1.704669725448959743e-50 3.207991012676063287e-48 5.328445985757069304e-46 7.811866859214689207e-44 1.010902263902164195e-41 1.154723013673578592e-39 1.164330176303908142e-37 1.036384160043558740e-35 8.143847564837128592e-34 5.649659352494825863e-32 3.460348583103020163e-30 1.871308995990404309e-28 8.935615429266096208e-27 3.767770008405082792e-25 1.402993325341480324e-23 4.613935861402884090e-22 1.340198547951102615e-20 3.438660278604692497e-19 7.794305092002681926e-18 1.560932941429570200e-16 2.762272967598424671e-15 4.320045150731707523e-14 5.972022051835796915e-13 7.298736616140538724e-12 7.887880379685861771e-11 7.539907075206582123e-10 6.376577553676861624e-09 4.772739051039800595e-08 3.162803158994315188e-07 1.856504220306122355e-06 9.657603305776505702e-06 4.455195304545582095e-05 1.823968716057758419e-04 6.633150440202953716e-04 2.145165102174602205e-03 6.177877353718734879e-03 1.587084346954246647e-02 3.644814957966163033e-02 7.503131296124603000e-02 1.389295646153156094e-01 2.323981070813692651e-01 3.531600233101206410e-01 4.909711766006333300e-01 6.298799014225342496e-01 7.535502327313359228e-01 8.508006647565535818e-01 9.183476336417595309e-01 9.597863155191117546e-01 9.822400367149055622e-01 9.929860855123469054e-01 9.975284538979982685e-01 9.992242872612639992e-01 9.997834584385605350e-01 9.999462980242763699e-01 9.999881794072660313e-01 9.999976924508051646e-01 9.999996007501747997e-01 9.999999388093439023e-01 9.999999916962724056e-01 9.999999990026691155e-01 9.999999998940164447e-01 9.999999999900379688e-01 9.999999999991719957e-01 9.999999999999391598e-01 9.999999999999960032e-01 9.999999999999997780e-01 1.000000000000000000e+00 1.000000000000000000e+00 1.000000000000000000e+00 1.000000000000000000e+00 1.000000000000000000e+00 1.000000000000000000e+00 1.000000000000000000e+00 1.000000000000000000e+00 1.000000000000000000e+00 1.000000000000000000e+00 1.000000000000000000e+00 1.000000000000000000e+00 1.000000000000000000e+00 1.000000000000000000e+00 1.000000000000000000e+00 1.000000000000000000e+00 1.000000000000000000e+00 1.000000000000000000e+00 1.000000000000000000e+00 1.000000000000000000e+00
3.495827403202955376e-112 2.796171725599776994e-108 1.902449622618151591e-104 1.101040380722139828e-100 5.420504024705085059e-97 2.270013003356715595e-93 8.086778003392647995e-90 2.450686878651935933e-86 6.317893303783099265e-83 1.385595205878656527e-79 2.585163517587728602e-76 4.103322758389514290e-73 5.541002739527079996e-70 6.365839669825397856e-67 6.222257184364911076e-64 5.174592575265230919e-61 3.661441619503096517e-58 2.204390337816415504e-55 1.129273041961251056e-52 4.922641472870568031e-50 1.826005642780269465e-47 5.764051711856132183e-45 1.548438965670616527e-42 3.540144759205658501e-40 6.888595638210490705e-38 1.140898890688837927e-35 1.608409899200621607e-33 1.930226654602277977e-31 1.972030577575618968e-29 1.715330498650894004e-27 1.270426721708121242e-25 8.012392077316413016e-24 4.303616774111876784e-22 1.968872522367925230e-20 7.673166759856259825e-19 2.547844333765889789e-17 7.209242785164933329e-16 1.738653249424848937e-14 3.574733898558221249e-13 6.267553491090000896e-12 9.373690467040743673e-11 1.196295519597319372e-09 1.303365497789992142e-08 1.212864748715471036e-07 9.645790518591545950e-07 6.560800044464617569e-06 3.819894493257178729e-05 1.905859097059207875e-04 8.159388388042187849e-04 3.002500161891150619e-03 9.516897274996879291e-03 2.605471298496053398e-02 6.183030048995979966e-02 1.277797861329696971e-01 2.313801266466239126e-01 3.700694125649234278e-01 5.282892930604644599e-01 6.821109994630705220e-01 8.095528875238617861e-01 8.995320374113517925e-01 9.536699359931222197e-01 9.814276103259735873e-01 9.935552707403780826e-01 9.980704105804689696e-01 9.995027685360970970e-01 9.998899389982827124e-01 9.999791062957703591e-01 9.999966024533080144e-01 9.999995272326318574e-01 9.999999437522189005e-01 9.999999942819866039e-01 9.999999995036112921e-01 9.999999999632184222e-01 9.999999999976746379e-01 9.999999999998745448e-01 9.999999999999942268e-01 9.999999999999997780e-01 1.000000000000000000e+00 1.000000000000000000e+00 1.000000000000000000e+00 1.000000000000000000e+00 1.000000000000000000e+00 1.000000000000000000e+00 1.000000000000000000e+00 1.000000000000000000e+00 1.000000000000000000e+00 1.000000000000000000e+00 1.000000000000000000e+00 1.000000000000000000e+00 1.000000000000000000e+00 1.000000000000000000e+00 1.000000000000000000e+00 1.000000000000000000e+00 1.000000000000000000e+00 1.000000000000000000e+00 1.000000000000000000e+00 1.000000000000000000e+00 1.000000000000000000e+00 1.000000000000000000e+00 1.000000000000000000e+00
6.389238620562774113e-133 2.988699500506561355e-128 1.150264588073127522e-123 3.642512311804133680e-119 9.490690677368769386e-115 2.034670960860368540e-110 3.589190880136620528e-106 5.209688260174333346e-102 6.222242890815825649e-98 6.115189377072293495e-94 4.945483601330800706e-90 3.291184572501210821e-86 1.802393549182975312e-82 8.122895303384190652e-79 3.012635293973565252e-75 9.195347053389746719e-72 2.309871262911231970e-68 4.775497851683959168e-65 8.125964378261986875e-62 1.138077477778070058e-58 1.311976055155155907e-55 1.244958972065579259e-52 9.724754271253011133e-50 6.253423240873478220e-47 3.310515593112533873e-44 1.442903428670001921e-41 5.178098572204819688e-39 1.530118720682668636e-36 3.723361177385147736e-34 7.461693821989319701e-32 1.231609292735197676e-29 1.674508967472477320e-27 1.875564838123737241e-25 1.730868656345398983e-23 1.316279756972347604e-21 8.250068071294307805e-20 4.262607862097098830e-18 1.815921318173548217e-16 6.380167741837999473e-15 1.849300642576550117e-13 4.423553128122304147e-12 8.735685425772949971e-11 1.424919405448896043e-09 1.920863644175486638e-08 2.141466302186231208e-07 1.976032317913915126e-06 1.510731470696773679e-05 9.581674893891447176e-05 5.049520818154622009e-04 2.215639574334627750e-03 8.115858085589034224e-03 2.490346118764185518e-02 6.430908650179757713e-02 1.406220499471158569e-01 2.625564169964588190e-01 4.233075440603193407e-01 5.981671101806278479e-01 7.551074171723850537e-01 8.713289040614200509e-01 9.423417912655223105e-01 9.781410259845905175e-01 9.930304678456164380e-01 9.981393870021566528e-01 9.995854903819014758e-01 9.999231347107941925e-01 9.999881591028598748e-01 9.999984870513658475e-01 9.999998398548898271e-01 9.999999859711422578e-01 9.999999989837528025e-01 9.999999999391646632e-01 9.999999999969921838e-01 9.999999999998772093e-01 9.999999999999958922e-01 9.999999999999998890e-01 1.000000000000000000e+00 1.000000000000000000e+00 1.000000000000000000e+00 1.000000000000000000e+00 1.000000000000000000e+00 1.000000000000000000e+00 1.000000000000000000e+00 1.000000000000000000e+00 1.000000000000000000e+00 1.000000000000000000e+00 1.000000000000000000e+00 1.000000000000000000e+00 1.000000000000000000e+00 1.000000000000000000e+00 1.000000000000000000e+00 1.000000000000000000e+00 1.000000000000000000e+00 1.000000000000000000e+00 1.000000000000000000e+00 1.000000000000000000e+00 1.000000000000000000e+00 1.000000000000000000e+00 1.000000000000000000e+00 1.000000000000000000e+00 1.000000000000000000e+00
2.191437751170650375e-144 2.956173689405325330e-139 3.211416030022036302e-134 2.809536073779287069e-129 1.979474899690933181e-124 1.123179076421683644e-119 5.132610151414820645e-115 1.888969204565207655e-110 5.599075169839415430e-106 1.336658648457754178e-101 2.570076277026299456e-97 3.980172126352280274e-93 4.964753674188513964e-89 4.988200597808897194e-85 4.036933009764980942e-81 2.631676396308651776e-77 1.381972830340235658e-73 5.846101390724436413e-70 1.992268269231403346e-66 5.469655048699301889e-63 1.209817972293907381e-59 2.155990775701935550e-56 3.095715022308822215e-53 3.581661435600031785e-50 3.339195869561546350e-47 2.508763425765995163e-44 1.519033099283769617e-41 7.413046177281648669e-39 2.915974497387045527e-36 9.246295172060338544e-34 2.363701895229503315e-31 4.872003447940733349e-29 8.097805611314958577e-27 1.085510015296243560e-24 1.173753754121258406e-22 1.023944255080963218e-20 7.208129890840023690e-19 4.095625194209207229e-17 1.878839774529800659e-15 6.960999619496911233e-14 2.083676871246159946e-12 5.041508153752250853e-11 9.864921499631127442e-10 1.562099034104931429e-08 2.003290484201386473e-07 2.082647674557892015e-06 1.757282384648297058e-05 1.205238117799850681e-04 6.731968351941059695e-04 3.069926505555531631e-03 1.146700690828967792e-02 3.523741614680030859e-02 8.960989339769062645e-02 1.901141470774903586e-01 3.402465733498337697e-01 5.214906590249044349e-01 6.983220481131703350e-01 8.377533052120432755e-01 9.266033217017287660e-01 9.723579671252002843e-01 9.913980868198681851e-01 9.978003083262113604e-01 9.995396378734069387e-01 9.999213899517428450e-01 9.999890734603662512e-01 9.999987659640179327e-01 9.999998869171980997e-01 9.999999916015819279e-01 9.999999994949499982e-01 9.999999999754255464e-01 9.999999999990331068e-01 9.999999999999692468e-01 9.999999999999992228e-01 1.000000000000000000e+00 1.000000000000000000e+00 1.000000000000000000e+00 1.000000000000000000e+00 1.000000000000000000e+00 1.000000000000000000e+00 1.000000000000000000e+00 1.000000000000000000e+00 1.000000000000000000e+00 1.000000000000000000e+00 1.000000000000000000e+00 1.000000000000000000e+00 1.000000000000000000e+00 1.000000000000000000e+00 1.000000000000000000e+00 1.000000000000000000e+00 1.000000000000000000e+00 1.000000000000000000e+00 1.000000000000000000e+00 1.000000000000000000e+00 1.000000000000000000e+00 1.000000000000000000e+00 1.000000000000000000e+00 1.000000000000000000e+00 1.000000000000000000e+00 1.000000000000000000e+00 1.000000000000000000e+00
2.141713380853508064e-173 3.317381654097401135e-167 3.954058087024248179e-161 3.626684954603751747e-155 2.559774947651608562e-149 1.390353544976877513e-143 5.811482672676147440e-138 1.869364613763572837e-132 4.627581148155096652e-127 8.816071300574675973e-122 1.292604806389557002e-116 1.458596717582098849e-111 1.266756926389643900e-106 8.467406612047549385e-102 4.356300668187046889e-97 1.725073624635800412e-92 5.258147181881009765e-88 1.233693029279161892e-83 2.228157097353413170e-79 3.097883655187695625e-75 3.315756466517732325e-71 2.732231591637696941e-67 1.733367185819702408e-63 8.466901622678037149e-60 3.184521291846584481e-56 9.223095526559801662e-53 2.057084208192344130e-49 3.533484748581136375e-46 4.674838698743286308e-43 4.764120896137053878e-40 3.740216421131863675e-37 2.262345411286416798e-34 1.054449795417273259e-31 3.787577541427106269e-29 1.048668207330748355e-26 2.238401396595592121e-24 3.684303897269681820e-22 4.677342698695538287e-20 4.581368260606242417e-18 3.463304077294472691e-16 2.021429595779099014e-14 9.113909253765480698e-13 3.175959963837957480e-11 8.559874726820104635e-10 1.785855226224308537e-08 2.887106507881180714e-07 3.621458221821439777e-06 3.530446793519551464e-05 2.680618118193894839e-04 1.589748067847159951e-03 7.391916135614766924e-03 2.708754572722057302e-02 7.879312651148452640e-02 1.837838791927326743e-01 3.486968726897710091e-01 5.490876416894121537e-01 7.374665008640830521e-01 8.744644978816668024e-01 9.515376966704830464e-01 9.850777178882237362e-01 9.963663943142633261e-01 9.993045731976333279e-01 9.998958534489654770e-01 9.999878355927793727e-01 9.999988946102988940e-01 9.999999219998489952e-01 9.999999957323362221e-01 9.999999998191606565e-01 9.999999999940707429e-01 9.999999999998496758e-01 9.999999999999971134e-01 1.000000000000000000e+00 1.000000000000000000e+00 1.000000000000000000e+00 1.000000000000000000e+00 1.000000000000000000e+00 1.000000000000000000e+00 1.000000000000000000e+00 1.000000000000000000e+00 1.000000000000000000e+00 1.000000000000000000e+00 1.000000000000000000e+00 1.000000000000000000e+00 1.000000000000000000e+00 1.000000000000000000e+00 1.000000000000000000e+00 1.000000000000000000e+00 1.000000000000000000e+00 1.000000000000000000e+00 1.000000000000000000e+00 1.000000000000000000e+00 1.000000000000000000e+00 1.000000000000000000e+00 1.000000000000000000e+00 1.000000000000000000e+00 1.000000000000000000e+00 1.000000000000000000e+00 1.000000000000000000e+00 1.000000000000000000e+00 1.000000000000000000e+00
3.701568765734343942e-220 3.029311151363871428e-212 1.770730168703740136e-204 7.392938354398847635e-197 2.204672411323062466e-189 4.696126483116662226e-182 7.145145563631085155e-175 7.765424807625613251e-168 6.028509134903823711e-161 3.343131167679912888e-154 1.324355141621808175e-147 3.747765541880297374e-141 7.576476323538189446e-135 1.094207619340601822e-128 1.128967088504095624e-122 8.321933379359991654e-117 4.382701079374196716e-111 1.649105408950990790e-105 4.433629072883983806e-100 8.517092405741331271e-95 1.169129223724812261e-89 1.146812675138978489e-84 8.039011857236726031e-80 4.027322789051416126e-75 1.441980450706586959e-70 3.690281867804013716e-66 6.750684915335000471e-62 8.827919897306061058e-58 8.253325398773050158e-54 5.516982441536334442e-50 2.637079131119320412e-46 9.014593886724498014e-43 2.204091938659317956e-39 3.855143769203412861e-36 4.824526215254177096e-33 4.320745259431131167e-30 2.769823816858224945e-27 1.271306531932257227e-24 4.179142184718038130e-22 9.842831856694009699e-20 1.661633144437922252e-17 2.011660057026168748e-15 1.747617556700050354e-13 1.090278426796633438e-11 4.889126454374836412e-10 1.577732187452866178e-08 3.669322883720421810e-07 6.161976876361447608e-06 7.490843037459893653e-05 6.614411480032413070e-04 4.262152458642435617e-03 2.017435165014215548e-02 7.081374606922528903e-02 1.869065783672067549e-01 3.786799443730158865e-01 6.069791801671970966e-01 8.028535949935275973e-01 9.239655810379797662e-01 9.779251071048546962e-01 9.952438269513390612e-01 9.992468672136540775e-01 9.999129400290018843e-01 9.999926881501243203e-01 9.999995553740971266e-01 9.999999804743492371e-01 9.999999993819633781e-01 9.999999999859211508e-01 9.999999999997695177e-01 9.999999999999973355e-01 1.000000000000000000e+00 1.000000000000000000e+00 1.000000000000000000e+00 1.000000000000000000e+00 1.000000000000000000e+00 1.000000000000000000e+00 1.000000000000000000e+00 1.000000000000000000e+00 1.000000000000000000e+00 1.000000000000000000e+00 1.000000000000000000e+00 1.000000000000000000e+00 1.000000000000000000e+00 1.000000000000000000e+00 1.000000000000000000e+00 1.000000000000000000e+00 1.000000000000000000e+00 1.000000000000000000e+00 1.000000000000000000e+00 1.000000000000000000e+00 1.000000000000000000e+00 1.000000000000000000e+00 1.000000000000000000e+00 1.000000000000000000e+00 1.000000000000000000e+00 1.000000000000000000e+00 1.000000000000000000e+00 1.000000000000000000e+00 1.000000000000000000e+00 1.000000000000000000e+00 1.000000000000000000e+00
2.904952766456199078e-269 1.618593086159397573e-259 5.944481391050622182e-250 1.439043123520914959e-240 2.296272346109749744e-231 2.415290144282078641e-222 1.674628687995744306e-213 7.653823817974962556e-205 2.305987751885649410e-196 4.579968902977962840e-188 5.996585286941024159e-180 5.175961247581109292e-172 2.945328641154002728e-164 1.104951468220811442e-156 2.732946292301600172e-149 4.456665836217207041e-142 4.791745272646479012e-135 3.397009132793674719e-128 1.587942930598725618e-121 4.894692415798980823e-115 9.949170564432107435e-109 1.333642865106566869e-102 1.178977407109136455e-96 6.873988546416939855e-91 2.643479439867400669e-85 6.705573395520756357e-80 1.122072091611012224e-74 1.238699169217045911e-69 9.022158235035327713e-65 4.336089715880698599e-60 1.375238988165883633e-55 2.878757277150792837e-51 3.977779778162280654e-47 3.628735605076163824e-43 2.185891762983369059e-39 8.696653528249590033e-36 2.285763411133242690e-32 3.969979755994462637e-29 4.557914758268583135e-26 3.460457355703465750e-23 1.738163248805750346e-20 5.779336583916900369e-18 1.272881256871092731e-15 1.858571545673704953e-13 1.800940905599733808e-11 1.159616366863501241e-09 4.969953689787234716e-08 1.420919658828116343e-06 2.717993221195659970e-05 3.492623724724480986e-04 3.032278618708002162e-03 1.793565578758143583e-02 7.318187270775017295e-02 2.099459498872516816e-01 4.361563280265244869e-01 6.862205424718232916e-01 8.709835511236394545e-01 9.622109364661619590e-01 9.922998725411686927e-01 9.989250894926477997e-01 9.998982378940407534e-01 9.999935113835374256e-01 9.999997226778967185e-01 9.999999920825465294e-01 9.999999998493906972e-01 9.999999999980947463e-01 9.999999999999840128e-01 9.999999999999998890e-01 1.000000000000000000e+00 1.000000000000000000e+00 1.000000000000000000e+00 1.000000000000000000e+00 1.000000000000000000e+00 1.000000000000000000e+00 1.000000000000000000e+00 1.000000000000000000e+00 1.000000000000000000e+00 1.000000000000000000e+00 1.000000000000000000e+00 1.000000000000000000e+00 1.000000000000000000e+00 1.000000000000000000e+00 1.000000000000000000e+00 1.000000000000000000e+00 1.000000000000000000e+00 1.000000000000000000e+00 1.000000000000000000e+00 1.000000000000000000e+00 1.000000000000000000e+00 1.000000000000000000e+00 1.000000000000000000e+00 1.000000000000000000e+00 1.000000000000000000e+00 1.000000000000000000e+00 1.000000000000000000e+00 1.000000000000000000e+00 1.000000000000000000e+00 1.000000000000000000e+00 1.000000000000000000e+00 1.000000000000000000e+00
1.585950723150401407e-321 8.111473473621996051e-310 2.507506927702432755e-298 4.686026378019605279e-287 5.294120519569434988e-276 3.615897534779881526e-265 1.493064962259509315e-254 3.727255259869257524e-244 5.625426332911873305e-234 5.133176247753082149e-224 2.831981858637122839e-214 9.446655273344392035e-205 1.905282651123900206e-195 2.323516106217210604e-186 1.713361071515950853e-177 7.639799219142785604e-169 2.059959779477055930e-160 3.358878449073763024e-152 3.312110452601843436e-144 1.975185513146539850e-136 7.123978827686012710e-129 1.554067132389233068e-121 2.050557863015915786e-114 1.636643836123155463e-107 7.902116493846554323e-101 2.308180123486419885e-94 4.079115508744471399e-88 4.361831649909520755e-82 2.822402783987569981e-76 1.105252642823744658e-70 2.619674347672718726e-65 3.758661666771430588e-60 3.265004202125455932e-55 1.717401970018824018e-50 5.471184304045452962e-46 1.055863477130182454e-41 1.234701626120588657e-37 8.751309981499722049e-34 3.760903523609129084e-30 9.803888955160276866e-27 1.550977201534322055e-23 1.489948663026312837e-20 8.697834804466209054e-18 3.088267168150615503e-15 6.676857328665359026e-13 8.802544057734648614e-11 7.089852815305220655e-09 3.497373322767119163e-07 1.060227561481005738e-05 1.984628408298324620e-04 2.309824030697122613e-03 1.688826451160982747e-02 7.882279605453572369e-02 2.409221118939891548e-01 5.025354750424441130e-01 7.630199270546016432e-01 9.230290958651266031e-01 9.836374785054080583e-01 9.977803734774860489e-01 9.998108886040186771e-01 9.999899836278203225e-01 9.999996724464974562e-01 9.999999934177337124e-01 9.999999999189930211e-01 9.999999999993909316e-01 9.999999999999972244e-01 1.000000000000000000e+00 1.000000000000000000e+00 1.000000000000000000e+00 1.000000000000000000e+00 1.000000000000000000e+00 1.000000000000000000e+00 1.000000000000000000e+00 1.000000000000000000e+00 1.000000000000000000e+00 1.000000000000000000e+00 1.000000000000000000e+00 1.000000000000000000e+00 1.000000000000000000e+00 1.000000000000000000e+00 1.000000000000000000e+00 1.000000000000000000e+00 1.000000000000000000e+00 1.000000000000000000e+00 1.000000000000000000e+00 1.000000000000000000e+00 1.000000000000000000e+00 1.000000000000000000e+00 1.000000000000000000e+00 1.000000000000000000e+00 1.000000000000000000e+00 1.000000000000000000e+00 1.000000000000000000e+00 1.000000000000000000e+00 1.000000000000000000e+00 1.000000000000000000e+00 1.000000000000000000e+00 1.000000000000000000e+00 1.000000000000000000e+00 1.000000000000000000e+00
0.000000000000000000e+00 0.000000000000000000e+00 0.000000000000000000e+00 0.000000000000000000e+00 6.981235222982385906e-316 2.102522612008769866e-303 3.535075614338776588e-291 3.318287789365050456e-279 1.738981159133105389e-267 5.088032863837526563e-256 8.311672955430623972e-245 7.580894246182074339e-234 3.860615325976773433e-223 1.097761863197435375e-212 1.742960420645796190e-202 1.545282476321167337e-192 7.650387262827935174e-183 2.115093145625709541e-173 3.265598032902699722e-164 2.815795533109529916e-155 1.356014212703521739e-146 3.647316275957480436e-138 5.479638993424394046e-130 4.598596458192002293e-122 2.155864543077252147e-114 5.646395211992173248e-107 8.262448222570710342e-100 6.755719900793661429e-93 3.086753109271429601e-86 7.882180823971869571e-80 1.125013363615683596e-73 8.976250005589995223e-68 4.004286532268893212e-62 9.989057015427977388e-57 1.393734788693112368e-51 1.087908632037234361e-46 4.752012805119612429e-42 1.161907086956067695e-37 1.590865785067824299e-33 1.220263680774134331e-29 5.246374521444993458e-26 1.265103875058937321e-22 1.712352005894071867e-19 1.302211658846336098e-16 5.570899037996920166e-14 1.342800334750329270e-11 1.827443372667701076e-09 1.408121708797219192e-07 6.167165321556875771e-06 1.543788513439784869e-04 2.226954789364634594e-03 1.874755730772601631e-02 9.399005724546481699e-02 2.901918750487111343e-01 5.835288479524276539e-01 8.351412894952936483e-01 9.589330752781274336e-01 9.938286289044344635e-01 9.994545017347604698e-01 9.999720757429509943e-01 9.999991803211990549e-01 9.999999862936150841e-01 9.999999998700278558e-01 9.999999999993033351e-01 9.999999999999978906e-01 1.000000000000000000e+00 1.000000000000000000e+00 1.000000000000000000e+00 1.000000000000000000e+00 1.000000000000000000e+00 1.000000000000000000e+00 1.000000000000000000e+00 1.000000000000000000e+00 1.000000000000000000e+00 1.000000000000000000e+00 1.000000000000000000e+00 1.000000000000000000e+00 1.000000000000000000e+00 1.000000000000000000e+00 1.000000000000000000e+00 1.000000000000000000e+00 1.000000000000000000e+00 1.000000000000000000e+00 1.000000000000000000e+00 1.000000000000000000e+00 1.000000000000000000e+00 1.000000000000000000e+00 1.000000000000000000e+00 1.000000000000000000e+00 1.000000000000000000e+00 1.000000000000000000e+00 1.000000000000000000e+00 1.000000000000000000e+00 1.000000000000000000e+00 1.000000000000000000e+00 1.000000000000000000e+00 1.000000000000000000e+00 1.000000000000000000e+00 1.000000000000000000e+00 1.000000000000000000e+00
0.000000000000000000e+00 0.000000000000000000e+00 0.000000000000000000e+00 0.000000000000000000e+00 0.000000000000000000e+00 0.000000000000000000e+00 0.000000000000000000e+00 1.037537856266617743e-320 3.635487627959431702e-307 6.470707055072372475e-294 5.850789032114056768e-281 2.687576864306114597e-268 6.271940742121965321e-256 7.436168579245790950e-244 4.479352412296936905e-232 1.370924107738284415e-220 2.131858022852151364e-209 1.684478605619757621e-198 6.763197134349786087e-188 1.379864148502975710e-177 1.430666390390885770e-167 7.538414305419846922e-158 2.018761733078464215e-148 2.747765667941526421e-139 1.901045916826114329e-130 6.685831957533871758e-122 1.195372448435577572e-113 1.086612744657481408e-105 5.022423852032034958e-98 1.180503535169677258e-90 1.411207501107742643e-83 8.581147122132117014e-77 2.654606281361963722e-70 4.178633546516112871e-64 3.347638274256227350e-58 1.365266472721922523e-52 2.835257344145699750e-47 2.999203347982402863e-42 1.616685627579363688e-37 4.442746086763739530e-33 6.227653878688302555e-29 4.455924504537074244e-25 1.628746806720968158e-21 3.044564725293322331e-18 2.914274837045401784e-15 1.430935514527384132e-12 3.612360803506327596e-10 4.703309457574621284e-08 3.172259934910253611e-06 1.115500222849125095e-04 2.065025455271219442e-03 2.043750387136936478e-02 1.109413138872030885e-01 3.452122446440057946e-01 6.645740922846010701e-01 8.940279576679336371e-01 9.808437578818994806e-01 9.981027218523054190e-01 9.998996017993766472e-01 9.999972041912175147e-01 9.999999594196429253e-01 9.999999996949271441e-01 9.999999999988172794e-01 9.999999999999976685e-01 1.000000000000000000e+00 1.000000000000000000e+00 1.000000000000000000e+00 1.000000000000000000e+00 1.000000000000000000e+00 1.000000000000000000e+00 1.000000000000000000e+00 1.000000000000000000e+00 1.000000000000000000e+00 1.000000000000000000e+00 1.000000000000000000e+00 1.000000000000000000e+00 1.000000000000000000e+00 1.000000000000000000e+00 1.000000000000000000e+00 1.000000000000000000e+00 1.000000000000000000e+00 1.000000000000000000e+00 1.000000000000000000e+00 1.000000000000000000e+00 1.000000000000000000e+00 1.000000000000000000e+00 1.000000000000000000e+00 1.000000000000000000e+00 1.000000000000000000e+00 1.000000000000000000e+00 1.000000000000000000e+00 1.000000000000000000e+00 1.000000000000000000e+00 1.000000000000000000e+00 1.000000000000000000e+00 1.000000000000000000e+00 1.000000000000000000e+00 1.000000000000000000e+00 1.000000000000000000e+00 1.000000000000000000e+00
0.000000000000000000e+00 0.000000000000000000e+00 0.000000000000000000e+00 0.000000000000000000e+00 0.000000000000000000e+00 0.000000000000000000e+00 0.000000000000000000e+00 0.000000000000000000e+00 0.000000000000000000e+00 1.010701984080189801e-315 9.001229453220785860e-302 3.861039657279613772e-288 7.977031687799297293e-275 7.938248724566412954e-262 3.805108079565010052e-249 8.785808725118230682e-237 9.772002087265208576e-225 5.235862150063006382e-213 1.351489877653845706e-201 1.680644594619289641e-190 1.006926197677989866e-179 2.906699064299986144e-169 4.043032432730628613e-159 2.709851325456000631e-149 8.752734674455484041e-140 1.362492346603608538e-130 1.022237305903815108e-121 3.696885108024428583e-113 6.445111813434945362e-105 5.417315345040985660e-97 2.195593062166546919e-89 4.291366717225094076e-82 4.045626117211195171e-75 1.839934463452263127e-68 4.037731226125538570e-62 4.276584476599985826e-56 2.186778123606291309e-50 5.400139938200912536e-45 6.442713718334286130e-40 3.715352894742736724e-35 1.036202343091954334e-30 1.398628303213790365e-26 9.144169718470684402e-23 2.898920416172402862e-19 4.462451934433437152e-16 3.341426648977685962e-13 1.219962807016816910e-10 2.178895765918288071e-08 1.912533369963322662e-06 8.306376131801541224e-05 1.803686000623214028e-03 1.991228707381990579e-02 1.149669419619193805e-01 3.648613170013359497e-01 6.948131720528752941e-01 9.138066405475787635e-01 9.867773568524134120e-01 9.989462308757558473e-01 9.999574703060516434e-01 9.999991438431252710e-01 9.999999914850494775e-01 9.999999999584233690e-01 9.999999999999007461e-01 9.999999999999998890e-01 1.000000000000000000e+00 1.000000000000000000e+00 1.000000000000000000e+00 1.000000000000000000e+00 1.000000000000000000e+00 1.000000000000000000e+00 1.000000000000000000e+00 1.000000000000000000e+00 1.000000000000000000e+00 1.000000000000000000e+00 1.000000000000000000e+00 1.000000000000000000e+00 1.000000000000000000e+00 1.000000000000000000e+00 1.000000000000000000e+00 1.000000000000000000e+00 1.000000000000000000e+00 1.000000000000000000e+00 1.000000000000000000e+00 1.000000000000000000e+00 1.000000000000000000e+00 1.000000000000000000e+00 1.000000000000000000e+00 1.000000000000000000e+00 1.000000000000000000e+00 1.000000000000000000e+00 1.000000000000000000e+00 1.000000000000000000e+00 1.000000000000000000e+00 1.000000000000000000e+00 1.000000000000000000e+00 1.000000000000000000e+00 1.000000000000000000e+00 1.000000000000000000e+00 1.000000000000000000e+00 1.000000000000000000e+00
0.000000000000000000e+00 0.000000000000000000e+00 0.000000000000000000e+00 0.000000000000000000e+00 0.000000000000000000e+00 0.000000000000000000e+00 0.000000000000000000e+00 0.000000000000000000e+00 0.000000000000000000e+00 0.000000000000000000e+00 0.000000000000000000e+00 0.000000000000000000e+00 6.989090167845999119e-313 5.424134247081653623e-298 1.814698693300030140e-283 2.617319361147509319e-269 1.627428354014604178e-255 4.362707445121158584e-242 5.042394052806452420e-229 2.512828638671605880e-216 5.399517572190245237e-204 5.003057664544360891e-192 1.999075056214047126e-180 3.444789533528507804e-169 2.560153135940162259e-158 8.206757064668060630e-148 1.134790856581089067e-137 6.769225014222632852e-128 1.742151196683141530e-118 1.934669498045460855e-109 9.271677645137937836e-101 1.917804648559174831e-92 1.712448436365338679e-84 6.602077898608704231e-77 1.099231251149967480e-69 7.905930357572405583e-63 2.456975454438453428e-56 3.300527891881677021e-50 1.917253341496301788e-44 4.818402035556150697e-39 5.242191326045799935e-34 2.470735048427565703e-29 5.049368561452722584e-25 4.479640900341915197e-21 1.727764880903231825e-17 2.902701922652561579e-14 2.129754756000980111e-11 6.849167499695491930e-09 9.704743400879331913e-07 6.105840453471994187e-05 1.726730117414737109e-03 2.239843088971547880e-02 1.380952950173654770e-01 4.320031331421727572e-01 7.722760805256738692e-01 9.519441542301406711e-01 9.950834498392092664e-01 9.997667452972570645e-01 9.999949942330268460e-01 9.999999521128796198e-01 9.999999997976505295e-01 9.999999999996245226e-01 9.999999999999997780e-01 1.000000000000000000e+00 1.000000000000000000e+00 1.000000000000000000e+00 1.000000000000000000e+00 1.000000000000000000e+00 1.000000000000000000e+00 1.000000000000000000e+00 1.000000000000000000e+00 1.000000000000000000e+00 1.000000000000000000e+00 1.000000000000000000e+00 1.000000000000000000e+00 1.000000000000000000e+00 1.000000000000000000e+00 1.000000000000000000e+00 1.000000000000000000e+00 1.000000000000000000e+00 1.000000000000000000e+00 1.000000000000000000e+00 1.000000000000000000e+00 1.000000000000000000e+00 1.000000000000000000e+00 1.000000000000000000e+00 1.000000000000000000e+00 1.000000000000000000e+00 1.000000000000000000e+00 1.000000000000000000e+00 1.000000000000000000e+00 1.000000000000000000e+00 1.000000000000000000e+00 1.000000000000000000e+00 1.000000000000000000e+00 1.000000000000000000e+00 1.000000000000000000e+00 1.000000000000000000e+00 1.000000000000000000e+00 1.000000000000000000e+00
0.000000000000000000e+00 0.000000000000000000e+00 0.000000000000000000e+00 0.000000000000000000e+00 0.000000000000000000e+00 0.000000000000000000e+00 0.000000000000000000e+00 0.000000000000000000e+00 0.000000000000000000e+00 0.000000000000000000e+00 0.000000000000000000e+00 0.000000000000000000e+00 0.000000000000000000e+00 9.090807883478936413e-322 4.895607551044756919e-306 1.057495970315434938e-290 9.160610791529284783e-276 3.182438009041655565e-261 4.434073310858226360e-247 2.477834416336140843e-233 5.553783953501352358e-220 4.993162090095148080e-207 1.800765503692656154e-194 2.605317894924131162e-182 1.512224707511733959e-170 3.521738338524635106e-159 3.290937647025047708e-148 1.234084197428718627e-137 1.857282533803841654e-127 1.121941362225185529e-117 2.720687689479145380e-108 2.648917419678767291e-99 1.035650107918913364e-90 1.626285756907135581e-82 1.025927666625394676e-74 2.600668020416458382e-67 2.649917033047721348e-60 1.085707275095344564e-53 1.789406419121266916e-47 1.186970571363302161e-41 3.170816028609230793e-36 3.413721855144776493e-31 1.482576465691558735e-26 2.600470457972574024e-22 1.844998092591053862e-18 5.305474929018864214e-15 6.200431256652219990e-12 2.956262018256203787e-09 5.782050309582545784e-07 4.677983816767590416e-05 1.586481191501649219e-03 2.306426851686597251e-02 1.496430059407234947e-01 4.674361941321455993e-01 8.090860552010310514e-01 9.664335175244402887e-01 9.973403415013435414e-01 9.999091838545062227e-01 9.999986962041971239e-01 9.999999922430360400e-01 9.999999999810458284e-01 9.999999999999811262e-01 1.000000000000000000e+00 1.000000000000000000e+00 1.000000000000000000e+00 1.000000000000000000e+00 1.000000000000000000e+00 1.000000000000000000e+00 1.000000000000000000e+00 1.000000000000000000e+00 1.000000000000000000e+00 1.000000000000000000e+00 1.000000000000000000e+00 1.000000000000000000e+00 1.000000000000000000e+00 1.000000000000000000e+00 1.000000000000000000e+00 1.000000000000000000e+00 1.000000000000000000e+00 1.000000000000000000e+00 1.000000000000000000e+00 1.000000000000000000e+00 1.000000000000000000e+00 1.000000000000000000e+00 1.000000000000000000e+00 1.000000000000000000e+00 1.000000000000000000e+00 1.000000000000000000e+00 1.000000000000000000e+00 1.000000000000000000e+00 1.000000000000000000e+00 1.000000000000000000e+00 1.000000000000000000e+00 1.000000000000000000e+00 1.000000000000000000e+00 1.000000000000000000e+00 1.000000000000000000e+00 1.000000000000000000e+00 1.000000000000000000e+00 1.000000000000000000e+00
