6.676637880000000358e+00
6.819827059999999719e+00
7.019478760000000150e+00
7.285016340000000312e+00
7.688718699999999906e+00
8.178150320000000306e+00
8.740004199999999557e+00
9.360537100000000166e+00
1.002503796000000058e+01
1.071536279999999941e+01
1.141317199999999943e+01
1.210126778000000058e+01
1.277141134000000022e+01
1.340955293999999931e+01
1.401565124000000040e+01
1.457998871999999935e+01
1.510563342000000020e+01
1.558914713999999968e+01
1.603433237999999861e+01
1.643922681999999824e+01
1.680645944000000114e+01
1.714243027999999924e+01
1.744298264000000032e+01
1.771010138000000111e+01
1.795319785999999951e+01
1.817322240000000022e+01
1.836895159999999905e+01
1.855128586000000013e+01
1.871692750000000061e+01
1.886995234000000110e+01
1.901088628000000114e+01
