3.827702287122358891e-181 2.681735875971498620e-174 1.382291969766175563e-167 5.241990804196328388e-161 1.462556258606764828e-154 3.002315875248382802e-148 4.534566441860040427e-142 5.039174318031180629e-136 4.120372107066670832e-130 2.479001501805061582e-124 1.097465752900617498e-118 3.575117301758107472e-113 8.570119426100853431e-108 1.511797944342248885e-102 1.962569166018315210e-97 1.874975920599863380e-92 1.318324462526058632e-87 6.822170656466299026e-83 2.598458490693703193e-78 7.284888548264544809e-74 1.503373396658180194e-69 2.283876802652198394e-65 2.554275949243080239e-61 2.103209278858259379e-57 1.275116955465721995e-53 5.692555686649061552e-50 1.871523332431146709e-46 4.531683238299391728e-43 8.082603406485816764e-40 1.062008084582419950e-36 1.028144141692571777e-33 7.335054124168864701e-31 3.857088435841732163e-28 1.495267714553630472e-25 4.274568985856547754e-23 9.013813906925186592e-21 1.402550603587962302e-18 1.611016901753812191e-16 1.366674195570222872e-14 8.567767468531475186e-13 3.972072449860821791e-11 1.362991862563805237e-09 3.465523687401783944e-08 6.537946639790864498e-07 9.168062442862930344e-06 9.578095734962324952e-05 7.477909446955924994e-04 4.381209805229095700e-03 1.937487759373806087e-02 6.520564812945588151e-02 1.689987362995217790e-01 3.431883602023710345e-01 5.598447067403532484e-01 7.595724760718325363e-01 8.960354802691787857e-01 9.651328749385066352e-01 9.910573807702817151e-01 9.982629282727081277e-01 9.997461782247660800e-01 9.999722350516235814e-01 9.999977343598960289e-01 9.999998624463549701e-01 9.999999937987958942e-01 9.999999997927309092e-01 9.999999999948698814e-01 9.999999999999060751e-01 9.999999999999986677e-01 1.000000000000000000e+00 1.000000000000000000e+00 1.000000000000000000e+00 1.000000000000000000e+00 1.000000000000000000e+00 1.000000000000000000e+00 1.000000000000000000e+00 1.000000000000000000e+00 1.000000000000000000e+00 1.000000000000000000e+00 1.000000000000000000e+00 1.000000000000000000e+00 1.000000000000000000e+00 1.000000000000000000e+00 1.000000000000000000e+00 1.000000000000000000e+00 1.000000000000000000e+00 1.000000000000000000e+00 1.000000000000000000e+00 1.000000000000000000e+00 1.000000000000000000e+00 1.000000000000000000e+00 1.000000000000000000e+00 1.000000000000000000e+00 1.000000000000000000e+00 1.000000000000000000e+00 1.000000000000000000e+00 1.000000000000000000e+00 1.000000000000000000e+00 1.000000000000000000e+00 1.000000000000000000e+00 1.000000000000000000e+00 1.000000000000000000e+00
1.376773622796411308e-172 4.150455194845584370e-166 9.374592673203325756e-160 1.586496763895106631e-153 2.011699508309183520e-147 1.911312195133634581e-141 1.360669643496385967e-135 7.258297473687105384e-130 2.901261362506887051e-124 8.689976515125917622e-119 1.950474658788193931e-113 3.280673564925373780e-108 4.135219471398963593e-103 3.906246728617810191e-98 2.765413234914767813e-93 1.467284852270430880e-88 5.834972635217230290e-84 1.739203846579576511e-79 3.885690230920836070e-75 6.507471550433993968e-71 8.169679512703891525e-67 7.689014613071838876e-63 5.425451476815996418e-59 2.870316869988055111e-55 1.138635647287378076e-51 3.387164478388077964e-48 7.556555256858198866e-45 1.264420296071223736e-41 1.587041137528226125e-38 1.494407838264613092e-35 1.055835843778795328e-32 5.598095066970499240e-30 2.227823231323410300e-27 6.655938527187955134e-25 1.493245932173947520e-22 2.516337517250735560e-20 3.186136348674958648e-18 3.032390681326172342e-16 2.170350034855868573e-14 1.168788101512059325e-12 4.739039181386289175e-11 1.447919324472151538e-09 3.336817296413749551e-08 5.807638392744457919e-07 7.646100615713563164e-06 7.630493791722250496e-05 5.787919266833182379e-04 3.349207012102473416e-03 1.485917629510847410e-02 5.090191888180187196e-02 1.359892596704727341e-01 2.874449763037802974e-01 4.907408855774703094e-01 6.965284842488703720e-01 8.536220527354806409e-01 9.440542302937193764e-01 9.833066333960525096e-01 9.961512105483418811e-01 9.993192901567686803e-01 9.999081219824403899e-01 9.999905716065620176e-01 9.999992664569764544e-01 9.999999568227108115e-01 9.999999980803695454e-01 9.999999999356192770e-01 9.999999999983728571e-01 9.999999999999690248e-01 9.999999999999995559e-01 1.000000000000000000e+00 1.000000000000000000e+00 1.000000000000000000e+00 1.000000000000000000e+00 1.000000000000000000e+00 1.000000000000000000e+00 1.000000000000000000e+00 1.000000000000000000e+00 1.000000000000000000e+00 1.000000000000000000e+00 1.000000000000000000e+00 1.000000000000000000e+00 1.000000000000000000e+00 1.000000000000000000e+00 1.000000000000000000e+00 1.000000000000000000e+00 1.000000000000000000e+00 1.000000000000000000e+00 1.000000000000000000e+00 1.000000000000000000e+00 1.000000000000000000e+00 1.000000000000000000e+00 1.000000000000000000e+00 1.000000000000000000e+00 1.000000000000000000e+00 1.000000000000000000e+00 1.000000000000000000e+00 1.000000000000000000e+00 1.000000000000000000e+00 1.000000000000000000e+00 1.000000000000000000e+00 1.000000000000000000e+00
1.010023236436166726e-158 7.885221490044974670e-153 4.747511323428766175e-147 2.204418827916489455e-141 7.894143202907757274e-136 2.180247968831127055e-130 4.644130886583448617e-125 7.629724270648515877e-120 9.667802379097353388e-115 9.448665930274906370e-110 7.122737666735264307e-105 4.141596089804663571e-100 1.857565967887022545e-95 6.426709529749718415e-91 1.715197554773544928e-86 3.531301694596617093e-82 5.608748401470809283e-78 6.872647415962538633e-74 6.497211820709163295e-70 4.739082482076170441e-66 2.667146859865238329e-62 1.158265382081111111e-58 3.881529887105390736e-55 1.003827687115091562e-51 2.003582413277238176e-48 3.086601932575848030e-45 3.670426705971996262e-42 3.369428614431232409e-39 2.388062619902719550e-36 1.306881923312831676e-33 5.523139061885236634e-31 1.802850947973896068e-28 4.546025405759870685e-26 8.856995246870207804e-24 1.333583300836974209e-21 1.552188841844300955e-19 1.396976394170491095e-17 9.725345095229559162e-16 5.239269816832771890e-14 2.185235637972005890e-12 7.060604076710843398e-11 1.768519112937378300e-09 3.437002167360782783e-08 5.188250169926892826e-07 6.091481550279452501e-06 5.572357660225734304e-05 3.980578139783514649e-04 2.227071358390939927e-03 9.797969425145698283e-03 3.408186445450123170e-02 9.444835302259495247e-02 2.107628906639771316e-01 3.844920359856562886e-01 5.856499056320421115e-01 7.662160370066563031e-01 8.918663724593263176e-01 9.596455666827728992e-01 9.879853592859497713e-01 9.971689507336281011e-01 9.994750588273459968e-01 9.999237245184883216e-01 9.999913418886066108e-01 9.999992340378125455e-01 9.999999472824953051e-01 9.999999971812654209e-01 9.999999998830446657e-01 9.999999999962376762e-01 9.999999999999062972e-01 9.999999999999982236e-01 1.000000000000000000e+00 1.000000000000000000e+00 1.000000000000000000e+00 1.000000000000000000e+00 1.000000000000000000e+00 1.000000000000000000e+00 1.000000000000000000e+00 1.000000000000000000e+00 1.000000000000000000e+00 1.000000000000000000e+00 1.000000000000000000e+00 1.000000000000000000e+00 1.000000000000000000e+00 1.000000000000000000e+00 1.000000000000000000e+00 1.000000000000000000e+00 1.000000000000000000e+00 1.000000000000000000e+00 1.000000000000000000e+00 1.000000000000000000e+00 1.000000000000000000e+00 1.000000000000000000e+00 1.000000000000000000e+00 1.000000000000000000e+00 1.000000000000000000e+00 1.000000000000000000e+00 1.000000000000000000e+00 1.000000000000000000e+00 1.000000000000000000e+00 1.000000000000000000e+00 1.000000000000000000e+00
7.421806043922328860e-137 7.269820651338493062e-132 5.734899363246123649e-127 3.643527070092315660e-122 1.864312630892217421e-117 7.682858995708680354e-113 2.550008458992847165e-108 6.816834228228653304e-104 1.467757842563526509e-99 2.545454869786025266e-95 3.555699465062758826e-91 4.000767581983329723e-87 3.626025954094819922e-83 2.647276165237978782e-79 1.556899694442619022e-75 7.376125095407508699e-72 2.815246350698945694e-68 8.656461221613833471e-65 2.144454503739596372e-61 4.280196931150416215e-58 6.883363074054733222e-55 8.919672096147452754e-52 9.313900486201601803e-49 7.837438978733255082e-46 5.315014583351537173e-43 2.905046354045614941e-40 1.279834321059208695e-37 4.545104524446682329e-35 1.301262488800671008e-32 3.003745081864969293e-30 5.591007223105210701e-28 8.392742712498115279e-26 1.016178811905701268e-23 9.925741559818455298e-22 7.822885239796511812e-20 4.975984176751772728e-18 2.555116295380269186e-16 1.059476759098622486e-14 3.548725571196866524e-13 9.605753359299381596e-12 2.102225986416871044e-10 3.721934686956358118e-09 5.334632619866026664e-08 6.195255855922230052e-07 5.835702873138248089e-06 4.464594027272812405e-05 2.778788331353472356e-04 1.410107275179746465e-03 5.850554605957684201e-03 1.992110322797876684e-02 5.594784954760049361e-02 1.304898236134239831e-01 2.551317474845398725e-01 4.235671075371373329e-01 6.075253429580377285e-01 7.699026274740731202e-01 8.857394973040256803e-01 9.525233658283663862e-01 9.836390841678264163e-01 9.953541531998092440e-01 9.989181182007029758e-01 9.997941231575064869e-01 9.999680714595775566e-01 9.999959728603660114e-01 9.999995875603286954e-01 9.999999657455600488e-01 9.999999976952564928e-01 9.999999998744786289e-01 9.999999999944702012e-01 9.999999999998030464e-01 9.999999999999943379e-01 9.999999999999998890e-01 1.000000000000000000e+00 1.000000000000000000e+00 1.000000000000000000e+00 1.000000000000000000e+00 1.000000000000000000e+00 1.000000000000000000e+00 1.000000000000000000e+00 1.000000000000000000e+00 1.000000000000000000e+00 1.000000000000000000e+00 1.000000000000000000e+00 1.000000000000000000e+00 1.000000000000000000e+00 1.000000000000000000e+00 1.000000000000000000e+00 1.000000000000000000e+00 1.000000000000000000e+00 1.000000000000000000e+00 1.000000000000000000e+00 1.000000000000000000e+00 1.000000000000000000e+00 1.000000000000000000e+00 1.000000000000000000e+00 1.000000000000000000e+00 1.000000000000000000e+00 1.000000000000000000e+00 1.000000000000000000e+00 1.000000000000000000e+00
1.010741164696238715e-111 9.239611175186511914e-108 7.144484897749792011e-104 4.673015738334221555e-100 2.585464567206365835e-96 1.210044219990862050e-92 4.790621417334148341e-89 1.604417835461827673e-85 4.545541520076401697e-82 1.089442393543166597e-78 2.208929725834894013e-75 3.789025866521947133e-72 5.498585098578578307e-69 6.750910950077316661e-66 7.012500828336686784e-63 6.163032554474749876e-60 4.582893254104761445e-57 2.883516820364147880e-54 1.535173617600587880e-51 6.916091766267713859e-49 2.636632040936801087e-46 8.506336950031604734e-44 2.322524427804264364e-41 5.366916552225770102e-39 1.049688567088562968e-36 1.737775554484296396e-34 2.435306337483613524e-32 2.889164356035849435e-30 2.901917068305095015e-28 2.467919619852787196e-26 1.777271641497861765e-24 1.083931745033037546e-22 5.599248231565750454e-21 2.450181466707234010e-19 9.083986627751099391e-18 2.853925663863097611e-16 7.599516224455701721e-15 1.715570537269106837e-13 3.284190996329116366e-12 5.333129691057948553e-11 7.349020670693038809e-10 8.597223486342325876e-09 8.542620063705996241e-08 7.214302769644578831e-07 5.181903154869872025e-06 3.168598754992260099e-05 1.651239199403685767e-04 7.343736304935856961e-04 2.792178853654745611e-03 9.095984727962492036e-03 2.546097514665685707e-02 6.146558698850031199e-02 1.285996185101619949e-01 2.346909293596530222e-01 3.767853584786002852e-01 5.380872179434690317e-01 6.932790775703500108e-01 8.198299327956944937e-01 9.072929299906427048e-01 9.585248383980228271e-01 9.839582561735618071e-01 9.946587907404607076e-01 9.984740926344501943e-01 9.996269057438090799e-01 9.999220791955797383e-01 9.999861210721394666e-01 9.999978943535534626e-01 9.999997281649879444e-01 9.999999701627166893e-01 9.999999972173847507e-01 9.999999997796351625e-01 9.999999999851877375e-01 9.999999999991553423e-01 9.999999999999591438e-01 9.999999999999983347e-01 1.000000000000000000e+00 1.000000000000000000e+00 1.000000000000000000e+00 1.000000000000000000e+00 1.000000000000000000e+00 1.000000000000000000e+00 1.000000000000000000e+00 1.000000000000000000e+00 1.000000000000000000e+00 1.000000000000000000e+00 1.000000000000000000e+00 1.000000000000000000e+00 1.000000000000000000e+00 1.000000000000000000e+00 1.000000000000000000e+00 1.000000000000000000e+00 1.000000000000000000e+00 1.000000000000000000e+00 1.000000000000000000e+00 1.000000000000000000e+00 1.000000000000000000e+00 1.000000000000000000e+00 1.000000000000000000e+00 1.000000000000000000e+00 1.000000000000000000e+00
2.523031938256335774e-86 2.200086094501555622e-83 1.701847651724337427e-80 1.167806150834166142e-77 7.108781848079197292e-75 3.838835803812180749e-72 1.839033741200921862e-69 7.815772367426843794e-67 2.946814202374203276e-64 9.856875183411732754e-62 2.925087398343662432e-59 7.701218196475184248e-57 1.798909914427792702e-54 3.728187747686576184e-52 6.855420139087778445e-50 1.118480829504694225e-47 1.619168794620507801e-45 2.079871709249537298e-43 2.370688015365953368e-41 2.397834672464568917e-39 2.152214870312080284e-37 1.714309845558718698e-35 1.211845702617719833e-33 7.602879108298521814e-32 4.233519883838389704e-30 2.092375638272793159e-28 9.179435565222238501e-27 3.574839286732769144e-25 1.235918195320267334e-23 3.793558957371365294e-22 1.033861333437757327e-20 2.501924218430015814e-19 5.376809053993989872e-18 1.026267632157111961e-16 1.739941421806795351e-15 2.620627857973467509e-14 3.507025511416565847e-13 4.170710653352916916e-12 4.408629382883829428e-11 4.143012938465335855e-10 3.462255683092298690e-09 2.573712927895754824e-08 1.702423585117039044e-07 1.002432090287250123e-06 5.256851121290758091e-06 2.456522043506152381e-05 1.023592512844371605e-04 3.806186142074965430e-04 1.264233761584137141e-03 3.755343620142698874e-03 9.990465248526668451e-03 2.384604400453924078e-02 5.118216298135450787e-02 9.906562952003607203e-02 1.735344159682386256e-01 2.763610586577015527e-01 4.024223425333605109e-01 5.396380271336226331e-01 6.722468070456100175e-01 7.860323483026230296e-01 8.727179965875336842e-01 9.313521894973555426e-01 9.665646126515582415e-01 9.853395699114274597e-01 9.942274108097618468e-01 9.979628646917516610e-01 9.993567118941493188e-01 9.998184608533779993e-01 9.999542638560253716e-01 9.999897222206961533e-01 9.999979413652595461e-01 9.999996326836904093e-01 9.999999416469540492e-01 9.999999917498121338e-01 9.999999989622738727e-01 9.999999998839128601e-01 9.999999999884534585e-01 9.999999999989790389e-01 9.999999999999198419e-01 9.999999999999944489e-01 9.999999999999996669e-01 1.000000000000000000e+00 1.000000000000000000e+00 1.000000000000000000e+00 1.000000000000000000e+00 1.000000000000000000e+00 1.000000000000000000e+00 1.000000000000000000e+00 1.000000000000000000e+00 1.000000000000000000e+00 1.000000000000000000e+00 1.000000000000000000e+00 1.000000000000000000e+00 1.000000000000000000e+00 1.000000000000000000e+00 1.000000000000000000e+00 1.000000000000000000e+00 1.000000000000000000e+00 1.000000000000000000e+00 1.000000000000000000e+00
1.252285906357905006e-73 3.184196523907498660e-71 7.368439838469595940e-69 1.551797142006003053e-66 2.974286054479281296e-64 5.188284790403762322e-62 8.236891311336888342e-60 1.190163915899103284e-57 1.565164199684071034e-55 1.873392667824373677e-53 2.040891747781260568e-51 2.023672417667746129e-49 1.826403828066377853e-47 1.500366905051398212e-45 1.121890374496517193e-43 7.635973057477475487e-42 4.730953643356907388e-40 2.668168724356520887e-38 1.369836763716869039e-36 6.402162185596089355e-35 2.723949620942248812e-33 1.055113403848554852e-31 3.720840045903857873e-30 1.194647757599673968e-28 3.492305181905986192e-27 9.295563595953068745e-26 2.252940676234365978e-24 4.972275779111200796e-23 9.993436715800471383e-22 1.829167983459579044e-20 3.049288883605087985e-19 4.629985345986259847e-18 6.403678271617768110e-17 8.068343302240865375e-16 9.261560474671750714e-15 9.686641342359174085e-14 9.232107511982869245e-13 8.019035831316322220e-12 6.348905595894259605e-11 4.582479012169183874e-10 3.015820677249468709e-09 1.810102076430608564e-08 9.910481092650746658e-08 4.951045645527842549e-07 2.257582881820266963e-06 9.399186949270338747e-06 3.574517780037695118e-05 1.242330127055325502e-04 3.948195336243452073e-04 1.148149763236121440e-03 3.057669506468764769e-03 7.464487171318040168e-03 1.672405237223512434e-02 3.443830598849865338e-02 6.529318072391385175e-02 1.142254136085830429e-01 1.848796131460759551e-01 2.777663563101613331e-01 3.889505700680540023e-01 5.101238066845878993e-01 6.303626348894167952e-01 7.389944875166098992e-01 8.283546092712815723e-01 8.952819914702291326e-01 9.409210387193830405e-01 9.692571853629505796e-01 9.852754356702204674e-01 9.935198104762466009e-01 9.973831848089071972e-01 9.990314992172470987e-01 9.996717867844366889e-01 9.998982351264010804e-01 9.999711505448545257e-01 9.999925263571516343e-01 9.999982316190381137e-01 9.999996179749230940e-01 9.999999246767580230e-01 9.999999864494693025e-01 9.999999977763829317e-01 9.999999996672326308e-01 9.999999999545942098e-01 9.999999999943520734e-01 9.999999999993596234e-01 9.999999999999338307e-01 9.999999999999937828e-01 9.999999999999994449e-01 1.000000000000000000e+00 1.000000000000000000e+00 1.000000000000000000e+00 1.000000000000000000e+00 1.000000000000000000e+00 1.000000000000000000e+00 1.000000000000000000e+00 1.000000000000000000e+00 1.000000000000000000e+00 1.000000000000000000e+00 1.000000000000000000e+00 1.000000000000000000e+00 1.000000000000000000e+00 1.000000000000000000e+00
5.413125101489432448e-58 3.653699591230980642e-56 2.300459606725669999e-54 1.351130831665683463e-52 7.402619583911517050e-51 3.783407589686408643e-49 1.803828192989234174e-47 8.022809316975364300e-46 3.328757950025258386e-44 1.288450931815940977e-42 4.652530775634554702e-41 1.567301117622001317e-39 4.925654232388709255e-38 1.444210670993797690e-36 3.950568530602129532e-35 1.008228102968753383e-33 2.400691525166559747e-32 5.333361546312670070e-31 1.105508574627531644e-29 2.138107687610521462e-28 3.858460268070195082e-27 6.497209376261543238e-26 1.020893069241766095e-24 1.496881074722337928e-23 2.048151405636982175e-22 2.615289003345638345e-21 3.116567463672809516e-20 3.466173178868473090e-19 3.597990322711315858e-18 3.485992805216832603e-17 3.152624942543407305e-16 2.661472833898423310e-15 2.097502681786031434e-14 1.543274417001380194e-13 1.060171643765420633e-12 6.800441192762527833e-12 4.073474675310213371e-11 2.278784690840519747e-10 1.190693487710288570e-09 5.811772366086679754e-09 2.650262725411657378e-08 1.129296523406074868e-07 4.497189405467499729e-07 1.674070109248942434e-06 5.826421978482961800e-06 1.896426448870808205e-05 5.774329845225555048e-05 1.645292609363904789e-04 4.388614328575404723e-04 1.096346349911085346e-03 2.566430977564408949e-03 5.632961614682015922e-03 1.160058732176638858e-02 2.243501391582563426e-02 4.078607105008744821e-02 6.978404650667939524e-02 1.125330757282299032e-01 1.713276562252198654e-01 2.467675701603800897e-01 3.370739071803499076e-01 4.379268661398015849e-01 5.430050537055612914e-01 6.451436919317283802e-01 7.377671688834365193e-01 8.161291672019074239e-01 8.779796545708583588e-01 9.235239157076964300e-01 9.548118386322803630e-01 9.748644938115640368e-01 9.868544771722256304e-01 9.935427841369419699e-01 9.970234636507573356e-01 9.987133648865755831e-01 9.994787979245371989e-01 9.998022431538523547e-01 9.999297521901113761e-01 9.999766472153925889e-01 9.999927372525052593e-01 9.999978875293583647e-01 9.999994254930999471e-01 9.999998539452089608e-01 9.999999652971407471e-01 9.999999922951083864e-01 9.999999984017261534e-01 9.999999996902879662e-01 9.999999999439426190e-01 9.999999999905240244e-01 9.999999999985040855e-01 9.999999999997795097e-01 9.999999999999695799e-01 9.999999999999961142e-01 9.999999999999995559e-01 1.000000000000000000e+00 1.000000000000000000e+00 1.000000000000000000e+00 1.000000000000000000e+00 1.000000000000000000e+00 1.000000000000000000e+00 1.000000000000000000e+00 1.000000000000000000e+00
8.808359843762069227e-57 4.888627283238139059e-55 2.543476151886091796e-53 1.240569155555065509e-51 5.672450829120078985e-50 2.431537844737229344e-48 9.771385521232103844e-47 3.681294792655444436e-45 1.300226843108508029e-43 4.305432126380923188e-42 1.336591617128804718e-40 3.890188604734960619e-39 1.061544996933300057e-37 2.715865207250792302e-36 6.514583589592727115e-35 1.465145460945081440e-33 3.089568826063146900e-32 6.108659633592637557e-31 1.132487138276827926e-29 1.968651512160900389e-28 3.208943967804726275e-27 4.904822494084712428e-26 7.030127104765506667e-25 9.449164179200451897e-24 1.191040143907835059e-22 1.407912162267174975e-21 1.560828750603780007e-20 1.622859698614674440e-19 1.582593699531549235e-18 1.447567077897612366e-17 1.241962097743553298e-16 9.995386874662711741e-16 7.546326580572670735e-15 5.344923365891693610e-14 3.551769476108076104e-13 2.214499431728476910e-12 1.295588085010621679e-11 7.113040224389138952e-11 3.665056505342206067e-10 1.772505540379804629e-09 8.046839829514304944e-09 3.429642473743476627e-08 1.372522322348055648e-07 5.158290753310519354e-07 1.820897111886777012e-06 6.038728891218685455e-06 1.881850920008880021e-05 5.512101017575488148e-05 1.517994586807339260e-04 3.931807814456518124e-04 9.581949806873540183e-04 2.198126105468867046e-03 4.749176276653182052e-03 9.669847619463012647e-03 1.856829557985454141e-02 3.365482298134549188e-02 5.763486451437310060e-02 9.337010008052497312e-02 1.432964515072575606e-01 2.086922426187429458e-01 2.889998745064970009e-01 3.814592799258656464e-01 4.812597913126783755e-01 5.822552639740394831e-01 6.780757845915423854e-01 7.633077641291936555e-01 8.343855576937606600e-01 8.899570980922199004e-01 9.306911700451880876e-01 9.586841934120646780e-01 9.767196861071298919e-01 9.876138025273433207e-01 9.937831797114137222e-01 9.970586630699220798e-01 9.986890610560257286e-01 9.994499046002498499e-01 9.997827785957493774e-01 9.999193143471860612e-01 9.999718185516652813e-01 9.999907473082095821e-01 9.999971450906386394e-01 9.999991723777146291e-01 9.999997746299473800e-01 9.999999423627106143e-01 9.999999861585234795e-01 9.999999968791789540e-01 9.999999993394499409e-01 9.999999998687674196e-01 9.999999999755302404e-01 9.999999999957180918e-01 9.999999999992968958e-01 9.999999999998916422e-01 9.999999999999843459e-01 9.999999999999978906e-01 9.999999999999997780e-01 1.000000000000000000e+00 1.000000000000000000e+00 1.000000000000000000e+00 1.000000000000000000e+00 1.000000000000000000e+00
7.882357044342268662e-56 3.802310601070425797e-54 1.725293011070074986e-52 7.363858238793805916e-51 2.956507105276564986e-49 1.116573289833182706e-47 3.966745913420371503e-46 1.325637003951748688e-44 4.167373320726627016e-43 1.232402155593562670e-41 3.428464816365457752e-40 8.972415387580391577e-39 2.208955581580763970e-37 5.116092079087422768e-36 1.114729858376985399e-34 2.285005988348518251e-33 4.406546733061300585e-32 7.994845372982281138e-31 1.364677972161001260e-29 2.191628725538226791e-28 3.311534419924878387e-27 4.707891277690688654e-26 6.297503863892640246e-25 7.926218072090588166e-24 9.387081445672167558e-23 1.046102903885365976e-21 1.097010126834576140e-20 1.082563582306953218e-19 1.005351572199827255e-18 8.786596853923938191e-18 7.227354721301016301e-17 5.595168547690155537e-16 4.077020877569006764e-15 2.796348451573926969e-14 1.805439240615890658e-13 1.097348579419105137e-12 6.279222923395171514e-12 3.382976940127214926e-11 1.716166792497710633e-10 8.198348638468059091e-10 3.688441811124342488e-09 1.562993176754596548e-08 6.239102399276663014e-08 2.346375306430929326e-07 8.314759935673515103e-07 2.776857181097517252e-06 8.741645509218300822e-06 2.594561361672317437e-05 7.262297543166237326e-05 1.917550843228384757e-04 4.777754421213871341e-04 1.123743942281952733e-03 2.496118516621950809e-03 5.238838797479883347e-03 1.039514219387797922e-02 1.951407493581458832e-02 3.468453081055289378e-02 5.842573475483626988e-02 9.337650117796822413e-02 1.417782269641729431e-01 2.048326330232738135e-01 2.821043747037434435e-01 3.711836761975285670e-01 4.677851747025412177e-01 5.663318440075008064e-01 6.609013414489369742e-01 7.462725089381628818e-01 8.187698841801290817e-01 8.766839602520032360e-01 9.202047311853494005e-01 9.509699060698882933e-01 9.714283344874972137e-01 9.842261216822740799e-01 9.917570211109258960e-01 9.959257890926430656e-01 9.980965751925456875e-01 9.991599203095928861e-01 9.996499007874870557e-01 9.998622888092836281e-01 9.999488906865865445e-01 9.999821084150575246e-01 9.999940939423497266e-01 9.999981620099585022e-01 9.999994608693969500e-01 9.999998509714702610e-01 9.999999611851679848e-01 9.999999904760981106e-01 9.999999977987781286e-01 9.999999995208261883e-01 9.999999999017672447e-01 9.999999999810367246e-01 9.999999999965532016e-01 9.999999999994101385e-01 9.999999999999049649e-01 9.999999999999855671e-01 9.999999999999980016e-01 9.999999999999997780e-01 1.000000000000000000e+00 1.000000000000000000e+00 1.000000000000000000e+00
1.056458214686999841e-66 1.002333629014794937e-64 8.864055990278498917e-63 7.306614227645325494e-61 5.613927592757415390e-59 4.020573313719942167e-57 2.684006114303834336e-55 1.670157111846835970e-53 9.687542955408303832e-52 5.237895558985582043e-50 2.639924636589699676e-48 1.240288145090440241e-46 5.431942419720340964e-45 2.217658346481368870e-43 8.440083775919151000e-42 2.994453399305160810e-40 9.904064110308735538e-39 3.053804207835726452e-37 8.778250854706064022e-36 2.352455795596923106e-34 5.877460993384024520e-33 1.369056827454334258e-31 2.973211699439202051e-30 6.020223945044139276e-29 1.136560102344252026e-27 2.000674034676943304e-26 3.283798197345266993e-25 5.025805584305272456e-24 7.172620937862443023e-23 9.545704332120341140e-22 1.184710085722220776e-20 1.371221459321889012e-19 1.480176003800020014e-18 1.490217938825485520e-17 1.399391027474905406e-16 1.225759966388870314e-15 1.001555975298801010e-14 7.634442808313939257e-14 5.429295411348491357e-13 3.602536972451856377e-12 2.230543460383979142e-11 1.288821262419702570e-10 6.950268589080629647e-10 3.498564010443109322e-09 1.644053537657052166e-08 7.213492488596340802e-08 2.955646366591728614e-07 1.131149154341625397e-06 4.044288689724244849e-06 1.351221865923396576e-05 4.219841559930202762e-05 1.232229196140930262e-04 3.365698824482550892e-04 8.602720457305954504e-04 2.058697874768732235e-03 4.615327626576852700e-03 9.699910393035778358e-03 1.912693084475190416e-02 3.542086599782597045e-02 6.167578014981800472e-02 1.011150531907143574e-01 1.563458602807062947e-01 2.284513766807824975e-01 3.162101498854313908e-01 4.157845719633695980e-01 5.211117393251272212e-01 6.249765526920953995e-01 7.204608372259048155e-01 8.022942488748581180e-01 8.676772011745186308e-01 9.163776790438997732e-01 9.501947799641997650e-01 9.720861791870309965e-01 9.852974355837161857e-01 9.927301516951765326e-01 9.966285219304078513e-01 9.985346406184912871e-01 9.994034954962300876e-01 9.997727059977438158e-01 9.999189672605361956e-01 9.999729819601487213e-01 9.999915780148529443e-01 9.999975463696195721e-01 9.999993320844562383e-01 9.999998301561701108e-01 9.999999596629538523e-01 9.999999910544878912e-01 9.999999981478218114e-01 9.999999996420073645e-01 9.999999999354163283e-01 9.999999999891262537e-01 9.999999999982915888e-01 9.999999999997495337e-01 9.999999999999658051e-01 9.999999999999955591e-01 9.999999999999995559e-01 1.000000000000000000e+00 1.000000000000000000e+00 1.000000000000000000e+00 1.000000000000000000e+00
1.203555311256561293e-76 2.130586787673857933e-74 3.485647256801025611e-72 5.270136087576565172e-70 7.364066858847543449e-68 9.509870001095308682e-66 1.135000457450280052e-63 1.251946889582750919e-61 1.276286547500363852e-59 1.202505588578603622e-57 1.047145587546314922e-55 8.427771297675223662e-54 6.269155414296756172e-52 4.310236762738233811e-50 2.739015415368430790e-48 1.608773327501450199e-46 8.733903174830368264e-45 4.382697388065524196e-43 2.032829903721524912e-41 8.715540083345620012e-40 3.454052958285232743e-38 1.265357685453401840e-36 4.285050900421219856e-35 1.341424818155994213e-33 3.881989019761472156e-32 1.038557403563706648e-30 2.568658209007178802e-29 5.873458933327408478e-28 1.241670738384496849e-26 2.426933790667987789e-25 4.385948714320951266e-24 7.328914852346513945e-23 1.132410808823400745e-21 1.617989539202686390e-20 2.137841952759220842e-19 2.612319543761415910e-18 2.952245705562984325e-17 3.085895118923972330e-16 2.983608424586170933e-15 2.668498299863182355e-14 2.207965091595585857e-13 1.690273930812909438e-12 1.197306388677332678e-11 7.848476741679205312e-11 4.761583974017711480e-10 2.674016408109230317e-09 1.390244617263297855e-08 6.692826107827108135e-08 2.984047618873033660e-07 1.232475836025244829e-06 4.716719657313627216e-06 1.673091834574759904e-05 5.502579721707658326e-05 1.678618990966920061e-04 4.752016215800839187e-04 1.249047042264139545e-03 3.050223178555632863e-03 6.925707861633785718e-03 1.463412211978265369e-02 2.880753480334601740e-02 5.289855778002400255e-02 9.075226350140697118e-02 1.457360578865750100e-01 2.195663893051585103e-01 3.112114911822647656e-01 4.163733885435864090e-01 5.279267157453161330e-01 6.373177450236178210e-01 7.364821750228855990e-01 8.195829332278492529e-01 8.839596157271454313e-01 9.300623076635776698e-01 9.605832171159738309e-01 9.792616924161595682e-01 9.898288279841789272e-01 9.953552500219899901e-01 9.980270294844054701e-01 9.992210882773444602e-01 9.997143960875043422e-01 9.999027939460924941e-01 9.999693056422976900e-01 9.999910117756265482e-01 9.999975600591706204e-01 9.999993861868496925e-01 9.999998569380601499e-01 9.999999691156991055e-01 9.999999938257422283e-01 9.999999988571648402e-01 9.999999998041777527e-01 9.999999999689432872e-01 9.999999999954416463e-01 9.999999999993809396e-01 9.999999999999221734e-01 9.999999999999908962e-01 9.999999999999990008e-01 9.999999999999998890e-01 1.000000000000000000e+00 1.000000000000000000e+00 1.000000000000000000e+00 1.000000000000000000e+00
8.102135399121214496e-84 2.294586452638547125e-81 5.965052160287219479e-79 1.423416779252574989e-76 3.117892953992671649e-74 6.269097572951781517e-72 1.157090046613244033e-69 1.960430059124773520e-67 3.049029102791211288e-65 4.353133277088574764e-63 5.705279241419070318e-61 6.864216836765377570e-59 7.581394131009556134e-57 7.686988925154938593e-55 7.155136556500729583e-53 6.114202001881593628e-51 4.796537503755358438e-49 3.454526145287428535e-47 2.284170156069631047e-45 1.386611868398672905e-43 7.728148693263286987e-42 3.954560348708281725e-40 1.857940208804380516e-38 8.014662174246542342e-37 3.174449772148065464e-35 1.154494616714243449e-33 3.855376320183483123e-32 1.182238373627161653e-30 3.329044685271982356e-29 8.608437838362398730e-28 2.044250639704290500e-26 4.458257082310006693e-25 8.929654358672845056e-24 1.642712697994680488e-22 2.775661241747396340e-21 4.307957783201689757e-20 6.141872529408583726e-19 8.044166258582412823e-18 9.679238207065490242e-17 1.070072212348304461e-15 1.087005778490953203e-14 1.014696644712833577e-13 8.705006835077674353e-13 6.864014822323439337e-12 4.975270201466682848e-11 3.315461328250787706e-10 2.031547039476108600e-09 1.144829238561231150e-08 5.934316342121602454e-08 2.830177955104838851e-07 1.242168673870472376e-06 5.018781152913696500e-06 1.867297060999696730e-05 6.400237522643472310e-05 2.021829983002836897e-04 5.889680068573485000e-04 1.583112794781515792e-03 3.929443268200596626e-03 9.014433348094793089e-03 1.913381823696997872e-02 3.762576827498312348e-02 6.865544428156238055e-02 1.164676591841571907e-01 1.841177761674452906e-01 2.720133680292817768e-01 3.768794610007540902e-01 4.917670017857800890e-01 6.073465095449653850e-01 7.141188648798599825e-01 8.046935222275044541e-01 8.752479208810908240e-01 9.257152636907544085e-01 9.588638470259396307e-01 9.788572512894619937e-01 9.899304891567783926e-01 9.955620308387114203e-01 9.981919553109035448e-01 9.993197262138333592e-01 9.997638032332542002e-01 9.999243692106576376e-01 9.999776786878926682e-01 9.999939307583387560e-01 9.999984802608763435e-01 9.999996496727641127e-01 9.999999256776586076e-01 9.999999854924980225e-01 9.999999973950766119e-01 9.999999995698305444e-01 9.999999999346794732e-01 9.999999999908808501e-01 9.999999999988296029e-01 9.999999999998618883e-01 9.999999999999850120e-01 9.999999999999984457e-01 9.999999999999998890e-01 1.000000000000000000e+00 1.000000000000000000e+00 1.000000000000000000e+00 1.000000000000000000e+00 1.000000000000000000e+00
1.107933036855602911e-117 3.270549083859753499e-114 8.549943042639418057e-111 1.979449034853627361e-107 4.058516258638047761e-104 7.369458676019671467e-101 1.185094154573176364e-97 1.687807501428615931e-94 2.128873073130663976e-91 2.378141218151858029e-88 2.352832238122378627e-85 2.061647468227212313e-82 1.599973872699963878e-79 1.099744025538170122e-76 6.695084283476962736e-74 3.610039855658790271e-71 1.724112438157312348e-68 7.293287026007883019e-66 2.732700530369829232e-63 9.069411297197066858e-61 2.666197020356637964e-58 6.942881057797777897e-56 1.601512590681564254e-53 3.272453792798388188e-51 5.923511699924319019e-49 9.498570884035835849e-47 1.349342094212690828e-44 1.698177123409675241e-42 1.893451891562360911e-40 1.870467674738895019e-38 1.637141337038791171e-36 1.269634774995428271e-34 8.724611939973474316e-33 5.312606404156073783e-31 2.866715653689739621e-29 1.370882386849762081e-27 5.810047239161043146e-26 2.182482193102234770e-24 7.266808871591791517e-23 2.144826802456365206e-21 5.612200167987896618e-20 1.301989464137710722e-18 2.678309163934939226e-17 4.885889571298763316e-16 7.905205170258831381e-15 1.134574754007063368e-13 1.444693441497836745e-12 1.632385431122166166e-11 1.637070381177354653e-10 1.457526190427325451e-09 1.152371925610148289e-08 8.093541667827377227e-08 5.051496624346519775e-07 2.803055144908895808e-06 1.383576557720632422e-05 6.078665856975685804e-05 2.378893149586456428e-04 8.300415894016409954e-04 2.585036424228743038e-03 7.195651241288496085e-03 1.793278193694822914e-02 4.009785855075928551e-02 8.065864431651072197e-02 1.464552410400416504e-01 2.410710139462065582e-01 3.616826012360162546e-01 4.979780891902227391e-01 6.345123596739423721e-01 7.557589768619051851e-01 8.512064807306485292e-01 9.178142604674264238e-01 9.590191219113658461e-01 9.816151448491090559e-01 9.925994301006455522e-01 9.973327225540667973e-01 9.991407350769337947e-01 9.997529166684677726e-01 9.999366523090253978e-01 9.999855326096851460e-01 9.999970590216140653e-01 9.999994681848184408e-01 9.999999145000446621e-01 9.999999877844847340e-01 9.999999984496427130e-01 9.999999998252637745e-01 9.999999999825159858e-01 9.999999999984472421e-01 9.999999999998776534e-01 9.999999999999914513e-01 9.999999999999994449e-01 1.000000000000000000e+00 1.000000000000000000e+00 1.000000000000000000e+00 1.000000000000000000e+00 1.000000000000000000e+00 1.000000000000000000e+00 1.000000000000000000e+00 1.000000000000000000e+00 1.000000000000000000e+00 1.000000000000000000e+00
1.069375429521733574e-133 1.043943063790311395e-129 8.849687567793818204e-126 6.514586346928323984e-122 4.164443317750419610e-118 2.311755287843442130e-114 1.114410832331209779e-110 4.665211168864527080e-107 1.695992638213434739e-103 5.354361219951746028e-100 1.468003267222151311e-96 3.495319510116840036e-93 7.227570892004168035e-90 1.297922797884206513e-86 2.024240412447101432e-83 2.741814621738370650e-80 3.225397502944848368e-77 3.295371182967643076e-74 2.924210031587244780e-71 2.253738665928720119e-68 1.508681091186202238e-65 8.772005497774643128e-63 4.430136763176404686e-60 1.943399220783026414e-57 7.405324856779608796e-55 2.451177172739936532e-52 7.048000246401379526e-50 1.760478641709077214e-47 3.820175127934669640e-45 7.201758675065434232e-43 1.179540800323751277e-40 1.678510882786468748e-38 2.075349867257275704e-36 2.229642807165480232e-34 2.081511382294121515e-32 1.688677104130053631e-30 1.190600136634906500e-28 7.295692917737073393e-27 3.885807618129289288e-25 1.799063223159352253e-23 7.241059096166704102e-22 2.533920152067209698e-20 7.710254452366645269e-19 2.040258478951520802e-17 4.695750741671201922e-16 9.401540090409198033e-15 1.637749034207043927e-13 2.482799066389936128e-12 3.276321438168325443e-11 3.764462318086167975e-10 3.767306793386457846e-09 3.284989934088619004e-08 2.496917263780272264e-07 1.655269190455643267e-06 9.576321084252582624e-06 4.838610789984690156e-05 2.137129178831785245e-04 8.260653921308389351e-04 2.798158851916963865e-03 8.320611928485517964e-03 2.176759173390721905e-02 5.023934204031464679e-02 1.026606180253712280e-01 1.865894266766358611e-01 3.034395816471548435e-01 4.449099992706437301e-01 5.938536625271739755e-01 7.302174339455442809e-01 8.387838884503837633e-01 9.139478513475680632e-01 9.591998054739826474e-01 9.828902708894651230e-01 9.936750698049552355e-01 9.979442558302076272e-01 9.994137364067128271e-01 9.998535396514720563e-01 9.999679901935294435e-01 9.999938860466797141e-01 9.999989803264681676e-01 9.999998516151491490e-01 9.999999811700712726e-01 9.999999979173264109e-01 9.999999997993112011e-01 9.999999999831579167e-01 9.999999999987694288e-01 9.999999999999217293e-01 9.999999999999956701e-01 9.999999999999997780e-01 1.000000000000000000e+00 1.000000000000000000e+00 1.000000000000000000e+00 1.000000000000000000e+00 1.000000000000000000e+00 1.000000000000000000e+00 1.000000000000000000e+00 1.000000000000000000e+00 1.000000000000000000e+00 1.000000000000000000e+00 1.000000000000000000e+00 1.000000000000000000e+00
3.974125885974096975e-156 2.130910113027236040e-151 9.643755919783630259e-147 3.683734036943691731e-142 1.187667507918720697e-137 3.231988341486322474e-133 7.423640565376627548e-129 1.439264014259632864e-124 2.355291863403949562e-120 3.253376421302197188e-116 3.793272532754847614e-112 3.733266734608966867e-108 3.101448795778359239e-104 2.174936160971530113e-100 1.287480700056555457e-96 6.433593563355733750e-93 2.713888139308914066e-89 9.664132011318464717e-86 2.905186130987391995e-82 7.372815442805603922e-79 1.579609282280772136e-75 2.857143816211609967e-72 4.363052689192871561e-69 5.625164814035826917e-66 6.123190021366670959e-63 5.627687701585855504e-60 4.367219129435863310e-57 2.861651152700588430e-54 1.583361843548723022e-51 7.397955527817093116e-49 2.918965344369221127e-46 9.726373973649848895e-44 2.737149901083332878e-41 6.505706289077313340e-39 1.306060599155814036e-36 2.214788816029265705e-34 3.172716091585376847e-32 3.839660221596230773e-30 3.926027228674671533e-28 3.391977108217864140e-26 2.476488299469958563e-24 1.528105276068045545e-22 7.970026728751370838e-21 3.514136875819559989e-19 1.310089736086112165e-17 4.130357319394530240e-16 1.101464690603084141e-14 2.485167738377672566e-13 4.745316362908089373e-12 7.670804931601653753e-11 1.050144646433985386e-09 1.218107273579180239e-08 1.197795987190222100e-07 9.991252573766341801e-07 7.075125051312041597e-06 4.257332135534622382e-05 2.179410574207677452e-04 9.505480739456971745e-04 3.538712775786181236e-03 1.127142493514823526e-02 3.081069983748173022e-02 7.256843976153434794e-02 1.480481583573643178e-01 2.634462072722335013e-01 4.126737382370530560e-01 5.758985774442788586e-01 7.269107431879227033e-01 8.450854792008033467e-01 9.233058833433953616e-01 9.670975015793770169e-01 9.878336211371395725e-01 9.961381867062746309e-01 9.989510211766781111e-01 9.997567554721502603e-01 9.999519377757416505e-01 9.999919201500462318e-01 9.999988456843100781e-01 9.999998599930564058e-01 9.999999855942399707e-01 9.999999987433861870e-01 9.999999999071224055e-01 9.999999999941862061e-01 9.999999999996919131e-01 9.999999999999862332e-01 9.999999999999995559e-01 1.000000000000000000e+00 1.000000000000000000e+00 1.000000000000000000e+00 1.000000000000000000e+00 1.000000000000000000e+00 1.000000000000000000e+00 1.000000000000000000e+00 1.000000000000000000e+00 1.000000000000000000e+00 1.000000000000000000e+00 1.000000000000000000e+00 1.000000000000000000e+00 1.000000000000000000e+00 1.000000000000000000e+00 1.000000000000000000e+00
5.353308462028726213e-179 1.699684870171617498e-173 4.418650702511519804e-168 9.405667292251882773e-163 1.639351039650688110e-157 2.339594720593660630e-152 2.734007775810333601e-147 2.616095708175955180e-142 2.049778055970441039e-137 1.315116363100208210e-132 6.909247010136969686e-128 2.972431121716742909e-123 1.047160068165832656e-118 3.020928970837432138e-114 7.136749474821817359e-110 1.380700853218824215e-105 2.187484864769081153e-101 2.838209213662376375e-97 3.015821860832720398e-93 2.624444932903520344e-89 1.870461979592306088e-85 1.091816636596132968e-81 5.219758072079988139e-78 2.043911423669682733e-74 6.555363786233886498e-71 1.722136024200480745e-67 3.705850686697473552e-64 6.532405991280094646e-61 9.432773063524056524e-58 1.115845558474266755e-54 1.081399800206731105e-51 8.586311554280216952e-49 5.585829690285338051e-46 2.977515567186778996e-43 1.300566783800196223e-40 4.655358813682122084e-38 1.365677568306234983e-35 3.283626589359946354e-33 6.471573685364855970e-31 1.045589140880123795e-28 1.385022807621271009e-26 1.504364833147327085e-24 1.340023795339861440e-22 9.790522349589161041e-21 5.868320803450614245e-19 2.886214334828981389e-17 1.165080447227060348e-15 3.861163925404038043e-14 1.050891799045412982e-12 2.349861049876601017e-11 4.318849260117867285e-10 6.527856723977519591e-09 8.119559307761345747e-08 8.317574860309875000e-07 7.024001336246275445e-06 4.895748500091825052e-05 2.820706613322223710e-04 1.345981097622142358e-03 5.332669242625112660e-03 1.759919681665273947e-02 4.859212063778661078e-02 1.128993778452148100e-01 2.224800990425341851e-01 3.758358618215956737e-01 5.521014143511077110e-01 7.184963902760491683e-01 8.475044143767953564e-01 9.296510300679798888e-01 9.726092462371143110e-01 9.910580541362404849e-01 9.975643353308265571e-01 9.994484711083786443e-01 9.998964677150319336e-01 9.999839228181349737e-01 9.999979382086587876e-01 9.999997819249775155e-01 9.999999809965047781e-01 9.999999986368164340e-01 9.999999999195616773e-01 9.999999999960977881e-01 9.999999999998444578e-01 9.999999999999948930e-01 9.999999999999998890e-01 1.000000000000000000e+00 1.000000000000000000e+00 1.000000000000000000e+00 1.000000000000000000e+00 1.000000000000000000e+00 1.000000000000000000e+00 1.000000000000000000e+00 1.000000000000000000e+00 1.000000000000000000e+00 1.000000000000000000e+00 1.000000000000000000e+00 1.000000000000000000e+00 1.000000000000000000e+00 1.000000000000000000e+00 1.000000000000000000e+00 1.000000000000000000e+00 1.000000000000000000e+00
1.913767644645299402e-185 1.268285346418665545e-179 6.772040267371276132e-174 2.913403721599306993e-168 1.009867449197293049e-162 2.820426772318834295e-157 6.346823769996516377e-152 1.150784082843450734e-146 1.681248609694786051e-141 1.979137072275759467e-136 1.877288850165593412e-131 1.434839675507423823e-126 8.836876713156817693e-122 4.385547426474394408e-117 1.753821014325113866e-112 5.651847506593963503e-108 1.467732917972742761e-103 3.071590301796611633e-99 5.180217036783641812e-95 7.040611623081769774e-91 7.711885548871793837e-87 6.807837960861566457e-83 4.843594222054030907e-79 2.777464433071240364e-75 1.283703434542693034e-71 4.782231517182532680e-68 1.436023586690040365e-64 3.475955977114342518e-61 6.782451663958440892e-58 1.066887113204644812e-54 1.352978390360077474e-51 1.383334234867261255e-48 1.140388130308704244e-45 7.580457753510077976e-43 4.063366710270768415e-40 1.756540916789270128e-37 6.124203536209840508e-35 1.722271477481169966e-32 3.907154244848681005e-30 7.151188980878370450e-28 1.056119071304031500e-25 1.258722755875369543e-23 1.210888770091367534e-21 9.404163114843552102e-20 5.897594273304082268e-18 2.987310487184023571e-16 1.222549184388466768e-14 4.043750691125379249e-13 1.081465775545153362e-11 2.339715804462171290e-10 4.097213195610085845e-09 5.811592672777679498e-08 6.682773107782149965e-07 6.236415655482815401e-06 4.729420846008636946e-05 2.919496894919175055e-04 1.470203331702026094e-03 6.056839258347350083e-03 2.049008964793506277e-02 5.720868199593386050e-02 1.327338355401505021e-01 2.583386014337947234e-01 4.272456119144845688e-01 6.109108653027209845e-01 7.724014285795777202e-01 8.872176988992872548e-01 9.532237193185146840e-01 9.839045997793299803e-01 9.954346081723207673e-01 9.989375743859281176e-01 9.997978706549233152e-01 9.999686448079019296e-01 9.999960422665820081e-01 9.999995941695167812e-01 9.999999662360400388e-01 9.999999977231655013e-01 9.999999998756571307e-01 9.999999999945041740e-01 9.999999999998034905e-01 9.999999999999943379e-01 9.999999999999998890e-01 1.000000000000000000e+00 1.000000000000000000e+00 1.000000000000000000e+00 1.000000000000000000e+00 1.000000000000000000e+00 1.000000000000000000e+00 1.000000000000000000e+00 1.000000000000000000e+00 1.000000000000000000e+00 1.000000000000000000e+00 1.000000000000000000e+00 1.000000000000000000e+00 1.000000000000000000e+00 1.000000000000000000e+00 1.000000000000000000e+00 1.000000000000000000e+00 1.000000000000000000e+00 1.000000000000000000e+00 1.000000000000000000e+00
7.987293423735554213e-214 5.103076452467877645e-207 2.524471771222120488e-200 9.669831727526020294e-194 2.868014984693975501e-187 6.586616541508501548e-181 1.171295309943696871e-174 1.612866158369800323e-168 1.719741865074813056e-162 1.419928905212389984e-156 9.078498759786239168e-151 4.494812809251941034e-145 1.723319099287784063e-139 5.116619073958696740e-134 1.176443167876939832e-128 2.094772875024851741e-123 2.888611831120983640e-118 3.084866312511471880e-113 2.551453586054461925e-108 1.634379988037681154e-103 8.108546421528647866e-99 3.115795264831632758e-94 9.273483649200000945e-90 2.137854146907981986e-85 3.817582924077717726e-81 5.280673613613640205e-77 5.658444224416462096e-73 4.697095818257195280e-69 3.020687451257623579e-65 1.505037026092748348e-61 5.810005424691259709e-58 1.737876609154332095e-54 4.028115277677034937e-51 7.235284998201680910e-48 1.007194978716184838e-44 1.086707157604120502e-41 9.088527915409640239e-39 5.892536243085386999e-36 2.962032010296370584e-33 1.154551638376268863e-30 3.490099594965278182e-28 8.183450969611381519e-26 1.488651189170625319e-23 2.101372266289000371e-21 2.302380201394919157e-19 1.958588502885128675e-17 1.294050377645600773e-15 6.643199563857090068e-14 2.651129477195147043e-12 8.229303864600775709e-11 1.988280773435551159e-09 3.742371813683321707e-08 5.493283880464145850e-07 6.296692741255774332e-06 5.645818818695817070e-05 3.968550323210612947e-04 2.193245629777643580e-03 9.567141006997336231e-03 3.311475208297152278e-02 9.162249124097208985e-02 2.047446628848140493e-01 3.749560133460067002e-01 5.742801963231252138e-01 7.559453661403005009e-01 8.848053142892990941e-01 9.559394915591346020e-01 9.864969975952314618e-01 9.967108269534148413e-01 9.993668407828530942e-01 9.999040862492480919e-01 9.999886018789667652e-01 9.999989399061784967e-01 9.999999229761387110e-01 9.999999956342391361e-01 9.999999998071766871e-01 9.999999999933697481e-01 9.999999999998225864e-01 9.999999999999963363e-01 1.000000000000000000e+00 1.000000000000000000e+00 1.000000000000000000e+00 1.000000000000000000e+00 1.000000000000000000e+00 1.000000000000000000e+00 1.000000000000000000e+00 1.000000000000000000e+00 1.000000000000000000e+00 1.000000000000000000e+00 1.000000000000000000e+00 1.000000000000000000e+00 1.000000000000000000e+00 1.000000000000000000e+00 1.000000000000000000e+00 1.000000000000000000e+00 1.000000000000000000e+00 1.000000000000000000e+00 1.000000000000000000e+00 1.000000000000000000e+00 1.000000000000000000e+00 1.000000000000000000e+00
2.012718206161814416e-261 6.363139925282054329e-253 1.452043304425140235e-244 2.391726201870845735e-236 2.843620081854481580e-228 2.440419903925099655e-220 1.511803433258846816e-212 6.760348092205660301e-205 2.182183272500552739e-197 5.084726557101690605e-190 8.552721309222453053e-183 1.038503255295222636e-175 9.103011817514755325e-169 5.760276882575752371e-162 2.631421317505088803e-155 8.678296096838148126e-149 2.066257297649761570e-142 3.551809043325695503e-136 4.407985407934220344e-130 3.949724363519382428e-124 2.555295201290900966e-118 1.193645660020076040e-112 4.026087097767063971e-107 9.805702007304223888e-102 1.724556914033121586e-96 2.190264149424887483e-91 2.008879115824403902e-86 1.330666620563448407e-81 6.365967860175028525e-77 2.199697152456193732e-72 5.490228235632806479e-68 9.898633948053295239e-64 1.289284167292571314e-59 1.213235103762319978e-55 8.249019875682683944e-52 4.052874874481941713e-48 1.439046504416126543e-44 3.693093324443260541e-41 6.851241025011735519e-38 9.189231981715228834e-35 8.912445680534688663e-32 6.251869952383187761e-29 3.172627437112378888e-26 1.165040038476023518e-23 3.096784653990276190e-21 5.960584840686190894e-19 8.311186724641499709e-17 8.399603214072599804e-15 6.156698578301941220e-13 3.275383022177996694e-11 1.265934321304813933e-09 3.558839899538686558e-08 7.287974071791374414e-07 1.089308557375666048e-05 1.191390387382429184e-04 9.567847926624299627e-04 5.668804382724215545e-03 2.494501340106831250e-02 8.231088549769448315e-02 2.065408287488285644e-01 4.023492104858554241e-01 6.270084299098087621e-01 8.146470660273652520e-01 9.287253539903879140e-01 9.792037727141795767e-01 9.954568046175701346e-01 9.992636197778732576e-01 9.999120082391366182e-01 9.999922836859491682e-01 9.999995050422441079e-01 9.999999768343157402e-01 9.999999992103660862e-01 9.999999999804261019e-01 9.999999999996476152e-01 9.999999999999953371e-01 1.000000000000000000e+00 1.000000000000000000e+00 1.000000000000000000e+00 1.000000000000000000e+00 1.000000000000000000e+00 1.000000000000000000e+00 1.000000000000000000e+00 1.000000000000000000e+00 1.000000000000000000e+00 1.000000000000000000e+00 1.000000000000000000e+00 1.000000000000000000e+00 1.000000000000000000e+00 1.000000000000000000e+00 1.000000000000000000e+00 1.000000000000000000e+00 1.000000000000000000e+00 1.000000000000000000e+00 1.000000000000000000e+00 1.000000000000000000e+00 1.000000000000000000e+00 1.000000000000000000e+00 1.000000000000000000e+00 1.000000000000000000e+00 1.000000000000000000e+00
0.000000000000000000e+00 0.000000000000000000e+00 4.345060322350842733e-319 3.612723685007135520e-308 1.933336231383010125e-297 6.659134168302693035e-287 1.476287878757753471e-276 2.106554645579274910e-266 1.934766589166901392e-256 1.143785872716343805e-246 4.352388631476455032e-237 1.066066464271385460e-227 1.680822621107426628e-218 1.705879109835567945e-209 1.114478412492634356e-200 4.687064610026586543e-192 1.268952931001355010e-183 2.211645187818248809e-175 2.481541560518961896e-167 1.792566922087634251e-159 8.336607582260959823e-152 2.496185582286661344e-144 4.812295986276490742e-137 5.973533669895433207e-130 4.774530590563623581e-123 2.457359553804276578e-116 8.144515706101295457e-110 1.738369166574587367e-103 2.389585595327469336e-97 2.115596841601552902e-91 1.206428005899290474e-85 4.431588475862906673e-80 1.048676588701668896e-74 1.598770914980906034e-69 1.570493459843256002e-64 9.941203347747472624e-60 4.055535623504731218e-55 1.066409980296962975e-50 1.807736530196078031e-46 1.975871348722463642e-42 1.392783566914456813e-38 6.333041416844439995e-35 1.858075199654316565e-31 3.518640470843129892e-28 4.302392169628048338e-25 3.398301558468648782e-22 1.734851917182759962e-19 5.727859154952043821e-17 1.224041512256557397e-14 1.694736236955672703e-12 1.522126694143749838e-10 8.882522533592075186e-09 3.374949977719594192e-07 8.372587976465871193e-06 1.361384484584119293e-04 1.458748530516352799e-03 1.038173830154580715e-02 4.965416015062120575e-02 1.625148705506679336e-01 3.744338491395283741e-01 6.345426215438207951e-01 8.432609259449288519e-01 9.527370867205950944e-01 9.902552672423843294e-01 9.986504378008497218e-01 9.998759035786307647e-01 9.999924819614525173e-01 9.999997015244428411e-01 9.999999922638642680e-01 9.999999998694587555e-01 9.999999999985689225e-01 9.999999999999897859e-01 1.000000000000000000e+00 1.000000000000000000e+00 1.000000000000000000e+00 1.000000000000000000e+00 1.000000000000000000e+00 1.000000000000000000e+00 1.000000000000000000e+00 1.000000000000000000e+00 1.000000000000000000e+00 1.000000000000000000e+00 1.000000000000000000e+00 1.000000000000000000e+00 1.000000000000000000e+00 1.000000000000000000e+00 1.000000000000000000e+00 1.000000000000000000e+00 1.000000000000000000e+00 1.000000000000000000e+00 1.000000000000000000e+00 1.000000000000000000e+00 1.000000000000000000e+00 1.000000000000000000e+00 1.000000000000000000e+00 1.000000000000000000e+00 1.000000000000000000e+00 1.000000000000000000e+00 1.000000000000000000e+00 1.000000000000000000e+00
0.000000000000000000e+00 0.000000000000000000e+00 0.000000000000000000e+00 0.000000000000000000e+00 1.482196937523739633e-323 6.412288662693075882e-312 1.717696960414240789e-300 2.806573567475140779e-289 2.797105124142406388e-278 1.700395927804426193e-267 6.305318916474731290e-257 1.426221701185213828e-246 1.967875911195569321e-236 1.656331524930208546e-226 8.504415273133835621e-217 2.663781603530474480e-207 5.090022640454360702e-198 5.933602320268343936e-189 4.219939580509760012e-180 1.831029770817008498e-171 4.847292054177796533e-163 7.829460567030679617e-155 7.716294065476141456e-147 4.640306211907653501e-139 1.702799537830008656e-131 3.813107582938939085e-124 5.210922780817628786e-117 4.346039008204005093e-110 2.212287580996779773e-103 6.873637113364131731e-97 1.303645756755082660e-90 1.509366544853075105e-84 1.066915009905520724e-78 4.604760153651015989e-73 1.213593654712524007e-67 1.953355904372902440e-62 1.920395217649345148e-57 1.153368711833873702e-52 4.232436159245635521e-48 9.491715958132861698e-44 1.301162846027886703e-39 1.090605385255893605e-35 5.590988226108575259e-32 1.753695997994023999e-28 3.367088292959506018e-25 3.959281969721456522e-22 2.853089553514250625e-19 1.260924247600515385e-16 3.421029513553066185e-14 5.704906632324600155e-12 5.856585471571516420e-10 3.708821877378247532e-08 1.452838594775378102e-06 3.533707520523193856e-05 5.365363220800818981e-04 5.125282822116571102e-03 3.116872077922890408e-02 1.229194571082973669e-01 3.237839856496600999e-01 5.972474623725361198e-01 8.288425181529351926e-01 9.508318613993866908e-01 9.907721326333573941e-01 9.988922723425590622e-01 9.999160866854656105e-01 9.999960238199185891e-01 9.999998828494567338e-01 9.999999978627793773e-01 9.999999999759303648e-01 9.999999999998330225e-01 9.999999999999993339e-01 1.000000000000000000e+00 1.000000000000000000e+00 1.000000000000000000e+00 1.000000000000000000e+00 1.000000000000000000e+00 1.000000000000000000e+00 1.000000000000000000e+00 1.000000000000000000e+00 1.000000000000000000e+00 1.000000000000000000e+00 1.000000000000000000e+00 1.000000000000000000e+00 1.000000000000000000e+00 1.000000000000000000e+00 1.000000000000000000e+00 1.000000000000000000e+00 1.000000000000000000e+00 1.000000000000000000e+00 1.000000000000000000e+00 1.000000000000000000e+00 1.000000000000000000e+00 1.000000000000000000e+00 1.000000000000000000e+00 1.000000000000000000e+00 1.000000000000000000e+00 1.000000000000000000e+00 1.000000000000000000e+00 1.000000000000000000e+00 1.000000000000000000e+00
0.000000000000000000e+00 0.000000000000000000e+00 0.000000000000000000e+00 0.000000000000000000e+00 0.000000000000000000e+00 0.000000000000000000e+00 0.000000000000000000e+00 0.000000000000000000e+00 0.000000000000000000e+00 0.000000000000000000e+00 0.000000000000000000e+00 0.000000000000000000e+00 1.734900750669245651e-314 5.060067999728938279e-301 7.455466219621598400e-288 5.549321423157261493e-275 2.086710275377346081e-262 3.964176412388516636e-250 3.804735910020623482e-238 1.844972476717493865e-226 4.520257943808070255e-215 5.595768565443615556e-204 3.500225034927741020e-193 1.106342943570745620e-182 1.767097806480671309e-172 1.426361422613727544e-162 5.818618297315369470e-153 1.199656015165222586e-143 1.250166784965928632e-134 6.585429463994682552e-126 1.753633939049465477e-117 2.360858160099344393e-109 1.607010007007609437e-101 5.531354134668506247e-94 9.628544384574854498e-87 8.477440666808877057e-80 3.775810639749234412e-73 8.508881479330069187e-67 9.703712525669898761e-61 5.601520635146521021e-55 1.637162143544892240e-49 2.423425167209587110e-44 1.817514576548091539e-39 6.909146859839219653e-35 1.331970207783524810e-30 1.303051212535845040e-26 6.473826806052882236e-23 1.634976800964627740e-19 2.101564612929489830e-16 1.377012442787174947e-13 4.608902194009114382e-11 7.902020955350051451e-09 6.967089247202904652e-07 3.176647556723523699e-05 7.553115548496990017e-04 9.488548011056276849e-03 6.434020770241299925e-02 2.442577833390648934e-01 5.532918550675959279e-01 8.316326581273011387e-01 9.630548049218163875e-01 9.955248395458868860e-01 9.997097873751610297e-01 9.999901053419322228e-01 9.999998246225366705e-01 9.999999983957985616e-01 9.999999999924646943e-01 9.999999999999819034e-01 1.000000000000000000e+00 1.000000000000000000e+00 1.000000000000000000e+00 1.000000000000000000e+00 1.000000000000000000e+00 1.000000000000000000e+00 1.000000000000000000e+00 1.000000000000000000e+00 1.000000000000000000e+00 1.000000000000000000e+00 1.000000000000000000e+00 1.000000000000000000e+00 1.000000000000000000e+00 1.000000000000000000e+00 1.000000000000000000e+00 1.000000000000000000e+00 1.000000000000000000e+00 1.000000000000000000e+00 1.000000000000000000e+00 1.000000000000000000e+00 1.000000000000000000e+00 1.000000000000000000e+00 1.000000000000000000e+00 1.000000000000000000e+00 1.000000000000000000e+00 1.000000000000000000e+00 1.000000000000000000e+00 1.000000000000000000e+00 1.000000000000000000e+00 1.000000000000000000e+00 1.000000000000000000e+00 1.000000000000000000e+00
0.000000000000000000e+00 0.000000000000000000e+00 0.000000000000000000e+00 0.000000000000000000e+00 0.000000000000000000e+00 0.000000000000000000e+00 0.000000000000000000e+00 0.000000000000000000e+00 0.000000000000000000e+00 0.000000000000000000e+00 0.000000000000000000e+00 0.000000000000000000e+00 0.000000000000000000e+00 0.000000000000000000e+00 0.000000000000000000e+00 0.000000000000000000e+00 0.000000000000000000e+00 6.422853395936205074e-323 4.360165728790897865e-307 1.183831765733446605e-291 1.277748062945443195e-276 5.482581596178723881e-262 9.352492420539648300e-248 6.342950281463917047e-234 1.710400997695184062e-220 1.833877000850627873e-207 7.818675737373135479e-195 1.325606098883476646e-182 8.938083685643762869e-171 2.396936208056552709e-159 2.556747252705987645e-148 1.084874923708095076e-137 1.831378824665655470e-127 1.230084718831978998e-117 3.287822494662618158e-108 3.497550907453516935e-99 1.481074678394801714e-90 2.497081784122717806e-82 1.676602384807084345e-74 4.484181374641667750e-67 4.778872722136341276e-60 2.030084118224018575e-53 3.439026270492733241e-47 2.324415835265379064e-41 6.272215290193136483e-36 6.762251393326841905e-31 2.915696088143993626e-26 5.033887110144101618e-22 3.485462016116126813e-18 9.698843741857889467e-15 1.087714387086341400e-11 4.935977747497820684e-09 9.116113444977816225e-07 6.912744907218289984e-05 2.182889688601376364e-03 2.940407251806640213e-02 1.764957086649426021e-01 5.127718598577334363e-01 8.396065479767272910e-01 9.746295432922618129e-01 9.982186305322298114e-01 9.999467552858467556e-01 9.999993380480702854e-01 9.999999966234855986e-01 9.999999999929937156e-01 9.999999999999941158e-01 1.000000000000000000e+00 1.000000000000000000e+00 1.000000000000000000e+00 1.000000000000000000e+00 1.000000000000000000e+00 1.000000000000000000e+00 1.000000000000000000e+00 1.000000000000000000e+00 1.000000000000000000e+00 1.000000000000000000e+00 1.000000000000000000e+00 1.000000000000000000e+00 1.000000000000000000e+00 1.000000000000000000e+00 1.000000000000000000e+00 1.000000000000000000e+00 1.000000000000000000e+00 1.000000000000000000e+00 1.000000000000000000e+00 1.000000000000000000e+00 1.000000000000000000e+00 1.000000000000000000e+00 1.000000000000000000e+00 1.000000000000000000e+00 1.000000000000000000e+00 1.000000000000000000e+00 1.000000000000000000e+00 1.000000000000000000e+00 1.000000000000000000e+00 1.000000000000000000e+00 1.000000000000000000e+00 1.000000000000000000e+00 1.000000000000000000e+00 1.000000000000000000e+00
0.000000000000000000e+00 0.000000000000000000e+00 0.000000000000000000e+00 0.000000000000000000e+00 0.000000000000000000e+00 0.000000000000000000e+00 0.000000000000000000e+00 0.000000000000000000e+00 0.000000000000000000e+00 0.000000000000000000e+00 0.000000000000000000e+00 0.000000000000000000e+00 0.000000000000000000e+00 0.000000000000000000e+00 0.000000000000000000e+00 0.000000000000000000e+00 0.000000000000000000e+00 0.000000000000000000e+00 0.000000000000000000e+00 7.756322999114044363e-314 2.481087554662152250e-297 2.823711240859144836e-281 1.143429437613458993e-265 1.647517080788280702e-250 8.447037157086862749e-236 1.541194195048202582e-221 1.000727296067432251e-207 2.312646140965731928e-194 1.902262265752382461e-181 5.569748450326425892e-169 5.805571689321596462e-157 2.154485183261794645e-145 2.846960300987941483e-134 1.339723707294016411e-123 2.245478625912154979e-113 1.340710716313366759e-103 2.852178338422609823e-94 2.162365415973200791e-85 5.843898614460594447e-77 5.631525909339368208e-69 1.935755569957324570e-61 2.374407439438295384e-54 1.039812398281472869e-47 1.626708893350511319e-41 9.097851161722687112e-36 1.820702431172183762e-30 1.305306641094847439e-25 3.357431600734186045e-21 3.104392043618671343e-17 1.034607823356047475e-13 1.247430950658684021e-10 5.470570425176338313e-08 8.797462217449403176e-06 5.255763027942077139e-04 1.192553168491342942e-02 1.070123168943729192e-01 4.107448765413413416e-01 7.856201957389048474e-01 9.647170801706581589e-01 9.976374932051098599e-01 9.999390198490536452e-01 9.999994103889313646e-01 9.999999978990480320e-01 9.999999999972684073e-01 9.999999999999986677e-01 1.000000000000000000e+00 1.000000000000000000e+00 1.000000000000000000e+00 1.000000000000000000e+00 1.000000000000000000e+00 1.000000000000000000e+00 1.000000000000000000e+00 1.000000000000000000e+00 1.000000000000000000e+00 1.000000000000000000e+00 1.000000000000000000e+00 1.000000000000000000e+00 1.000000000000000000e+00 1.000000000000000000e+00 1.000000000000000000e+00 1.000000000000000000e+00 1.000000000000000000e+00 1.000000000000000000e+00 1.000000000000000000e+00 1.000000000000000000e+00 1.000000000000000000e+00 1.000000000000000000e+00 1.000000000000000000e+00 1.000000000000000000e+00 1.000000000000000000e+00 1.000000000000000000e+00 1.000000000000000000e+00 1.000000000000000000e+00 1.000000000000000000e+00 1.000000000000000000e+00 1.000000000000000000e+00 1.000000000000000000e+00 1.000000000000000000e+00 1.000000000000000000e+00 1.000000000000000000e+00
0.000000000000000000e+00 0.000000000000000000e+00 0.000000000000000000e+00 0.000000000000000000e+00 0.000000000000000000e+00 0.000000000000000000e+00 0.000000000000000000e+00 0.000000000000000000e+00 0.000000000000000000e+00 0.000000000000000000e+00 0.000000000000000000e+00 0.000000000000000000e+00 0.000000000000000000e+00 0.000000000000000000e+00 0.000000000000000000e+00 0.000000000000000000e+00 0.000000000000000000e+00 0.000000000000000000e+00 0.000000000000000000e+00 0.000000000000000000e+00 0.000000000000000000e+00 0.000000000000000000e+00 0.000000000000000000e+00 0.000000000000000000e+00 1.817593031327125601e-307 1.743216021369699212e-288 4.114292634116131828e-270 2.389791857646574704e-252 3.416494812250879856e-235 1.202253175066168675e-218 1.041474586461547806e-202 2.221197632747952979e-187 1.166448726577132147e-172 1.508499376925427599e-158 4.805017259095084231e-145 3.770458287543473764e-132 7.290098149824148272e-120 3.473900401507888777e-108 4.081012088498280029e-97 1.182299997371099569e-86 8.450173183814360267e-77 1.490675985720473324e-67 6.494175775922920389e-59 6.991743769074183427e-51 1.861814897011053381e-43 1.227557106811222888e-36 2.006769588390653134e-30 8.148660079088781506e-25 8.238735974804929504e-20 2.081046259686323706e-15 1.319635991458179113e-11 2.116170937909617433e-08 8.682287401497610900e-06 9.297641584657597444e-04 2.697373050812108472e-02 2.288255494289595793e-01 6.706894705587422845e-01 9.480630052750282921e-01 9.975297954069242135e-01 9.999677117747532984e-01 9.999998890390733308e-01 9.999999999020414698e-01 9.999999999999780176e-01 1.000000000000000000e+00 1.000000000000000000e+00 1.000000000000000000e+00 1.000000000000000000e+00 1.000000000000000000e+00 1.000000000000000000e+00 1.000000000000000000e+00 1.000000000000000000e+00 1.000000000000000000e+00 1.000000000000000000e+00 1.000000000000000000e+00 1.000000000000000000e+00 1.000000000000000000e+00 1.000000000000000000e+00 1.000000000000000000e+00 1.000000000000000000e+00 1.000000000000000000e+00 1.000000000000000000e+00 1.000000000000000000e+00 1.000000000000000000e+00 1.000000000000000000e+00 1.000000000000000000e+00 1.000000000000000000e+00 1.000000000000000000e+00 1.000000000000000000e+00 1.000000000000000000e+00 1.000000000000000000e+00 1.000000000000000000e+00 1.000000000000000000e+00 1.000000000000000000e+00 1.000000000000000000e+00 1.000000000000000000e+00 1.000000000000000000e+00 1.000000000000000000e+00 1.000000000000000000e+00 1.000000000000000000e+00 1.000000000000000000e+00
0.000000000000000000e+00 0.000000000000000000e+00 0.000000000000000000e+00 0.000000000000000000e+00 0.000000000000000000e+00 0.000000000000000000e+00 0.000000000000000000e+00 0.000000000000000000e+00 0.000000000000000000e+00 0.000000000000000000e+00 0.000000000000000000e+00 0.000000000000000000e+00 0.000000000000000000e+00 0.000000000000000000e+00 0.000000000000000000e+00 0.000000000000000000e+00 0.000000000000000000e+00 0.000000000000000000e+00 0.000000000000000000e+00 0.000000000000000000e+00 0.000000000000000000e+00 0.000000000000000000e+00 0.000000000000000000e+00 0.000000000000000000e+00 0.000000000000000000e+00 0.000000000000000000e+00 0.000000000000000000e+00 0.000000000000000000e+00 1.322007932241256729e-303 7.876788683874796291e-282 7.171390489878732446e-261 9.978096178343952652e-241 2.121972120832392002e-221 6.898337464197230964e-203 3.428751618578395748e-185 2.606148523820676683e-168 3.029921527552141566e-152 5.389466082271284310e-137 1.467149297964509516e-122 6.114664518186168439e-109 3.903243632834791912e-96 3.818172889170145772e-84 5.727070891217426899e-73 1.318224571928332987e-62 4.660607604307060925e-53 2.534091331974150329e-44 2.122354739144406707e-36 2.743772136163007471e-29 5.491260599020138768e-23 1.708362193544904574e-17 8.312452434794469104e-13 6.386877079170009034e-09 7.875454368822399414e-06 1.605566660790102218e-03 5.755659061577739211e-02 4.189918404576470912e-01 8.783290643228904848e-01 9.944227670370340277e-01 9.999536547318903512e-01 9.999999354494777393e-01 9.999999999854707333e-01 9.999999999999995559e-01 1.000000000000000000e+00 1.000000000000000000e+00 1.000000000000000000e+00 1.000000000000000000e+00 1.000000000000000000e+00 1.000000000000000000e+00 1.000000000000000000e+00 1.000000000000000000e+00 1.000000000000000000e+00 1.000000000000000000e+00 1.000000000000000000e+00 1.000000000000000000e+00 1.000000000000000000e+00 1.000000000000000000e+00 1.000000000000000000e+00 1.000000000000000000e+00 1.000000000000000000e+00 1.000000000000000000e+00 1.000000000000000000e+00 1.000000000000000000e+00 1.000000000000000000e+00 1.000000000000000000e+00 1.000000000000000000e+00 1.000000000000000000e+00 1.000000000000000000e+00 1.000000000000000000e+00 1.000000000000000000e+00 1.000000000000000000e+00 1.000000000000000000e+00 1.000000000000000000e+00 1.000000000000000000e+00 1.000000000000000000e+00 1.000000000000000000e+00 1.000000000000000000e+00 1.000000000000000000e+00 1.000000000000000000e+00 1.000000000000000000e+00 1.000000000000000000e+00
0.000000000000000000e+00 0.000000000000000000e+00 0.000000000000000000e+00 0.000000000000000000e+00 0.000000000000000000e+00 0.000000000000000000e+00 0.000000000000000000e+00 0.000000000000000000e+00 0.000000000000000000e+00 0.000000000000000000e+00 0.000000000000000000e+00 0.000000000000000000e+00 0.000000000000000000e+00 0.000000000000000000e+00 0.000000000000000000e+00 0.000000000000000000e+00 0.000000000000000000e+00 0.000000000000000000e+00 0.000000000000000000e+00 0.000000000000000000e+00 0.000000000000000000e+00 0.000000000000000000e+00 0.000000000000000000e+00 0.000000000000000000e+00 0.000000000000000000e+00 0.000000000000000000e+00 0.000000000000000000e+00 0.000000000000000000e+00 0.000000000000000000e+00 6.062477971215746032e-314 2.475424372363001033e-290 1.189799957490159091e-267 6.732596865101633402e-246 4.485833631031806397e-225 3.519917885080734812e-205 3.253410678218963149e-186 3.542941142726280428e-168 4.547009312565702594e-151 6.879596430291742934e-135 1.227548642175111411e-119 2.584330068485904492e-105 6.422819964981744791e-92 1.885640147850647350e-79 6.544887322797191867e-68 2.688452261201486700e-57 1.308673953618178657e-47 7.562040072319197585e-39 5.199148440247436417e-31 4.266858370154638747e-24 4.199331446872156769e-18 4.991040207078708376e-13 7.244859852480223824e-09 1.309783474527501839e-05 3.062732072293205578e-03 1.006717035947585215e-01 5.735900076416987625e-01 9.504032938133458730e-01 9.990709770775982879e-01 9.999976221584812031e-01 9.999999992224339884e-01 9.999999999999684697e-01 1.000000000000000000e+00 1.000000000000000000e+00 1.000000000000000000e+00 1.000000000000000000e+00 1.000000000000000000e+00 1.000000000000000000e+00 1.000000000000000000e+00 1.000000000000000000e+00 1.000000000000000000e+00 1.000000000000000000e+00 1.000000000000000000e+00 1.000000000000000000e+00 1.000000000000000000e+00 1.000000000000000000e+00 1.000000000000000000e+00 1.000000000000000000e+00 1.000000000000000000e+00 1.000000000000000000e+00 1.000000000000000000e+00 1.000000000000000000e+00 1.000000000000000000e+00 1.000000000000000000e+00 1.000000000000000000e+00 1.000000000000000000e+00 1.000000000000000000e+00 1.000000000000000000e+00 1.000000000000000000e+00 1.000000000000000000e+00 1.000000000000000000e+00 1.000000000000000000e+00 1.000000000000000000e+00 1.000000000000000000e+00 1.000000000000000000e+00 1.000000000000000000e+00 1.000000000000000000e+00 1.000000000000000000e+00 1.000000000000000000e+00 1.000000000000000000e+00 1.000000000000000000e+00
0.000000000000000000e+00 0.000000000000000000e+00 0.000000000000000000e+00 0.000000000000000000e+00 0.000000000000000000e+00 0.000000000000000000e+00 0.000000000000000000e+00 0.000000000000000000e+00 0.000000000000000000e+00 0.000000000000000000e+00 0.000000000000000000e+00 0.000000000000000000e+00 0.000000000000000000e+00 0.000000000000000000e+00 0.000000000000000000e+00 0.000000000000000000e+00 0.000000000000000000e+00 0.000000000000000000e+00 0.000000000000000000e+00 0.000000000000000000e+00 0.000000000000000000e+00 0.000000000000000000e+00 0.000000000000000000e+00 0.000000000000000000e+00 0.000000000000000000e+00 0.000000000000000000e+00 0.000000000000000000e+00 0.000000000000000000e+00 0.000000000000000000e+00 0.000000000000000000e+00 0.000000000000000000e+00 0.000000000000000000e+00 0.000000000000000000e+00 0.000000000000000000e+00 2.567289338479076742e-315 1.718376589960810083e-285 3.707876642623156661e-257 2.580015010717414874e-230 5.791060344017178805e-205 4.194783027788248346e-181 9.810434608663396400e-159 7.412269167512766850e-138 1.810564360277565260e-118 1.431101506823208059e-100 3.664549783172417787e-84 3.044475580946757321e-69 8.222545819508005581e-56 7.238988824209676804e-44 2.085417087079283511e-33 1.977053495767687728e-24 6.223344711878777272e-17 6.603222474523318132e-11 2.429411498633409943e-06 3.295716906694499179e-03 1.941159989825280985e-01 8.391948855807116470e-01 9.977803818717396744e-01 9.999986935699898272e-01 9.999999999718229837e-01 1.000000000000000000e+00 1.000000000000000000e+00 1.000000000000000000e+00 1.000000000000000000e+00 1.000000000000000000e+00 1.000000000000000000e+00 1.000000000000000000e+00 1.000000000000000000e+00 1.000000000000000000e+00 1.000000000000000000e+00 1.000000000000000000e+00 1.000000000000000000e+00 1.000000000000000000e+00 1.000000000000000000e+00 1.000000000000000000e+00 1.000000000000000000e+00 1.000000000000000000e+00 1.000000000000000000e+00 1.000000000000000000e+00 1.000000000000000000e+00 1.000000000000000000e+00 1.000000000000000000e+00 1.000000000000000000e+00 1.000000000000000000e+00 1.000000000000000000e+00 1.000000000000000000e+00 1.000000000000000000e+00 1.000000000000000000e+00 1.000000000000000000e+00 1.000000000000000000e+00 1.000000000000000000e+00 1.000000000000000000e+00 1.000000000000000000e+00 1.000000000000000000e+00 1.000000000000000000e+00 1.000000000000000000e+00 1.000000000000000000e+00 1.000000000000000000e+00 1.000000000000000000e+00 1.000000000000000000e+00 1.000000000000000000e+00
0.000000000000000000e+00 0.000000000000000000e+00 0.000000000000000000e+00 0.000000000000000000e+00 0.000000000000000000e+00 0.000000000000000000e+00 0.000000000000000000e+00 0.000000000000000000e+00 0.000000000000000000e+00 0.000000000000000000e+00 0.000000000000000000e+00 0.000000000000000000e+00 0.000000000000000000e+00 0.000000000000000000e+00 0.000000000000000000e+00 0.000000000000000000e+00 0.000000000000000000e+00 0.000000000000000000e+00 0.000000000000000000e+00 0.000000000000000000e+00 0.000000000000000000e+00 0.000000000000000000e+00 0.000000000000000000e+00 0.000000000000000000e+00 0.000000000000000000e+00 0.000000000000000000e+00 0.000000000000000000e+00 0.000000000000000000e+00 0.000000000000000000e+00 0.000000000000000000e+00 0.000000000000000000e+00 0.000000000000000000e+00 0.000000000000000000e+00 0.000000000000000000e+00 0.000000000000000000e+00 0.000000000000000000e+00 3.106197466962758626e-297 1.135813406291190061e-265 6.829593468688301497e-236 6.755840583626961400e-208 1.099981293997209817e-181 2.949756803790916272e-157 1.303827117269036976e-134 9.508468444692564133e-114 1.145511729749098641e-94 2.283464277317504453e-77 7.548182336922132784e-62 4.150060040680279100e-48 3.811652365050210961e-36 5.886550398798972482e-26 1.544784234579337511e-17 7.016907007476666606e-11 5.721922399829061291e-06 9.129586635459324348e-03 3.696737757143727654e-01 9.549513911782319120e-01 9.999013652405328578e-01 9.999999955402101293e-01 9.999999999999962252e-01 1.000000000000000000e+00 1.000000000000000000e+00 1.000000000000000000e+00 1.000000000000000000e+00 1.000000000000000000e+00 1.000000000000000000e+00 1.000000000000000000e+00 1.000000000000000000e+00 1.000000000000000000e+00 1.000000000000000000e+00 1.000000000000000000e+00 1.000000000000000000e+00 1.000000000000000000e+00 1.000000000000000000e+00 1.000000000000000000e+00 1.000000000000000000e+00 1.000000000000000000e+00 1.000000000000000000e+00 1.000000000000000000e+00 1.000000000000000000e+00 1.000000000000000000e+00 1.000000000000000000e+00 1.000000000000000000e+00 1.000000000000000000e+00 1.000000000000000000e+00 1.000000000000000000e+00 1.000000000000000000e+00 1.000000000000000000e+00 1.000000000000000000e+00 1.000000000000000000e+00 1.000000000000000000e+00 1.000000000000000000e+00 1.000000000000000000e+00 1.000000000000000000e+00 1.000000000000000000e+00 1.000000000000000000e+00 1.000000000000000000e+00 1.000000000000000000e+00 1.000000000000000000e+00 1.000000000000000000e+00 1.000000000000000000e+00
0.000000000000000000e+00 0.000000000000000000e+00 0.000000000000000000e+00 0.000000000000000000e+00 0.000000000000000000e+00 0.000000000000000000e+00 0.000000000000000000e+00 0.000000000000000000e+00 0.000000000000000000e+00 0.000000000000000000e+00 0.000000000000000000e+00 0.000000000000000000e+00 0.000000000000000000e+00 0.000000000000000000e+00 0.000000000000000000e+00 0.000000000000000000e+00 0.000000000000000000e+00 0.000000000000000000e+00 0.000000000000000000e+00 0.000000000000000000e+00 0.000000000000000000e+00 0.000000000000000000e+00 0.000000000000000000e+00 0.000000000000000000e+00 0.000000000000000000e+00 0.000000000000000000e+00 0.000000000000000000e+00 0.000000000000000000e+00 0.000000000000000000e+00 0.000000000000000000e+00 0.000000000000000000e+00 0.000000000000000000e+00 1.922458834532874428e-319 2.859976544663140895e-291 2.088443881328638201e-264 7.487527758514091830e-239 1.318335480132795117e-214 1.140306792446801544e-191 4.847153808400861444e-170 1.013008684786144763e-149 1.041434891370192689e-130 5.270184650994358862e-113 1.313842613911584693e-96 1.615189384886000636e-81 9.804561174623767391e-68 2.943698096457077674e-55 4.381346803349760126e-44 3.242970209824545047e-34 1.199161800969177936e-25 2.230539406932146155e-18 2.110474372562613465e-12 1.035851182028372216e-07 2.741347152778139088e-04 4.278897160091415380e-02 5.070181774514660455e-01 9.603177916547698256e-01 9.997595528475891058e-01 9.999999143101645505e-01 9.999999999983553156e-01 1.000000000000000000e+00 1.000000000000000000e+00 1.000000000000000000e+00 1.000000000000000000e+00 1.000000000000000000e+00 1.000000000000000000e+00 1.000000000000000000e+00 1.000000000000000000e+00 1.000000000000000000e+00 1.000000000000000000e+00 1.000000000000000000e+00 1.000000000000000000e+00 1.000000000000000000e+00 1.000000000000000000e+00 1.000000000000000000e+00 1.000000000000000000e+00 1.000000000000000000e+00 1.000000000000000000e+00 1.000000000000000000e+00 1.000000000000000000e+00 1.000000000000000000e+00 1.000000000000000000e+00 1.000000000000000000e+00 1.000000000000000000e+00 1.000000000000000000e+00 1.000000000000000000e+00 1.000000000000000000e+00 1.000000000000000000e+00 1.000000000000000000e+00 1.000000000000000000e+00 1.000000000000000000e+00 1.000000000000000000e+00 1.000000000000000000e+00 1.000000000000000000e+00 1.000000000000000000e+00 1.000000000000000000e+00 1.000000000000000000e+00 1.000000000000000000e+00 1.000000000000000000e+00 1.000000000000000000e+00 1.000000000000000000e+00
