8.379956480000000596e+00
8.538140880000000266e+00
8.694288120000001285e+00
8.850984560000000556e+00
9.013445380000000284e+00
9.182598579999998734e+00
9.355544959999999577e+00
9.533751499999999268e+00
9.720459299999999914e+00
9.917796700000000243e+00
1.013162520000000022e+01
1.035754661999999904e+01
1.061023244000000076e+01
1.089118037999999977e+01
1.120323858000000072e+01
1.155139242000000088e+01
1.194524992000000019e+01
1.239305625999999982e+01
1.290004804000000149e+01
1.346235220000000155e+01
1.408736907999999843e+01
1.476643055999999810e+01
1.548030928000000017e+01
1.619626450000000162e+01
1.688976335999999989e+01
1.751577975999999737e+01
1.804420775999999904e+01
1.845865299999999820e+01
1.875712495999999874e+01
1.895466442000000029e+01
1.907515301999999835e+01
