0.000000000000000000e+00 0.000000000000000000e+00 0.000000000000000000e+00 0.000000000000000000e+00 0.000000000000000000e+00 0.000000000000000000e+00 0.000000000000000000e+00 0.000000000000000000e+00 0.000000000000000000e+00 0.000000000000000000e+00 0.000000000000000000e+00 0.000000000000000000e+00 0.000000000000000000e+00 0.000000000000000000e+00 0.000000000000000000e+00 0.000000000000000000e+00 0.000000000000000000e+00 0.000000000000000000e+00 0.000000000000000000e+00 0.000000000000000000e+00 0.000000000000000000e+00 0.000000000000000000e+00 0.000000000000000000e+00 0.000000000000000000e+00 0.000000000000000000e+00 0.000000000000000000e+00 0.000000000000000000e+00 0.000000000000000000e+00 0.000000000000000000e+00 0.000000000000000000e+00 0.000000000000000000e+00 0.000000000000000000e+00 0.000000000000000000e+00 0.000000000000000000e+00 0.000000000000000000e+00 0.000000000000000000e+00 0.000000000000000000e+00 0.000000000000000000e+00 0.000000000000000000e+00 0.000000000000000000e+00 6.343336693597413572e-267 1.106247188544779225e-211 6.833623111190647033e-163 1.502310530649341174e-120 1.183924037111614581e-84 3.384916160617020140e-55 3.589079237150701602e-32 1.479689321813183887e-15 2.711633803759347418e-05 4.283478972589277456e-01 9.998812758118080790e-01 9.999999999999749090e-01 1.000000000000000000e+00 1.000000000000000000e+00 1.000000000000000000e+00 1.000000000000000000e+00 1.000000000000000000e+00 1.000000000000000000e+00 1.000000000000000000e+00 1.000000000000000000e+00 1.000000000000000000e+00 1.000000000000000000e+00 1.000000000000000000e+00 1.000000000000000000e+00 1.000000000000000000e+00 1.000000000000000000e+00 1.000000000000000000e+00 1.000000000000000000e+00 1.000000000000000000e+00 1.000000000000000000e+00 1.000000000000000000e+00 1.000000000000000000e+00 1.000000000000000000e+00 1.000000000000000000e+00 1.000000000000000000e+00 1.000000000000000000e+00 1.000000000000000000e+00 1.000000000000000000e+00 1.000000000000000000e+00 1.000000000000000000e+00 1.000000000000000000e+00 1.000000000000000000e+00 1.000000000000000000e+00 1.000000000000000000e+00 1.000000000000000000e+00 1.000000000000000000e+00 1.000000000000000000e+00 1.000000000000000000e+00 1.000000000000000000e+00 1.000000000000000000e+00 1.000000000000000000e+00 1.000000000000000000e+00 1.000000000000000000e+00 1.000000000000000000e+00 1.000000000000000000e+00 1.000000000000000000e+00 1.000000000000000000e+00 1.000000000000000000e+00 1.000000000000000000e+00 1.000000000000000000e+00
0.000000000000000000e+00 0.000000000000000000e+00 0.000000000000000000e+00 0.000000000000000000e+00 0.000000000000000000e+00 0.000000000000000000e+00 0.000000000000000000e+00 0.000000000000000000e+00 0.000000000000000000e+00 0.000000000000000000e+00 0.000000000000000000e+00 0.000000000000000000e+00 0.000000000000000000e+00 0.000000000000000000e+00 0.000000000000000000e+00 0.000000000000000000e+00 0.000000000000000000e+00 0.000000000000000000e+00 0.000000000000000000e+00 0.000000000000000000e+00 0.000000000000000000e+00 0.000000000000000000e+00 0.000000000000000000e+00 0.000000000000000000e+00 0.000000000000000000e+00 0.000000000000000000e+00 0.000000000000000000e+00 0.000000000000000000e+00 0.000000000000000000e+00 0.000000000000000000e+00 0.000000000000000000e+00 0.000000000000000000e+00 0.000000000000000000e+00 0.000000000000000000e+00 0.000000000000000000e+00 0.000000000000000000e+00 0.000000000000000000e+00 0.000000000000000000e+00 0.000000000000000000e+00 0.000000000000000000e+00 0.000000000000000000e+00 0.000000000000000000e+00 0.000000000000000000e+00 0.000000000000000000e+00 3.699341119930136516e-287 8.425440527021038203e-184 1.338398467283738060e-103 1.565715530213685134e-46 1.601645673984702717e-12 6.323276132273822903e-01 9.999999999999895639e-01 1.000000000000000000e+00 1.000000000000000000e+00 1.000000000000000000e+00 1.000000000000000000e+00 1.000000000000000000e+00 1.000000000000000000e+00 1.000000000000000000e+00 1.000000000000000000e+00 1.000000000000000000e+00 1.000000000000000000e+00 1.000000000000000000e+00 1.000000000000000000e+00 1.000000000000000000e+00 1.000000000000000000e+00 1.000000000000000000e+00 1.000000000000000000e+00 1.000000000000000000e+00 1.000000000000000000e+00 1.000000000000000000e+00 1.000000000000000000e+00 1.000000000000000000e+00 1.000000000000000000e+00 1.000000000000000000e+00 1.000000000000000000e+00 1.000000000000000000e+00 1.000000000000000000e+00 1.000000000000000000e+00 1.000000000000000000e+00 1.000000000000000000e+00 1.000000000000000000e+00 1.000000000000000000e+00 1.000000000000000000e+00 1.000000000000000000e+00 1.000000000000000000e+00 1.000000000000000000e+00 1.000000000000000000e+00 1.000000000000000000e+00 1.000000000000000000e+00 1.000000000000000000e+00 1.000000000000000000e+00 1.000000000000000000e+00 1.000000000000000000e+00 1.000000000000000000e+00 1.000000000000000000e+00 1.000000000000000000e+00 1.000000000000000000e+00 1.000000000000000000e+00 1.000000000000000000e+00 1.000000000000000000e+00
0.000000000000000000e+00 0.000000000000000000e+00 0.000000000000000000e+00 0.000000000000000000e+00 0.000000000000000000e+00 0.000000000000000000e+00 0.000000000000000000e+00 0.000000000000000000e+00 0.000000000000000000e+00 0.000000000000000000e+00 0.000000000000000000e+00 0.000000000000000000e+00 0.000000000000000000e+00 0.000000000000000000e+00 0.000000000000000000e+00 0.000000000000000000e+00 0.000000000000000000e+00 0.000000000000000000e+00 0.000000000000000000e+00 0.000000000000000000e+00 0.000000000000000000e+00 0.000000000000000000e+00 0.000000000000000000e+00 0.000000000000000000e+00 0.000000000000000000e+00 0.000000000000000000e+00 0.000000000000000000e+00 0.000000000000000000e+00 0.000000000000000000e+00 0.000000000000000000e+00 0.000000000000000000e+00 0.000000000000000000e+00 0.000000000000000000e+00 0.000000000000000000e+00 0.000000000000000000e+00 0.000000000000000000e+00 0.000000000000000000e+00 0.000000000000000000e+00 0.000000000000000000e+00 0.000000000000000000e+00 0.000000000000000000e+00 0.000000000000000000e+00 0.000000000000000000e+00 0.000000000000000000e+00 0.000000000000000000e+00 0.000000000000000000e+00 3.892599544546301318e-210 6.557203050382708718e-89 1.133512588227684670e-19 9.748635494573878457e-01 1.000000000000000000e+00 1.000000000000000000e+00 1.000000000000000000e+00 1.000000000000000000e+00 1.000000000000000000e+00 1.000000000000000000e+00 1.000000000000000000e+00 1.000000000000000000e+00 1.000000000000000000e+00 1.000000000000000000e+00 1.000000000000000000e+00 1.000000000000000000e+00 1.000000000000000000e+00 1.000000000000000000e+00 1.000000000000000000e+00 1.000000000000000000e+00 1.000000000000000000e+00 1.000000000000000000e+00 1.000000000000000000e+00 1.000000000000000000e+00 1.000000000000000000e+00 1.000000000000000000e+00 1.000000000000000000e+00 1.000000000000000000e+00 1.000000000000000000e+00 1.000000000000000000e+00 1.000000000000000000e+00 1.000000000000000000e+00 1.000000000000000000e+00 1.000000000000000000e+00 1.000000000000000000e+00 1.000000000000000000e+00 1.000000000000000000e+00 1.000000000000000000e+00 1.000000000000000000e+00 1.000000000000000000e+00 1.000000000000000000e+00 1.000000000000000000e+00 1.000000000000000000e+00 1.000000000000000000e+00 1.000000000000000000e+00 1.000000000000000000e+00 1.000000000000000000e+00 1.000000000000000000e+00 1.000000000000000000e+00 1.000000000000000000e+00 1.000000000000000000e+00 1.000000000000000000e+00 1.000000000000000000e+00 1.000000000000000000e+00
0.000000000000000000e+00 0.000000000000000000e+00 0.000000000000000000e+00 0.000000000000000000e+00 0.000000000000000000e+00 0.000000000000000000e+00 0.000000000000000000e+00 0.000000000000000000e+00 0.000000000000000000e+00 0.000000000000000000e+00 0.000000000000000000e+00 0.000000000000000000e+00 0.000000000000000000e+00 0.000000000000000000e+00 0.000000000000000000e+00 0.000000000000000000e+00 0.000000000000000000e+00 0.000000000000000000e+00 0.000000000000000000e+00 0.000000000000000000e+00 0.000000000000000000e+00 0.000000000000000000e+00 0.000000000000000000e+00 0.000000000000000000e+00 0.000000000000000000e+00 0.000000000000000000e+00 0.000000000000000000e+00 0.000000000000000000e+00 0.000000000000000000e+00 0.000000000000000000e+00 0.000000000000000000e+00 0.000000000000000000e+00 0.000000000000000000e+00 0.000000000000000000e+00 0.000000000000000000e+00 0.000000000000000000e+00 0.000000000000000000e+00 0.000000000000000000e+00 0.000000000000000000e+00 0.000000000000000000e+00 0.000000000000000000e+00 0.000000000000000000e+00 0.000000000000000000e+00 0.000000000000000000e+00 0.000000000000000000e+00 0.000000000000000000e+00 1.613427556358343609e-174 8.310180261656567840e-69 3.860303137435563331e-12 9.999288860180606253e-01 1.000000000000000000e+00 1.000000000000000000e+00 1.000000000000000000e+00 1.000000000000000000e+00 1.000000000000000000e+00 1.000000000000000000e+00 1.000000000000000000e+00 1.000000000000000000e+00 1.000000000000000000e+00 1.000000000000000000e+00 1.000000000000000000e+00 1.000000000000000000e+00 1.000000000000000000e+00 1.000000000000000000e+00 1.000000000000000000e+00 1.000000000000000000e+00 1.000000000000000000e+00 1.000000000000000000e+00 1.000000000000000000e+00 1.000000000000000000e+00 1.000000000000000000e+00 1.000000000000000000e+00 1.000000000000000000e+00 1.000000000000000000e+00 1.000000000000000000e+00 1.000000000000000000e+00 1.000000000000000000e+00 1.000000000000000000e+00 1.000000000000000000e+00 1.000000000000000000e+00 1.000000000000000000e+00 1.000000000000000000e+00 1.000000000000000000e+00 1.000000000000000000e+00 1.000000000000000000e+00 1.000000000000000000e+00 1.000000000000000000e+00 1.000000000000000000e+00 1.000000000000000000e+00 1.000000000000000000e+00 1.000000000000000000e+00 1.000000000000000000e+00 1.000000000000000000e+00 1.000000000000000000e+00 1.000000000000000000e+00 1.000000000000000000e+00 1.000000000000000000e+00 1.000000000000000000e+00 1.000000000000000000e+00 1.000000000000000000e+00
0.000000000000000000e+00 0.000000000000000000e+00 0.000000000000000000e+00 0.000000000000000000e+00 0.000000000000000000e+00 0.000000000000000000e+00 0.000000000000000000e+00 0.000000000000000000e+00 0.000000000000000000e+00 0.000000000000000000e+00 0.000000000000000000e+00 0.000000000000000000e+00 0.000000000000000000e+00 0.000000000000000000e+00 0.000000000000000000e+00 0.000000000000000000e+00 0.000000000000000000e+00 0.000000000000000000e+00 0.000000000000000000e+00 0.000000000000000000e+00 0.000000000000000000e+00 0.000000000000000000e+00 0.000000000000000000e+00 0.000000000000000000e+00 0.000000000000000000e+00 0.000000000000000000e+00 0.000000000000000000e+00 0.000000000000000000e+00 0.000000000000000000e+00 0.000000000000000000e+00 0.000000000000000000e+00 0.000000000000000000e+00 0.000000000000000000e+00 0.000000000000000000e+00 0.000000000000000000e+00 0.000000000000000000e+00 0.000000000000000000e+00 0.000000000000000000e+00 0.000000000000000000e+00 0.000000000000000000e+00 0.000000000000000000e+00 0.000000000000000000e+00 0.000000000000000000e+00 0.000000000000000000e+00 1.054603139808759229e-308 5.036459606978095048e-186 1.691327917566395974e-94 4.388709926466646221e-34 1.360635036387250864e-04 9.999993316266027055e-01 1.000000000000000000e+00 1.000000000000000000e+00 1.000000000000000000e+00 1.000000000000000000e+00 1.000000000000000000e+00 1.000000000000000000e+00 1.000000000000000000e+00 1.000000000000000000e+00 1.000000000000000000e+00 1.000000000000000000e+00 1.000000000000000000e+00 1.000000000000000000e+00 1.000000000000000000e+00 1.000000000000000000e+00 1.000000000000000000e+00 1.000000000000000000e+00 1.000000000000000000e+00 1.000000000000000000e+00 1.000000000000000000e+00 1.000000000000000000e+00 1.000000000000000000e+00 1.000000000000000000e+00 1.000000000000000000e+00 1.000000000000000000e+00 1.000000000000000000e+00 1.000000000000000000e+00 1.000000000000000000e+00 1.000000000000000000e+00 1.000000000000000000e+00 1.000000000000000000e+00 1.000000000000000000e+00 1.000000000000000000e+00 1.000000000000000000e+00 1.000000000000000000e+00 1.000000000000000000e+00 1.000000000000000000e+00 1.000000000000000000e+00 1.000000000000000000e+00 1.000000000000000000e+00 1.000000000000000000e+00 1.000000000000000000e+00 1.000000000000000000e+00 1.000000000000000000e+00 1.000000000000000000e+00 1.000000000000000000e+00 1.000000000000000000e+00 1.000000000000000000e+00 1.000000000000000000e+00 1.000000000000000000e+00 1.000000000000000000e+00
0.000000000000000000e+00 0.000000000000000000e+00 0.000000000000000000e+00 0.000000000000000000e+00 0.000000000000000000e+00 0.000000000000000000e+00 0.000000000000000000e+00 0.000000000000000000e+00 0.000000000000000000e+00 0.000000000000000000e+00 0.000000000000000000e+00 0.000000000000000000e+00 0.000000000000000000e+00 0.000000000000000000e+00 0.000000000000000000e+00 0.000000000000000000e+00 0.000000000000000000e+00 0.000000000000000000e+00 0.000000000000000000e+00 0.000000000000000000e+00 0.000000000000000000e+00 0.000000000000000000e+00 0.000000000000000000e+00 0.000000000000000000e+00 0.000000000000000000e+00 0.000000000000000000e+00 0.000000000000000000e+00 0.000000000000000000e+00 0.000000000000000000e+00 0.000000000000000000e+00 0.000000000000000000e+00 0.000000000000000000e+00 0.000000000000000000e+00 0.000000000000000000e+00 0.000000000000000000e+00 0.000000000000000000e+00 0.000000000000000000e+00 0.000000000000000000e+00 0.000000000000000000e+00 0.000000000000000000e+00 0.000000000000000000e+00 0.000000000000000000e+00 0.000000000000000000e+00 0.000000000000000000e+00 2.277101834862042019e-219 1.012938139052881571e-127 5.553512635724127147e-61 4.268187150836085842e-19 1.015820092524699486e-01 9.999999998583071203e-01 1.000000000000000000e+00 1.000000000000000000e+00 1.000000000000000000e+00 1.000000000000000000e+00 1.000000000000000000e+00 1.000000000000000000e+00 1.000000000000000000e+00 1.000000000000000000e+00 1.000000000000000000e+00 1.000000000000000000e+00 1.000000000000000000e+00 1.000000000000000000e+00 1.000000000000000000e+00 1.000000000000000000e+00 1.000000000000000000e+00 1.000000000000000000e+00 1.000000000000000000e+00 1.000000000000000000e+00 1.000000000000000000e+00 1.000000000000000000e+00 1.000000000000000000e+00 1.000000000000000000e+00 1.000000000000000000e+00 1.000000000000000000e+00 1.000000000000000000e+00 1.000000000000000000e+00 1.000000000000000000e+00 1.000000000000000000e+00 1.000000000000000000e+00 1.000000000000000000e+00 1.000000000000000000e+00 1.000000000000000000e+00 1.000000000000000000e+00 1.000000000000000000e+00 1.000000000000000000e+00 1.000000000000000000e+00 1.000000000000000000e+00 1.000000000000000000e+00 1.000000000000000000e+00 1.000000000000000000e+00 1.000000000000000000e+00 1.000000000000000000e+00 1.000000000000000000e+00 1.000000000000000000e+00 1.000000000000000000e+00 1.000000000000000000e+00 1.000000000000000000e+00 1.000000000000000000e+00 1.000000000000000000e+00 1.000000000000000000e+00
0.000000000000000000e+00 0.000000000000000000e+00 0.000000000000000000e+00 0.000000000000000000e+00 0.000000000000000000e+00 0.000000000000000000e+00 0.000000000000000000e+00 0.000000000000000000e+00 0.000000000000000000e+00 0.000000000000000000e+00 0.000000000000000000e+00 0.000000000000000000e+00 0.000000000000000000e+00 0.000000000000000000e+00 0.000000000000000000e+00 0.000000000000000000e+00 0.000000000000000000e+00 0.000000000000000000e+00 0.000000000000000000e+00 0.000000000000000000e+00 0.000000000000000000e+00 0.000000000000000000e+00 0.000000000000000000e+00 0.000000000000000000e+00 0.000000000000000000e+00 0.000000000000000000e+00 0.000000000000000000e+00 0.000000000000000000e+00 0.000000000000000000e+00 0.000000000000000000e+00 0.000000000000000000e+00 0.000000000000000000e+00 0.000000000000000000e+00 0.000000000000000000e+00 0.000000000000000000e+00 0.000000000000000000e+00 0.000000000000000000e+00 0.000000000000000000e+00 0.000000000000000000e+00 0.000000000000000000e+00 0.000000000000000000e+00 0.000000000000000000e+00 0.000000000000000000e+00 1.994955426457729207e-228 3.573320476735403844e-145 6.653647809924843784e-81 1.365350478744684310e-35 3.736475316961974207e-09 7.985930498250424225e-01 9.999999999999544809e-01 1.000000000000000000e+00 1.000000000000000000e+00 1.000000000000000000e+00 1.000000000000000000e+00 1.000000000000000000e+00 1.000000000000000000e+00 1.000000000000000000e+00 1.000000000000000000e+00 1.000000000000000000e+00 1.000000000000000000e+00 1.000000000000000000e+00 1.000000000000000000e+00 1.000000000000000000e+00 1.000000000000000000e+00 1.000000000000000000e+00 1.000000000000000000e+00 1.000000000000000000e+00 1.000000000000000000e+00 1.000000000000000000e+00 1.000000000000000000e+00 1.000000000000000000e+00 1.000000000000000000e+00 1.000000000000000000e+00 1.000000000000000000e+00 1.000000000000000000e+00 1.000000000000000000e+00 1.000000000000000000e+00 1.000000000000000000e+00 1.000000000000000000e+00 1.000000000000000000e+00 1.000000000000000000e+00 1.000000000000000000e+00 1.000000000000000000e+00 1.000000000000000000e+00 1.000000000000000000e+00 1.000000000000000000e+00 1.000000000000000000e+00 1.000000000000000000e+00 1.000000000000000000e+00 1.000000000000000000e+00 1.000000000000000000e+00 1.000000000000000000e+00 1.000000000000000000e+00 1.000000000000000000e+00 1.000000000000000000e+00 1.000000000000000000e+00 1.000000000000000000e+00 1.000000000000000000e+00 1.000000000000000000e+00 1.000000000000000000e+00
0.000000000000000000e+00 0.000000000000000000e+00 0.000000000000000000e+00 0.000000000000000000e+00 0.000000000000000000e+00 0.000000000000000000e+00 0.000000000000000000e+00 0.000000000000000000e+00 0.000000000000000000e+00 0.000000000000000000e+00 0.000000000000000000e+00 0.000000000000000000e+00 0.000000000000000000e+00 0.000000000000000000e+00 0.000000000000000000e+00 0.000000000000000000e+00 0.000000000000000000e+00 0.000000000000000000e+00 0.000000000000000000e+00 0.000000000000000000e+00 0.000000000000000000e+00 0.000000000000000000e+00 0.000000000000000000e+00 0.000000000000000000e+00 0.000000000000000000e+00 0.000000000000000000e+00 0.000000000000000000e+00 0.000000000000000000e+00 0.000000000000000000e+00 0.000000000000000000e+00 0.000000000000000000e+00 0.000000000000000000e+00 0.000000000000000000e+00 0.000000000000000000e+00 0.000000000000000000e+00 0.000000000000000000e+00 0.000000000000000000e+00 0.000000000000000000e+00 0.000000000000000000e+00 0.000000000000000000e+00 2.418888826998822117e-262 5.801498072431604296e-198 1.038995561836058848e-142 1.402433323717493794e-96 1.450068077746186262e-59 1.186025240107797640e-31 8.303744789913890796e-13 6.689007244064662863e-03 9.827110997680916782e-01 9.999999999895847758e-01 1.000000000000000000e+00 1.000000000000000000e+00 1.000000000000000000e+00 1.000000000000000000e+00 1.000000000000000000e+00 1.000000000000000000e+00 1.000000000000000000e+00 1.000000000000000000e+00 1.000000000000000000e+00 1.000000000000000000e+00 1.000000000000000000e+00 1.000000000000000000e+00 1.000000000000000000e+00 1.000000000000000000e+00 1.000000000000000000e+00 1.000000000000000000e+00 1.000000000000000000e+00 1.000000000000000000e+00 1.000000000000000000e+00 1.000000000000000000e+00 1.000000000000000000e+00 1.000000000000000000e+00 1.000000000000000000e+00 1.000000000000000000e+00 1.000000000000000000e+00 1.000000000000000000e+00 1.000000000000000000e+00 1.000000000000000000e+00 1.000000000000000000e+00 1.000000000000000000e+00 1.000000000000000000e+00 1.000000000000000000e+00 1.000000000000000000e+00 1.000000000000000000e+00 1.000000000000000000e+00 1.000000000000000000e+00 1.000000000000000000e+00 1.000000000000000000e+00 1.000000000000000000e+00 1.000000000000000000e+00 1.000000000000000000e+00 1.000000000000000000e+00 1.000000000000000000e+00 1.000000000000000000e+00 1.000000000000000000e+00 1.000000000000000000e+00 1.000000000000000000e+00 1.000000000000000000e+00 1.000000000000000000e+00 1.000000000000000000e+00
0.000000000000000000e+00 0.000000000000000000e+00 0.000000000000000000e+00 0.000000000000000000e+00 0.000000000000000000e+00 0.000000000000000000e+00 0.000000000000000000e+00 0.000000000000000000e+00 0.000000000000000000e+00 0.000000000000000000e+00 0.000000000000000000e+00 0.000000000000000000e+00 0.000000000000000000e+00 0.000000000000000000e+00 0.000000000000000000e+00 0.000000000000000000e+00 0.000000000000000000e+00 0.000000000000000000e+00 0.000000000000000000e+00 0.000000000000000000e+00 0.000000000000000000e+00 0.000000000000000000e+00 0.000000000000000000e+00 0.000000000000000000e+00 0.000000000000000000e+00 0.000000000000000000e+00 0.000000000000000000e+00 0.000000000000000000e+00 0.000000000000000000e+00 0.000000000000000000e+00 0.000000000000000000e+00 0.000000000000000000e+00 0.000000000000000000e+00 0.000000000000000000e+00 0.000000000000000000e+00 0.000000000000000000e+00 0.000000000000000000e+00 0.000000000000000000e+00 6.744386082503303461e-302 8.743586218152694650e-240 7.167248913624414527e-185 3.731867502325794491e-137 1.242991129865789659e-96 2.679242637488235644e-63 3.817109041843718912e-37 3.759864372601309510e-18 2.902084049246562583e-06 3.227201846513563788e-01 9.998487729048800565e-01 9.999999999999924505e-01 1.000000000000000000e+00 1.000000000000000000e+00 1.000000000000000000e+00 1.000000000000000000e+00 1.000000000000000000e+00 1.000000000000000000e+00 1.000000000000000000e+00 1.000000000000000000e+00 1.000000000000000000e+00 1.000000000000000000e+00 1.000000000000000000e+00 1.000000000000000000e+00 1.000000000000000000e+00 1.000000000000000000e+00 1.000000000000000000e+00 1.000000000000000000e+00 1.000000000000000000e+00 1.000000000000000000e+00 1.000000000000000000e+00 1.000000000000000000e+00 1.000000000000000000e+00 1.000000000000000000e+00 1.000000000000000000e+00 1.000000000000000000e+00 1.000000000000000000e+00 1.000000000000000000e+00 1.000000000000000000e+00 1.000000000000000000e+00 1.000000000000000000e+00 1.000000000000000000e+00 1.000000000000000000e+00 1.000000000000000000e+00 1.000000000000000000e+00 1.000000000000000000e+00 1.000000000000000000e+00 1.000000000000000000e+00 1.000000000000000000e+00 1.000000000000000000e+00 1.000000000000000000e+00 1.000000000000000000e+00 1.000000000000000000e+00 1.000000000000000000e+00 1.000000000000000000e+00 1.000000000000000000e+00 1.000000000000000000e+00 1.000000000000000000e+00 1.000000000000000000e+00 1.000000000000000000e+00 1.000000000000000000e+00 1.000000000000000000e+00
0.000000000000000000e+00 0.000000000000000000e+00 0.000000000000000000e+00 0.000000000000000000e+00 0.000000000000000000e+00 0.000000000000000000e+00 0.000000000000000000e+00 0.000000000000000000e+00 0.000000000000000000e+00 0.000000000000000000e+00 0.000000000000000000e+00 0.000000000000000000e+00 0.000000000000000000e+00 0.000000000000000000e+00 0.000000000000000000e+00 0.000000000000000000e+00 0.000000000000000000e+00 0.000000000000000000e+00 0.000000000000000000e+00 0.000000000000000000e+00 0.000000000000000000e+00 0.000000000000000000e+00 0.000000000000000000e+00 0.000000000000000000e+00 0.000000000000000000e+00 0.000000000000000000e+00 0.000000000000000000e+00 0.000000000000000000e+00 0.000000000000000000e+00 0.000000000000000000e+00 0.000000000000000000e+00 0.000000000000000000e+00 0.000000000000000000e+00 0.000000000000000000e+00 0.000000000000000000e+00 0.000000000000000000e+00 0.000000000000000000e+00 1.599211594426611825e-270 7.325879155171104154e-218 6.086102332622510477e-171 9.203658926857842307e-130 2.547549858988070934e-94 1.301996133575420959e-64 1.247108346561453102e-40 2.304245864604946570e-22 8.785063883261005062e-10 8.632574477958936815e-03 8.955848745374852538e-01 9.999995074428207342e-01 1.000000000000000000e+00 1.000000000000000000e+00 1.000000000000000000e+00 1.000000000000000000e+00 1.000000000000000000e+00 1.000000000000000000e+00 1.000000000000000000e+00 1.000000000000000000e+00 1.000000000000000000e+00 1.000000000000000000e+00 1.000000000000000000e+00 1.000000000000000000e+00 1.000000000000000000e+00 1.000000000000000000e+00 1.000000000000000000e+00 1.000000000000000000e+00 1.000000000000000000e+00 1.000000000000000000e+00 1.000000000000000000e+00 1.000000000000000000e+00 1.000000000000000000e+00 1.000000000000000000e+00 1.000000000000000000e+00 1.000000000000000000e+00 1.000000000000000000e+00 1.000000000000000000e+00 1.000000000000000000e+00 1.000000000000000000e+00 1.000000000000000000e+00 1.000000000000000000e+00 1.000000000000000000e+00 1.000000000000000000e+00 1.000000000000000000e+00 1.000000000000000000e+00 1.000000000000000000e+00 1.000000000000000000e+00 1.000000000000000000e+00 1.000000000000000000e+00 1.000000000000000000e+00 1.000000000000000000e+00 1.000000000000000000e+00 1.000000000000000000e+00 1.000000000000000000e+00 1.000000000000000000e+00 1.000000000000000000e+00 1.000000000000000000e+00 1.000000000000000000e+00 1.000000000000000000e+00 1.000000000000000000e+00 1.000000000000000000e+00 1.000000000000000000e+00
0.000000000000000000e+00 0.000000000000000000e+00 0.000000000000000000e+00 0.000000000000000000e+00 0.000000000000000000e+00 0.000000000000000000e+00 0.000000000000000000e+00 0.000000000000000000e+00 0.000000000000000000e+00 0.000000000000000000e+00 0.000000000000000000e+00 0.000000000000000000e+00 0.000000000000000000e+00 0.000000000000000000e+00 0.000000000000000000e+00 0.000000000000000000e+00 0.000000000000000000e+00 0.000000000000000000e+00 0.000000000000000000e+00 0.000000000000000000e+00 0.000000000000000000e+00 0.000000000000000000e+00 0.000000000000000000e+00 0.000000000000000000e+00 0.000000000000000000e+00 0.000000000000000000e+00 0.000000000000000000e+00 0.000000000000000000e+00 0.000000000000000000e+00 0.000000000000000000e+00 0.000000000000000000e+00 0.000000000000000000e+00 2.391321703618271920e-306 1.189821366811034128e-264 5.030832102842120974e-226 1.809465369052592357e-190 5.543383395754112659e-158 1.448940500510699639e-128 3.238693785056406744e-102 6.210335783493372656e-79 1.026339449806481676e-58 1.472186028176426550e-41 1.854188207756652242e-27 2.093798480145411471e-16 2.214078848236092594e-08 2.456210878572868007e-03 4.393660106437568547e-01 9.939217343018094120e-01 9.999998815114969908e-01 9.999999999999975575e-01 1.000000000000000000e+00 1.000000000000000000e+00 1.000000000000000000e+00 1.000000000000000000e+00 1.000000000000000000e+00 1.000000000000000000e+00 1.000000000000000000e+00 1.000000000000000000e+00 1.000000000000000000e+00 1.000000000000000000e+00 1.000000000000000000e+00 1.000000000000000000e+00 1.000000000000000000e+00 1.000000000000000000e+00 1.000000000000000000e+00 1.000000000000000000e+00 1.000000000000000000e+00 1.000000000000000000e+00 1.000000000000000000e+00 1.000000000000000000e+00 1.000000000000000000e+00 1.000000000000000000e+00 1.000000000000000000e+00 1.000000000000000000e+00 1.000000000000000000e+00 1.000000000000000000e+00 1.000000000000000000e+00 1.000000000000000000e+00 1.000000000000000000e+00 1.000000000000000000e+00 1.000000000000000000e+00 1.000000000000000000e+00 1.000000000000000000e+00 1.000000000000000000e+00 1.000000000000000000e+00 1.000000000000000000e+00 1.000000000000000000e+00 1.000000000000000000e+00 1.000000000000000000e+00 1.000000000000000000e+00 1.000000000000000000e+00 1.000000000000000000e+00 1.000000000000000000e+00 1.000000000000000000e+00 1.000000000000000000e+00 1.000000000000000000e+00 1.000000000000000000e+00 1.000000000000000000e+00 1.000000000000000000e+00 1.000000000000000000e+00
0.000000000000000000e+00 0.000000000000000000e+00 0.000000000000000000e+00 0.000000000000000000e+00 0.000000000000000000e+00 0.000000000000000000e+00 0.000000000000000000e+00 0.000000000000000000e+00 0.000000000000000000e+00 0.000000000000000000e+00 0.000000000000000000e+00 0.000000000000000000e+00 0.000000000000000000e+00 0.000000000000000000e+00 0.000000000000000000e+00 0.000000000000000000e+00 0.000000000000000000e+00 0.000000000000000000e+00 0.000000000000000000e+00 0.000000000000000000e+00 0.000000000000000000e+00 0.000000000000000000e+00 0.000000000000000000e+00 0.000000000000000000e+00 0.000000000000000000e+00 0.000000000000000000e+00 9.952259131925597153e-314 2.240759592184154961e-282 1.100005878853623172e-252 1.177804065033919720e-224 2.751757563521872349e-198 1.403535558403649389e-173 1.563783087639240001e-150 3.808852692038301464e-129 2.029936744924108283e-109 2.370055379738648518e-91 6.071475938521330158e-75 3.419681985421994776e-60 4.246814814627154765e-47 1.167564498978402182e-35 7.149192256482801017e-26 9.843363727024618653e-18 3.097945527869013899e-11 2.300099164480180590e-06 4.325485175400586857e-03 2.517941439612642052e-01 9.010989246609664161e-01 9.994117804406417171e-01 9.999999010102933461e-01 9.999999999995904387e-01 1.000000000000000000e+00 1.000000000000000000e+00 1.000000000000000000e+00 1.000000000000000000e+00 1.000000000000000000e+00 1.000000000000000000e+00 1.000000000000000000e+00 1.000000000000000000e+00 1.000000000000000000e+00 1.000000000000000000e+00 1.000000000000000000e+00 1.000000000000000000e+00 1.000000000000000000e+00 1.000000000000000000e+00 1.000000000000000000e+00 1.000000000000000000e+00 1.000000000000000000e+00 1.000000000000000000e+00 1.000000000000000000e+00 1.000000000000000000e+00 1.000000000000000000e+00 1.000000000000000000e+00 1.000000000000000000e+00 1.000000000000000000e+00 1.000000000000000000e+00 1.000000000000000000e+00 1.000000000000000000e+00 1.000000000000000000e+00 1.000000000000000000e+00 1.000000000000000000e+00 1.000000000000000000e+00 1.000000000000000000e+00 1.000000000000000000e+00 1.000000000000000000e+00 1.000000000000000000e+00 1.000000000000000000e+00 1.000000000000000000e+00 1.000000000000000000e+00 1.000000000000000000e+00 1.000000000000000000e+00 1.000000000000000000e+00 1.000000000000000000e+00 1.000000000000000000e+00 1.000000000000000000e+00 1.000000000000000000e+00 1.000000000000000000e+00 1.000000000000000000e+00 1.000000000000000000e+00 1.000000000000000000e+00 1.000000000000000000e+00
0.000000000000000000e+00 0.000000000000000000e+00 0.000000000000000000e+00 0.000000000000000000e+00 0.000000000000000000e+00 0.000000000000000000e+00 0.000000000000000000e+00 0.000000000000000000e+00 0.000000000000000000e+00 0.000000000000000000e+00 0.000000000000000000e+00 0.000000000000000000e+00 0.000000000000000000e+00 0.000000000000000000e+00 0.000000000000000000e+00 0.000000000000000000e+00 0.000000000000000000e+00 0.000000000000000000e+00 0.000000000000000000e+00 0.000000000000000000e+00 0.000000000000000000e+00 0.000000000000000000e+00 0.000000000000000000e+00 0.000000000000000000e+00 1.658153660070437460e-295 1.223913702566735766e-267 3.680952273204619830e-241 4.512097039182608832e-216 2.255033461486698464e-192 4.596833031056604825e-170 3.823887793883893130e-149 1.298811441691722152e-129 1.802575035365215985e-111 1.023140772802751357e-94 2.377742840619897229e-79 2.265788066008878544e-65 8.870403359648230504e-53 1.430504464176161300e-41 9.538587859002320530e-32 2.644411945776180262e-23 3.074475691136944500e-16 1.520906926446946695e-10 3.288537993487467048e-06 3.291466329790884542e-03 1.768230620546391851e-01 8.056994910211968675e-01 9.959974498408741272e-01 9.999955343826403276e-01 9.999999997686351838e-01 9.999999999999995559e-01 1.000000000000000000e+00 1.000000000000000000e+00 1.000000000000000000e+00 1.000000000000000000e+00 1.000000000000000000e+00 1.000000000000000000e+00 1.000000000000000000e+00 1.000000000000000000e+00 1.000000000000000000e+00 1.000000000000000000e+00 1.000000000000000000e+00 1.000000000000000000e+00 1.000000000000000000e+00 1.000000000000000000e+00 1.000000000000000000e+00 1.000000000000000000e+00 1.000000000000000000e+00 1.000000000000000000e+00 1.000000000000000000e+00 1.000000000000000000e+00 1.000000000000000000e+00 1.000000000000000000e+00 1.000000000000000000e+00 1.000000000000000000e+00 1.000000000000000000e+00 1.000000000000000000e+00 1.000000000000000000e+00 1.000000000000000000e+00 1.000000000000000000e+00 1.000000000000000000e+00 1.000000000000000000e+00 1.000000000000000000e+00 1.000000000000000000e+00 1.000000000000000000e+00 1.000000000000000000e+00 1.000000000000000000e+00 1.000000000000000000e+00 1.000000000000000000e+00 1.000000000000000000e+00 1.000000000000000000e+00 1.000000000000000000e+00 1.000000000000000000e+00 1.000000000000000000e+00 1.000000000000000000e+00 1.000000000000000000e+00 1.000000000000000000e+00 1.000000000000000000e+00 1.000000000000000000e+00 1.000000000000000000e+00 1.000000000000000000e+00
0.000000000000000000e+00 0.000000000000000000e+00 0.000000000000000000e+00 0.000000000000000000e+00 0.000000000000000000e+00 0.000000000000000000e+00 0.000000000000000000e+00 0.000000000000000000e+00 0.000000000000000000e+00 0.000000000000000000e+00 0.000000000000000000e+00 0.000000000000000000e+00 0.000000000000000000e+00 0.000000000000000000e+00 0.000000000000000000e+00 0.000000000000000000e+00 6.860479546424754414e-308 4.239541945809257396e-286 4.102798753506980786e-265 6.218522970552020200e-245 1.476369369137921521e-225 5.491180098281187785e-207 3.200145684070998519e-189 2.922723379445367140e-172 4.184196127800994236e-156 9.391816452145280787e-141 3.306167749366983307e-126 1.825929678427243257e-112 1.582705878840881126e-99 2.154172869103443572e-87 4.606549567229277184e-76 1.548791889968587729e-65 8.194351951287015552e-56 6.830045592451053715e-47 8.981380583210882702e-39 1.866788303537219769e-31 6.148848253672374620e-25 3.221069707506693838e-19 2.697681109927606436e-14 3.641301694813926995e-10 8.026136319150279359e-07 2.957149010975029650e-04 1.906939561792427018e-02 2.384784692980639054e-01 7.424603256714816801e-01 9.779481356019072980e-01 9.996312676174390344e-01 9.999989176796781898e-01 9.999999994682198245e-01 9.999999999999573674e-01 1.000000000000000000e+00 1.000000000000000000e+00 1.000000000000000000e+00 1.000000000000000000e+00 1.000000000000000000e+00 1.000000000000000000e+00 1.000000000000000000e+00 1.000000000000000000e+00 1.000000000000000000e+00 1.000000000000000000e+00 1.000000000000000000e+00 1.000000000000000000e+00 1.000000000000000000e+00 1.000000000000000000e+00 1.000000000000000000e+00 1.000000000000000000e+00 1.000000000000000000e+00 1.000000000000000000e+00 1.000000000000000000e+00 1.000000000000000000e+00 1.000000000000000000e+00 1.000000000000000000e+00 1.000000000000000000e+00 1.000000000000000000e+00 1.000000000000000000e+00 1.000000000000000000e+00 1.000000000000000000e+00 1.000000000000000000e+00 1.000000000000000000e+00 1.000000000000000000e+00 1.000000000000000000e+00 1.000000000000000000e+00 1.000000000000000000e+00 1.000000000000000000e+00 1.000000000000000000e+00 1.000000000000000000e+00 1.000000000000000000e+00 1.000000000000000000e+00 1.000000000000000000e+00 1.000000000000000000e+00 1.000000000000000000e+00 1.000000000000000000e+00 1.000000000000000000e+00 1.000000000000000000e+00 1.000000000000000000e+00 1.000000000000000000e+00 1.000000000000000000e+00 1.000000000000000000e+00 1.000000000000000000e+00 1.000000000000000000e+00
0.000000000000000000e+00 0.000000000000000000e+00 0.000000000000000000e+00 0.000000000000000000e+00 0.000000000000000000e+00 0.000000000000000000e+00 0.000000000000000000e+00 3.952525166729972353e-323 3.208127418761267872e-305 8.174791853083974443e-288 6.370414072267983664e-271 1.518269793248064978e-254 1.106744591240258262e-238 2.467701091880819002e-223 1.683127295364819469e-208 3.512017769186810236e-194 2.242083856444508260e-180 4.379727595666134534e-167 2.618137811100428639e-154 4.790097615163902983e-142 2.682664214262719510e-130 4.599712094705310459e-119 2.415015643920058401e-108 3.883552118848401031e-98 1.913233855484779207e-88 2.888449254061884453e-79 1.336809904491196784e-70 1.897410120235175774e-62 8.263292372482008090e-55 1.104852351552243285e-47 4.538707450777780000e-41 5.733664884232880136e-35 2.230000509709182494e-29 2.674211442280441880e-24 9.907326947781248484e-20 1.136950114026655141e-15 4.056622095655891514e-12 4.524502691987108305e-09 1.590483074911680691e-06 1.785616071531340708e-04 6.550412957217630061e-03 8.194039134661272594e-02 3.808465321574562301e-01 7.839552063099954893e-01 9.695692389046012272e-01 9.984785933484138232e-01 9.999746372168296649e-01 9.999998634601121594e-01 9.999999997668076457e-01 9.999999999998749889e-01 1.000000000000000000e+00 1.000000000000000000e+00 1.000000000000000000e+00 1.000000000000000000e+00 1.000000000000000000e+00 1.000000000000000000e+00 1.000000000000000000e+00 1.000000000000000000e+00 1.000000000000000000e+00 1.000000000000000000e+00 1.000000000000000000e+00 1.000000000000000000e+00 1.000000000000000000e+00 1.000000000000000000e+00 1.000000000000000000e+00 1.000000000000000000e+00 1.000000000000000000e+00 1.000000000000000000e+00 1.000000000000000000e+00 1.000000000000000000e+00 1.000000000000000000e+00 1.000000000000000000e+00 1.000000000000000000e+00 1.000000000000000000e+00 1.000000000000000000e+00 1.000000000000000000e+00 1.000000000000000000e+00 1.000000000000000000e+00 1.000000000000000000e+00 1.000000000000000000e+00 1.000000000000000000e+00 1.000000000000000000e+00 1.000000000000000000e+00 1.000000000000000000e+00 1.000000000000000000e+00 1.000000000000000000e+00 1.000000000000000000e+00 1.000000000000000000e+00 1.000000000000000000e+00 1.000000000000000000e+00 1.000000000000000000e+00 1.000000000000000000e+00 1.000000000000000000e+00 1.000000000000000000e+00 1.000000000000000000e+00 1.000000000000000000e+00 1.000000000000000000e+00 1.000000000000000000e+00 1.000000000000000000e+00 1.000000000000000000e+00
1.992858604261686844e-221 6.668533183258191097e-211 1.230225547049386899e-200 1.251277305849667815e-190 7.017003532844198655e-181 2.169677731424711515e-171 3.699147334430985403e-162 3.477681758118483754e-153 1.802936692174937289e-144 5.154612776831642466e-136 8.127578041588158943e-128 7.068101366455339731e-120 3.390397265466824304e-112 8.970927637803159703e-105 1.309481325249036390e-97 1.054573172044709364e-90 4.686131527931858229e-84 1.149113242304715897e-77 1.555171496556855418e-71 1.161782079733691903e-65 4.791532572590830654e-60 1.091214970424373947e-54 1.372547131803555114e-49 9.537511564697148493e-45 3.662364251713739636e-40 7.774215223491994183e-36 9.126359024446930788e-32 5.927839672043766969e-28 2.131617014025151989e-24 4.246669548546787614e-21 4.691391063842376796e-18 2.877105035946318757e-15 9.809205023046038560e-13 1.862726185184481596e-10 1.975089383563493934e-08 1.173368391081161497e-06 3.924573812275555188e-05 7.442723371066552315e-04 8.089437908060100740e-03 5.125524039284855282e-02 1.946877657383977167e-01 4.646609606098611733e-01 7.528085339681080956e-01 9.272216603884988473e-01 9.870416994069715066e-01 9.986479357361099929e-01 9.999188862199079875e-01 9.999972351370469692e-01 9.999999468668426816e-01 9.999999994273544024e-01 9.999999999965515363e-01 9.999999999999884537e-01 1.000000000000000000e+00 1.000000000000000000e+00 1.000000000000000000e+00 1.000000000000000000e+00 1.000000000000000000e+00 1.000000000000000000e+00 1.000000000000000000e+00 1.000000000000000000e+00 1.000000000000000000e+00 1.000000000000000000e+00 1.000000000000000000e+00 1.000000000000000000e+00 1.000000000000000000e+00 1.000000000000000000e+00 1.000000000000000000e+00 1.000000000000000000e+00 1.000000000000000000e+00 1.000000000000000000e+00 1.000000000000000000e+00 1.000000000000000000e+00 1.000000000000000000e+00 1.000000000000000000e+00 1.000000000000000000e+00 1.000000000000000000e+00 1.000000000000000000e+00 1.000000000000000000e+00 1.000000000000000000e+00 1.000000000000000000e+00 1.000000000000000000e+00 1.000000000000000000e+00 1.000000000000000000e+00 1.000000000000000000e+00 1.000000000000000000e+00 1.000000000000000000e+00 1.000000000000000000e+00 1.000000000000000000e+00 1.000000000000000000e+00 1.000000000000000000e+00 1.000000000000000000e+00 1.000000000000000000e+00 1.000000000000000000e+00 1.000000000000000000e+00 1.000000000000000000e+00 1.000000000000000000e+00 1.000000000000000000e+00 1.000000000000000000e+00 1.000000000000000000e+00 1.000000000000000000e+00
2.616766336631500167e-255 1.104960572805366099e-242 2.219173735762030431e-230 2.119893867962093824e-218 9.632347091410675438e-207 2.081918146314969371e-195 2.140566050024214758e-184 1.047005100951315599e-173 2.436396037310287341e-163 2.697440693125032271e-153 1.420984819968263814e-143 3.561984145793677982e-134 4.249074635805307919e-125 2.412321601558029242e-116 6.518648167287930632e-108 8.385123433945030364e-100 5.135053294392195582e-92 1.497355498045117936e-84 2.079305854939325485e-77 1.375320650320588457e-70 4.333829489476765271e-64 6.507675848884170655e-58 4.657866054982957360e-52 1.589631291375520210e-46 2.587741888970472961e-41 2.010293242112354655e-36 7.456775569056748722e-32 1.321561679912471452e-27 1.120026575295509573e-23 4.543856380365612600e-20 8.835902594084544611e-17 8.250008085567578316e-14 3.707050960904839089e-11 8.041378819964201602e-09 8.458090459797058401e-07 4.341582896684506837e-05 1.098292689528662311e-03 1.390909166969195310e-02 9.054560381666519608e-02 3.174061118565902340e-01 6.507971873465026036e-01 8.943341112530310832e-01 9.826717777446816182e-01 9.985340451248536642e-01 9.999377841015266721e-01 9.999986970536175468e-01 9.999999866728288556e-01 9.999999999338659018e-01 9.999999999998414602e-01 9.999999999999997780e-01 1.000000000000000000e+00 1.000000000000000000e+00 1.000000000000000000e+00 1.000000000000000000e+00 1.000000000000000000e+00 1.000000000000000000e+00 1.000000000000000000e+00 1.000000000000000000e+00 1.000000000000000000e+00 1.000000000000000000e+00 1.000000000000000000e+00 1.000000000000000000e+00 1.000000000000000000e+00 1.000000000000000000e+00 1.000000000000000000e+00 1.000000000000000000e+00 1.000000000000000000e+00 1.000000000000000000e+00 1.000000000000000000e+00 1.000000000000000000e+00 1.000000000000000000e+00 1.000000000000000000e+00 1.000000000000000000e+00 1.000000000000000000e+00 1.000000000000000000e+00 1.000000000000000000e+00 1.000000000000000000e+00 1.000000000000000000e+00 1.000000000000000000e+00 1.000000000000000000e+00 1.000000000000000000e+00 1.000000000000000000e+00 1.000000000000000000e+00 1.000000000000000000e+00 1.000000000000000000e+00 1.000000000000000000e+00 1.000000000000000000e+00 1.000000000000000000e+00 1.000000000000000000e+00 1.000000000000000000e+00 1.000000000000000000e+00 1.000000000000000000e+00 1.000000000000000000e+00 1.000000000000000000e+00 1.000000000000000000e+00 1.000000000000000000e+00 1.000000000000000000e+00 1.000000000000000000e+00 1.000000000000000000e+00 1.000000000000000000e+00
4.637447307594818469e-148 2.069528775592243900e-140 5.753086571559646392e-133 9.962892444202735063e-126 1.074842364104675841e-118 7.224376639051251473e-112 3.025350523446217412e-105 7.893987037400410499e-99 1.283484691217603522e-92 1.300437825112952929e-86 8.211592702225583260e-81 3.231782482394191022e-75 7.928226359500505828e-70 1.212484986957433210e-64 1.156101722560707194e-59 6.873765314725346480e-55 2.548823712629218552e-50 5.895329647783932048e-46 8.507214446406757150e-42 7.660880625257866670e-38 4.306248556114988660e-34 1.511420042595021822e-30 3.313581314933052717e-27 4.539699991837741645e-24 3.888680454192984392e-21 2.084009891476011970e-18 6.992929564023974052e-16 1.470626205704108957e-13 1.940714762146758457e-11 1.609611871915700093e-09 8.407679137068223961e-08 2.773483907302942566e-06 5.799843984480519324e-05 7.729905870655930621e-04 6.617429940191770117e-03 3.681856175770876344e-02 1.355927067271597009e-01 3.402385920308695355e-01 6.089996272106854569e-01 8.327870377776076527e-01 9.509120712759258076e-01 9.904170104801426344e-01 9.987805129101491319e-01 9.999001265128906191e-01 9.999947801746604803e-01 9.999998269003038676e-01 9.999999963724514052e-01 9.999999999521003158e-01 9.999999999996023181e-01 9.999999999999980016e-01 1.000000000000000000e+00 1.000000000000000000e+00 1.000000000000000000e+00 1.000000000000000000e+00 1.000000000000000000e+00 1.000000000000000000e+00 1.000000000000000000e+00 1.000000000000000000e+00 1.000000000000000000e+00 1.000000000000000000e+00 1.000000000000000000e+00 1.000000000000000000e+00 1.000000000000000000e+00 1.000000000000000000e+00 1.000000000000000000e+00 1.000000000000000000e+00 1.000000000000000000e+00 1.000000000000000000e+00 1.000000000000000000e+00 1.000000000000000000e+00 1.000000000000000000e+00 1.000000000000000000e+00 1.000000000000000000e+00 1.000000000000000000e+00 1.000000000000000000e+00 1.000000000000000000e+00 1.000000000000000000e+00 1.000000000000000000e+00 1.000000000000000000e+00 1.000000000000000000e+00 1.000000000000000000e+00 1.000000000000000000e+00 1.000000000000000000e+00 1.000000000000000000e+00 1.000000000000000000e+00 1.000000000000000000e+00 1.000000000000000000e+00 1.000000000000000000e+00 1.000000000000000000e+00 1.000000000000000000e+00 1.000000000000000000e+00 1.000000000000000000e+00 1.000000000000000000e+00 1.000000000000000000e+00 1.000000000000000000e+00 1.000000000000000000e+00 1.000000000000000000e+00 1.000000000000000000e+00 1.000000000000000000e+00 1.000000000000000000e+00
1.447866190017797204e-84 5.386439517252474681e-80 1.486405289033025705e-75 3.042678790093328106e-71 4.620422066240893644e-67 5.205222844411582109e-63 4.350679325390599966e-59 2.698147124483807071e-55 1.241649199192736008e-51 4.240279643744670321e-48 1.074717032378178072e-44 2.021828767806775352e-41 2.823562178541008588e-38 2.927599842598681849e-35 2.253998820529065759e-32 1.288838377015016264e-29 5.474341211202009801e-27 1.727636674129224671e-24 4.052041782091603734e-22 7.065269204009264983e-20 9.161611705590524412e-18 8.838663143652546846e-16 6.347330425175976232e-14 3.395065516228447774e-12 1.353559418565971337e-10 4.025984011265447851e-09 8.943821209543436636e-08 1.486112592077680746e-06 1.850362677795910240e-05 1.730551442152199822e-04 1.219636465132576840e-03 6.505718127838733267e-03 2.642542049199512674e-02 8.244386276586412876e-02 2.000337222849539742e-01 3.843092868882976854e-01 5.999184801109793685e-01 7.882762568189600749e-01 9.111342970546851827e-01 9.709598558334316953e-01 9.927052142869956519e-01 9.986038716664220605e-01 9.997976860033821467e-01 9.999779012650741317e-01 9.999981864798443976e-01 9.999998884620294737e-01 9.999999948683895301e-01 9.999999998236470677e-01 9.999999999954782837e-01 9.999999999999136246e-01 9.999999999999987788e-01 1.000000000000000000e+00 1.000000000000000000e+00 1.000000000000000000e+00 1.000000000000000000e+00 1.000000000000000000e+00 1.000000000000000000e+00 1.000000000000000000e+00 1.000000000000000000e+00 1.000000000000000000e+00 1.000000000000000000e+00 1.000000000000000000e+00 1.000000000000000000e+00 1.000000000000000000e+00 1.000000000000000000e+00 1.000000000000000000e+00 1.000000000000000000e+00 1.000000000000000000e+00 1.000000000000000000e+00 1.000000000000000000e+00 1.000000000000000000e+00 1.000000000000000000e+00 1.000000000000000000e+00 1.000000000000000000e+00 1.000000000000000000e+00 1.000000000000000000e+00 1.000000000000000000e+00 1.000000000000000000e+00 1.000000000000000000e+00 1.000000000000000000e+00 1.000000000000000000e+00 1.000000000000000000e+00 1.000000000000000000e+00 1.000000000000000000e+00 1.000000000000000000e+00 1.000000000000000000e+00 1.000000000000000000e+00 1.000000000000000000e+00 1.000000000000000000e+00 1.000000000000000000e+00 1.000000000000000000e+00 1.000000000000000000e+00 1.000000000000000000e+00 1.000000000000000000e+00 1.000000000000000000e+00 1.000000000000000000e+00 1.000000000000000000e+00 1.000000000000000000e+00 1.000000000000000000e+00 1.000000000000000000e+00
4.954220361935902134e-37 6.017870864473867654e-35 6.320764852012831830e-33 5.740915004608585541e-31 4.509259676387003171e-29 3.063181382883530898e-27 1.799771402135138510e-25 9.146954868482636676e-24 4.021534048852691627e-22 1.529710100673810034e-20 5.034776887405716628e-19 1.434045156741824993e-17 3.535265160097161571e-16 7.544514788746062918e-15 1.394037329578107291e-13 2.230728685385308096e-12 3.092131874301181849e-11 3.713939354679366927e-10 3.866556201439052691e-09 3.490589314810695734e-08 2.733763854299947331e-07 1.858454783765154992e-06 1.097388079281431955e-05 5.632927130879799405e-05 2.515929212295975694e-04 9.789847295767796498e-04 3.323660998101082235e-03 9.863645466302032455e-03 2.564922593371404130e-02 5.862111023525190534e-02 1.182194718352405083e-01 2.114458308111052398e-01 3.376465848178720197e-01 4.854918427580029450e-01 6.353832915844246365e-01 7.668968350463638561e-01 8.667557375789533003e-01 9.323736926703352079e-01 9.696878389269519838e-01 9.880503902227344426e-01 9.958701521549361280e-01 9.987518333642899648e-01 9.996707578180967779e-01 9.999243194319523687e-01 9.999848596892386698e-01 9.999973665494255037e-01 9.999996020816190878e-01 9.999999478033705369e-01 9.999999940595223347e-01 9.999999994136982151e-01 9.999999999498392356e-01 9.999999999962811970e-01 9.999999999997611910e-01 9.999999999999866773e-01 9.999999999999993339e-01 1.000000000000000000e+00 1.000000000000000000e+00 1.000000000000000000e+00 1.000000000000000000e+00 1.000000000000000000e+00 1.000000000000000000e+00 1.000000000000000000e+00 1.000000000000000000e+00 1.000000000000000000e+00 1.000000000000000000e+00 1.000000000000000000e+00 1.000000000000000000e+00 1.000000000000000000e+00 1.000000000000000000e+00 1.000000000000000000e+00 1.000000000000000000e+00 1.000000000000000000e+00 1.000000000000000000e+00 1.000000000000000000e+00 1.000000000000000000e+00 1.000000000000000000e+00 1.000000000000000000e+00 1.000000000000000000e+00 1.000000000000000000e+00 1.000000000000000000e+00 1.000000000000000000e+00 1.000000000000000000e+00 1.000000000000000000e+00 1.000000000000000000e+00 1.000000000000000000e+00 1.000000000000000000e+00 1.000000000000000000e+00 1.000000000000000000e+00 1.000000000000000000e+00 1.000000000000000000e+00 1.000000000000000000e+00 1.000000000000000000e+00 1.000000000000000000e+00 1.000000000000000000e+00 1.000000000000000000e+00 1.000000000000000000e+00 1.000000000000000000e+00 1.000000000000000000e+00 1.000000000000000000e+00 1.000000000000000000e+00
1.948163571574005957e-50 2.746678433963504539e-47 3.040558308001789872e-44 2.642997106480616864e-41 1.804165306380710617e-38 9.672416803044146084e-36 4.073056281255099812e-33 1.347367232457239657e-30 3.501803865038448561e-28 7.151643272588731892e-26 1.147903005726872340e-23 1.448364677768804121e-21 1.436895360405005451e-19 1.121149803228743920e-17 6.882231367960357100e-16 3.324919555184514408e-14 1.264757206929426039e-12 3.789929428244916229e-11 8.952041746171404434e-10 1.668041971080140476e-08 2.454072466317232476e-07 2.854059023197246052e-06 2.627626624401223311e-05 1.918649104595402028e-04 1.113797830561459373e-03 5.156804392458063518e-03 1.912402765259361981e-02 5.714058512828427278e-02 1.386748659839271425e-01 2.764751160793675888e-01 4.600141952483829955e-01 6.526737550768217933e-01 8.120554912511956935e-01 9.159667873487939982e-01 9.693545158719317767e-01 9.909688295185641316e-01 9.978635886774533947e-01 9.995962803834250732e-01 9.999392746027455647e-01 9.999927492139766283e-01 9.999993141504528449e-01 9.999999486894781686e-01 9.999999969677175748e-01 9.999999998585900052e-01 9.999999999948002705e-01 9.999999999998493427e-01 9.999999999999965583e-01 1.000000000000000000e+00 1.000000000000000000e+00 1.000000000000000000e+00 1.000000000000000000e+00 1.000000000000000000e+00 1.000000000000000000e+00 1.000000000000000000e+00 1.000000000000000000e+00 1.000000000000000000e+00 1.000000000000000000e+00 1.000000000000000000e+00 1.000000000000000000e+00 1.000000000000000000e+00 1.000000000000000000e+00 1.000000000000000000e+00 1.000000000000000000e+00 1.000000000000000000e+00 1.000000000000000000e+00 1.000000000000000000e+00 1.000000000000000000e+00 1.000000000000000000e+00 1.000000000000000000e+00 1.000000000000000000e+00 1.000000000000000000e+00 1.000000000000000000e+00 1.000000000000000000e+00 1.000000000000000000e+00 1.000000000000000000e+00 1.000000000000000000e+00 1.000000000000000000e+00 1.000000000000000000e+00 1.000000000000000000e+00 1.000000000000000000e+00 1.000000000000000000e+00 1.000000000000000000e+00 1.000000000000000000e+00 1.000000000000000000e+00 1.000000000000000000e+00 1.000000000000000000e+00 1.000000000000000000e+00 1.000000000000000000e+00 1.000000000000000000e+00 1.000000000000000000e+00 1.000000000000000000e+00 1.000000000000000000e+00 1.000000000000000000e+00 1.000000000000000000e+00 1.000000000000000000e+00 1.000000000000000000e+00 1.000000000000000000e+00 1.000000000000000000e+00 1.000000000000000000e+00 1.000000000000000000e+00
1.664050318861397507e-19 2.807363910568619152e-18 4.288388159860672806e-17 5.931869493859709233e-16 7.430780947720339746e-15 8.430839324609450101e-14 8.664716450979616742e-13 8.067616816516575481e-12 6.806302133056480635e-11 5.203897034580290745e-10 3.606487384047589470e-09 2.266090545191849723e-08 1.291280130118385402e-07 6.674895140658227590e-07 3.131123387018847118e-06 1.333409402513158464e-05 5.157514904555551995e-05 1.812901150659192975e-04 5.794993162528772144e-04 1.685861216214058463e-03 4.467823935139186679e-03 1.079888848154360835e-02 2.383885216944703345e-02 4.814705073939940655e-02 8.915878555015165075e-02 1.517832980532611009e-01 2.383324789388907849e-01 3.465917581717022911e-01 4.691525859246846175e-01 5.947333380625402510e-01 7.111940401607370621e-01 8.089448537765754343e-01 8.832032163134405645e-01 9.342599893491430052e-01 9.660318757763017850e-01 9.839260875623805358e-01 9.930474564997247011e-01 9.972555265457014873e-01 9.990125545210354341e-01 9.996765179349997865e-01 9.999035964582906333e-01 9.999738827793888118e-01 9.999935718191066414e-01 9.999985633425152454e-01 9.999997085711329614e-01 9.999999463631147334e-01 9.999999910462242791e-01 9.999999986446879152e-01 9.999999998140238766e-01 9.999999999768705017e-01 9.999999999973933074e-01 9.999999999997337685e-01 9.999999999999753530e-01 9.999999999999980016e-01 9.999999999999997780e-01 1.000000000000000000e+00 1.000000000000000000e+00 1.000000000000000000e+00 1.000000000000000000e+00 1.000000000000000000e+00 1.000000000000000000e+00 1.000000000000000000e+00 1.000000000000000000e+00 1.000000000000000000e+00 1.000000000000000000e+00 1.000000000000000000e+00 1.000000000000000000e+00 1.000000000000000000e+00 1.000000000000000000e+00 1.000000000000000000e+00 1.000000000000000000e+00 1.000000000000000000e+00 1.000000000000000000e+00 1.000000000000000000e+00 1.000000000000000000e+00 1.000000000000000000e+00 1.000000000000000000e+00 1.000000000000000000e+00 1.000000000000000000e+00 1.000000000000000000e+00 1.000000000000000000e+00 1.000000000000000000e+00 1.000000000000000000e+00 1.000000000000000000e+00 1.000000000000000000e+00 1.000000000000000000e+00 1.000000000000000000e+00 1.000000000000000000e+00 1.000000000000000000e+00 1.000000000000000000e+00 1.000000000000000000e+00 1.000000000000000000e+00 1.000000000000000000e+00 1.000000000000000000e+00 1.000000000000000000e+00 1.000000000000000000e+00 1.000000000000000000e+00 1.000000000000000000e+00 1.000000000000000000e+00 1.000000000000000000e+00
6.365272155754068247e-21 1.476753931947186772e-19 3.056154012943671796e-18 5.642372491186001157e-17 9.294287298831971422e-16 1.366131000701113650e-14 1.792054409619500527e-13 2.098268054892679811e-12 2.193304784608838779e-11 2.047166168046881272e-10 1.706568100674817506e-09 1.270942017039699734e-08 8.458481019095280313e-08 5.032431961195948034e-07 2.677704823955575165e-06 1.274849432723445561e-05 5.433976844999472035e-05 2.075100905397181622e-04 7.105322106766926099e-04 2.183677329757289370e-03 6.030971901465624792e-03 1.499125613984689763e-02 3.360136987371922790e-02 6.807135288157804831e-02 1.250092270883465806e-01 2.088841838270592555e-01 3.190727130936188982e-01 4.481693692981209565e-01 5.830560328434307715e-01 7.087454428930088923e-01 8.131942840141608286e-01 8.906017403390243947e-01 9.417622120463404745e-01 9.719170207652045868e-01 9.877676324305455502e-01 9.951978137660111301e-01 9.983038942223476653e-01 9.994618215675583617e-01 9.998467678635758471e-01 9.999608883526998060e-01 9.999910576858954681e-01 9.999981698201838576e-01 9.999996648831671608e-01 9.999999451276910811e-01 9.999999919686062277e-01 9.999999989495864661e-01 9.999999998772750587e-01 9.999999999871944656e-01 9.999999999988069543e-01 9.999999999999007461e-01 9.999999999999926725e-01 9.999999999999995559e-01 1.000000000000000000e+00 1.000000000000000000e+00 1.000000000000000000e+00 1.000000000000000000e+00 1.000000000000000000e+00 1.000000000000000000e+00 1.000000000000000000e+00 1.000000000000000000e+00 1.000000000000000000e+00 1.000000000000000000e+00 1.000000000000000000e+00 1.000000000000000000e+00 1.000000000000000000e+00 1.000000000000000000e+00 1.000000000000000000e+00 1.000000000000000000e+00 1.000000000000000000e+00 1.000000000000000000e+00 1.000000000000000000e+00 1.000000000000000000e+00 1.000000000000000000e+00 1.000000000000000000e+00 1.000000000000000000e+00 1.000000000000000000e+00 1.000000000000000000e+00 1.000000000000000000e+00 1.000000000000000000e+00 1.000000000000000000e+00 1.000000000000000000e+00 1.000000000000000000e+00 1.000000000000000000e+00 1.000000000000000000e+00 1.000000000000000000e+00 1.000000000000000000e+00 1.000000000000000000e+00 1.000000000000000000e+00 1.000000000000000000e+00 1.000000000000000000e+00 1.000000000000000000e+00 1.000000000000000000e+00 1.000000000000000000e+00 1.000000000000000000e+00 1.000000000000000000e+00 1.000000000000000000e+00 1.000000000000000000e+00 1.000000000000000000e+00 1.000000000000000000e+00 1.000000000000000000e+00
5.694303154817299182e-14 4.480657619434898128e-13 3.267689762715903478e-12 2.208927866011942407e-11 1.384243659812183459e-10 8.042444187934159893e-10 4.332800656973044852e-09 2.164823892429906386e-08 1.003289709658566961e-07 4.313868079288049371e-07 1.721245035454371687e-06 6.374798154810239756e-06 2.192134185404643273e-05 7.001538700398841214e-05 2.077866845558884890e-04 5.732449518648445293e-04 1.470942309436254871e-03 3.512852453778367214e-03 7.813750361314597548e-03 1.620252755798149563e-02 3.135405036585944827e-02 5.669558828838427988e-02 9.594467483113691686e-02 1.522366856711642458e-01 2.269994225591149828e-01 3.189480629741985318e-01 4.236675410607083636e-01 5.341089351304237898e-01 6.419684925008080079e-01 7.395140939174427164e-01 8.212059724557873031e-01 8.845596623519041968e-01 9.300570396272886953e-01 9.603137478424598195e-01 9.789465076581559400e-01 9.895720741236655460e-01 9.951831414576226553e-01 9.979269658716012348e-01 9.991694288310372096e-01 9.996904143143456878e-01 9.998927075973963463e-01 9.999654436113130096e-01 9.999896610467355895e-01 9.999971275240501223e-01 9.999992591477033788e-01 9.999998226693962433e-01 9.999999606169925892e-01 9.999999918863538007e-01 9.999999984496674710e-01 9.999999997252966288e-01 9.999999999548694340e-01 9.999999999931263872e-01 9.999999999990295541e-01 9.999999999998729905e-01 9.999999999999846789e-01 9.999999999999982236e-01 9.999999999999997780e-01 1.000000000000000000e+00 1.000000000000000000e+00 1.000000000000000000e+00 1.000000000000000000e+00 1.000000000000000000e+00 1.000000000000000000e+00 1.000000000000000000e+00 1.000000000000000000e+00 1.000000000000000000e+00 1.000000000000000000e+00 1.000000000000000000e+00 1.000000000000000000e+00 1.000000000000000000e+00 1.000000000000000000e+00 1.000000000000000000e+00 1.000000000000000000e+00 1.000000000000000000e+00 1.000000000000000000e+00 1.000000000000000000e+00 1.000000000000000000e+00 1.000000000000000000e+00 1.000000000000000000e+00 1.000000000000000000e+00 1.000000000000000000e+00 1.000000000000000000e+00 1.000000000000000000e+00 1.000000000000000000e+00 1.000000000000000000e+00 1.000000000000000000e+00 1.000000000000000000e+00 1.000000000000000000e+00 1.000000000000000000e+00 1.000000000000000000e+00 1.000000000000000000e+00 1.000000000000000000e+00 1.000000000000000000e+00 1.000000000000000000e+00 1.000000000000000000e+00 1.000000000000000000e+00 1.000000000000000000e+00 1.000000000000000000e+00 1.000000000000000000e+00 1.000000000000000000e+00
4.081818686733831676e-14 3.352990309342290934e-13 2.546774876462307546e-12 1.788848891614797033e-11 1.162068798244854448e-10 6.982664675601140481e-10 3.881543913228460768e-09 1.996422264333186709e-08 9.502646795049249621e-08 4.186695529456458388e-07 1.707794448806712865e-06 6.451412591828722013e-06 2.257689063890444984e-05 7.321828074587976643e-05 2.201415801127735788e-04 6.139359871456075753e-04 1.589024194497384206e-03 3.819591384198565108e-03 8.533543814443000225e-03 1.773708314664047825e-02 3.433774958321920284e-02 6.200068087396313349e-02 1.045873636899674608e-01 1.651567463040595762e-01 2.447427757445822805e-01 3.413535102967377721e-01 4.497010711131824712e-01 5.619593324474232432e-01 6.694134266803873912e-01 7.644373652222583582e-01 8.420707040772992258e-01 9.006667501330933856e-01 9.415262132661201822e-01 9.678483198983824920e-01 9.835140804143045479e-01 9.921276713460647212e-01 9.965030723137082713e-01 9.985563662953198527e-01 9.994465563663318397e-01 9.998030988173502998e-01 9.999350262360935382e-01 9.999801237416485744e-01 9.999943654411249661e-01 9.999985203456949190e-01 9.999996401657127443e-01 9.999999189839894331e-01 9.999999831164496644e-01 9.999999967439416881e-01 9.999999994189983088e-01 9.999999999040931620e-01 9.999999999853563803e-01 9.999999999979320986e-01 9.999999999997299938e-01 9.999999999999673594e-01 9.999999999999963363e-01 9.999999999999995559e-01 1.000000000000000000e+00 1.000000000000000000e+00 1.000000000000000000e+00 1.000000000000000000e+00 1.000000000000000000e+00 1.000000000000000000e+00 1.000000000000000000e+00 1.000000000000000000e+00 1.000000000000000000e+00 1.000000000000000000e+00 1.000000000000000000e+00 1.000000000000000000e+00 1.000000000000000000e+00 1.000000000000000000e+00 1.000000000000000000e+00 1.000000000000000000e+00 1.000000000000000000e+00 1.000000000000000000e+00 1.000000000000000000e+00 1.000000000000000000e+00 1.000000000000000000e+00 1.000000000000000000e+00 1.000000000000000000e+00 1.000000000000000000e+00 1.000000000000000000e+00 1.000000000000000000e+00 1.000000000000000000e+00 1.000000000000000000e+00 1.000000000000000000e+00 1.000000000000000000e+00 1.000000000000000000e+00 1.000000000000000000e+00 1.000000000000000000e+00 1.000000000000000000e+00 1.000000000000000000e+00 1.000000000000000000e+00 1.000000000000000000e+00 1.000000000000000000e+00 1.000000000000000000e+00 1.000000000000000000e+00 1.000000000000000000e+00 1.000000000000000000e+00 1.000000000000000000e+00 1.000000000000000000e+00
5.184519331903545547e-30 5.489217283782489423e-28 4.894116669028179497e-26 3.674909221270436031e-24 2.324230612275073905e-22 1.238312842395645447e-20 5.558604304449733148e-19 2.102614813729465293e-17 6.703426790876339202e-16 1.801664847324779170e-14 4.083217171667551066e-13 7.805688003042548503e-12 1.259071269452536558e-10 1.714336549224136052e-09 1.971318884925642489e-08 1.915495598400240471e-07 1.573866116293489707e-06 1.094409261703705829e-05 6.447071888327790903e-05 3.221578022199243318e-04 1.367702737417544716e-03 4.943249982167275715e-03 1.524978183867061257e-02 4.029189303448325876e-02 9.158196578878716188e-02 1.801368609136124732e-01 3.090267080950128697e-01 4.671728783483604097e-01 6.307551770577541905e-01 7.733987553032062312e-01 8.782573104284697729e-01 9.432381794081001747e-01 9.771841597003861901e-01 9.921327631756959864e-01 9.976816740411436069e-01 9.994178452817527036e-01 9.998757082133096219e-01 9.999774770514220368e-01 9.999965407406908868e-01 9.999995501874312520e-01 9.999999505259432597e-01 9.999999954006280056e-01 9.999999996388166945e-01 9.999999999760535996e-01 9.999999999986601829e-01 9.999999999999367173e-01 9.999999999999975575e-01 9.999999999999998890e-01 1.000000000000000000e+00 1.000000000000000000e+00 1.000000000000000000e+00 1.000000000000000000e+00 1.000000000000000000e+00 1.000000000000000000e+00 1.000000000000000000e+00 1.000000000000000000e+00 1.000000000000000000e+00 1.000000000000000000e+00 1.000000000000000000e+00 1.000000000000000000e+00 1.000000000000000000e+00 1.000000000000000000e+00 1.000000000000000000e+00 1.000000000000000000e+00 1.000000000000000000e+00 1.000000000000000000e+00 1.000000000000000000e+00 1.000000000000000000e+00 1.000000000000000000e+00 1.000000000000000000e+00 1.000000000000000000e+00 1.000000000000000000e+00 1.000000000000000000e+00 1.000000000000000000e+00 1.000000000000000000e+00 1.000000000000000000e+00 1.000000000000000000e+00 1.000000000000000000e+00 1.000000000000000000e+00 1.000000000000000000e+00 1.000000000000000000e+00 1.000000000000000000e+00 1.000000000000000000e+00 1.000000000000000000e+00 1.000000000000000000e+00 1.000000000000000000e+00 1.000000000000000000e+00 1.000000000000000000e+00 1.000000000000000000e+00 1.000000000000000000e+00 1.000000000000000000e+00 1.000000000000000000e+00 1.000000000000000000e+00 1.000000000000000000e+00 1.000000000000000000e+00 1.000000000000000000e+00 1.000000000000000000e+00 1.000000000000000000e+00 1.000000000000000000e+00 1.000000000000000000e+00
2.641118651924156940e-72 1.005268781426710699e-67 2.686146058963666330e-63 5.039249275476160861e-59 6.637895329287052348e-55 6.139985367235269163e-51 3.988649546887016774e-47 1.819957685695164199e-43 5.833589652836252930e-40 1.313772693728782406e-36 2.079192746204685266e-33 2.312871573855601974e-30 1.808825369661343789e-27 9.948399264176749443e-25 3.849151868350511683e-22 1.048097220081599993e-19 2.009389214883413265e-17 2.713901226383484098e-15 2.583951298194098675e-13 1.735778355188618223e-11 8.235133896711963143e-10 2.762977006161844015e-08 6.566549076907804680e-07 1.107885945580356482e-05 1.330791791600923380e-04 1.142612310647923932e-03 7.051116112715094704e-03 3.152217275477408459e-02 1.032750902476175514e-01 2.522779911300946365e-01 4.714727179140729696e-01 6.999308886303724497e-01 8.686371196882436418e-01 9.568953572035766575e-01 9.895977052381097483e-01 9.981770788851654919e-01 9.997700203540222930e-01 9.999792371159894611e-01 9.999986643057798830e-01 9.999999389629135038e-01 9.999999980233138519e-01 9.999999999547134477e-01 9.999999999992670308e-01 9.999999999999915623e-01 1.000000000000000000e+00 1.000000000000000000e+00 1.000000000000000000e+00 1.000000000000000000e+00 1.000000000000000000e+00 1.000000000000000000e+00 1.000000000000000000e+00 1.000000000000000000e+00 1.000000000000000000e+00 1.000000000000000000e+00 1.000000000000000000e+00 1.000000000000000000e+00 1.000000000000000000e+00 1.000000000000000000e+00 1.000000000000000000e+00 1.000000000000000000e+00 1.000000000000000000e+00 1.000000000000000000e+00 1.000000000000000000e+00 1.000000000000000000e+00 1.000000000000000000e+00 1.000000000000000000e+00 1.000000000000000000e+00 1.000000000000000000e+00 1.000000000000000000e+00 1.000000000000000000e+00 1.000000000000000000e+00 1.000000000000000000e+00 1.000000000000000000e+00 1.000000000000000000e+00 1.000000000000000000e+00 1.000000000000000000e+00 1.000000000000000000e+00 1.000000000000000000e+00 1.000000000000000000e+00 1.000000000000000000e+00 1.000000000000000000e+00 1.000000000000000000e+00 1.000000000000000000e+00 1.000000000000000000e+00 1.000000000000000000e+00 1.000000000000000000e+00 1.000000000000000000e+00 1.000000000000000000e+00 1.000000000000000000e+00 1.000000000000000000e+00 1.000000000000000000e+00 1.000000000000000000e+00 1.000000000000000000e+00 1.000000000000000000e+00 1.000000000000000000e+00 1.000000000000000000e+00 1.000000000000000000e+00 1.000000000000000000e+00 1.000000000000000000e+00 1.000000000000000000e+00
5.747538408356655209e-92 1.004523321912468507e-86 1.223164135354161836e-81 1.037722405627098007e-76 6.134469349208441980e-72 2.526984268225726543e-67 7.254230176114173645e-63 1.451377884712038565e-58 2.024003648353051776e-54 1.967567757557970943e-50 1.333482195710208697e-46 6.301468612436869848e-43 2.076628400177804175e-39 4.773231898736310841e-36 7.653988328174382282e-33 8.564103611240897654e-30 6.688170754292424064e-27 3.646657358827013755e-24 1.388666990425045921e-21 3.694861020035336690e-19 6.872443834075634194e-17 8.941244263318232306e-15 8.142839734506960767e-13 5.195611672377747298e-11 2.325253642795869324e-09 7.309695999003723471e-08 1.617067733569918385e-06 2.523580686589382610e-05 2.787361828076178076e-04 2.188885046292031195e-03 1.229938077679469319e-02 4.991097193406915378e-02 1.482915697911722785e-01 3.292952450019570598e-01 5.635865097101636634e-01 7.769692154800329487e-01 9.137045850954171877e-01 9.753423068823788844e-01 9.948824471269901437e-01 9.992370500578824366e-01 9.999189112365054477e-01 9.999938884381870396e-01 9.999996746000285874e-01 9.999999877948946292e-01 9.999999996781814282e-01 9.999999999940443196e-01 9.999999999999227285e-01 9.999999999999993339e-01 1.000000000000000000e+00 1.000000000000000000e+00 1.000000000000000000e+00 1.000000000000000000e+00 1.000000000000000000e+00 1.000000000000000000e+00 1.000000000000000000e+00 1.000000000000000000e+00 1.000000000000000000e+00 1.000000000000000000e+00 1.000000000000000000e+00 1.000000000000000000e+00 1.000000000000000000e+00 1.000000000000000000e+00 1.000000000000000000e+00 1.000000000000000000e+00 1.000000000000000000e+00 1.000000000000000000e+00 1.000000000000000000e+00 1.000000000000000000e+00 1.000000000000000000e+00 1.000000000000000000e+00 1.000000000000000000e+00 1.000000000000000000e+00 1.000000000000000000e+00 1.000000000000000000e+00 1.000000000000000000e+00 1.000000000000000000e+00 1.000000000000000000e+00 1.000000000000000000e+00 1.000000000000000000e+00 1.000000000000000000e+00 1.000000000000000000e+00 1.000000000000000000e+00 1.000000000000000000e+00 1.000000000000000000e+00 1.000000000000000000e+00 1.000000000000000000e+00 1.000000000000000000e+00 1.000000000000000000e+00 1.000000000000000000e+00 1.000000000000000000e+00 1.000000000000000000e+00 1.000000000000000000e+00 1.000000000000000000e+00 1.000000000000000000e+00 1.000000000000000000e+00 1.000000000000000000e+00 1.000000000000000000e+00 1.000000000000000000e+00 1.000000000000000000e+00 1.000000000000000000e+00
1.385516788589358985e-67 4.445608239670034345e-64 1.143854431282418285e-60 2.360203325538747205e-57 3.905599739304860028e-54 5.183321192368548448e-51 5.517407693632783608e-48 4.710808272106550778e-45 3.226403309764039041e-42 1.772708084260957667e-39 7.814245080912354034e-37 2.763807900734392763e-34 7.844115483106570407e-32 1.786672090778188194e-29 3.266374154747221927e-27 4.793686858870451510e-25 5.648416342974632227e-23 5.344626831804908356e-21 4.061940462107443514e-19 2.480166154680243865e-17 1.216973711077467102e-15 4.800396031789750020e-14 1.522773426403025487e-12 3.886451373019607971e-11 7.984842753136931877e-10 1.321472771651129143e-08 1.763087129583169116e-07 1.898180523020875827e-06 1.651118065144444136e-05 1.162151841208922907e-04 6.632020565023510807e-04 3.076358038953963276e-03 1.163858770419933485e-02 3.607429707198799018e-02 9.217098271670838561e-02 1.957697017423101482e-01 3.496913780036771668e-01 5.336790380469528250e-01 7.106198780448912400e-01 8.475239678173673852e-01 9.327443982462363392e-01 9.754211909920090795e-01 9.926135130191817701e-01 9.981845844352121855e-01 9.996365773689341871e-01 9.999409224521598194e-01 9.999922196499373417e-01 9.999991713680459471e-01 9.999999287315513019e-01 9.999999950555483741e-01 9.999999997235410332e-01 9.999999999875515133e-01 9.999999999995488054e-01 9.999999999999868994e-01 9.999999999999996669e-01 1.000000000000000000e+00 1.000000000000000000e+00 1.000000000000000000e+00 1.000000000000000000e+00 1.000000000000000000e+00 1.000000000000000000e+00 1.000000000000000000e+00 1.000000000000000000e+00 1.000000000000000000e+00 1.000000000000000000e+00 1.000000000000000000e+00 1.000000000000000000e+00 1.000000000000000000e+00 1.000000000000000000e+00 1.000000000000000000e+00 1.000000000000000000e+00 1.000000000000000000e+00 1.000000000000000000e+00 1.000000000000000000e+00 1.000000000000000000e+00 1.000000000000000000e+00 1.000000000000000000e+00 1.000000000000000000e+00 1.000000000000000000e+00 1.000000000000000000e+00 1.000000000000000000e+00 1.000000000000000000e+00 1.000000000000000000e+00 1.000000000000000000e+00 1.000000000000000000e+00 1.000000000000000000e+00 1.000000000000000000e+00 1.000000000000000000e+00 1.000000000000000000e+00 1.000000000000000000e+00 1.000000000000000000e+00 1.000000000000000000e+00 1.000000000000000000e+00 1.000000000000000000e+00 1.000000000000000000e+00 1.000000000000000000e+00 1.000000000000000000e+00 1.000000000000000000e+00 1.000000000000000000e+00 1.000000000000000000e+00
5.580892717585786442e-52 1.835106687121253074e-49 5.200659023370334245e-47 1.270311686507398182e-44 2.674445408283682598e-42 4.853407757543852002e-40 7.592224343196273401e-38 1.023815803266570445e-35 1.190223251009626240e-33 1.192928078409228616e-31 1.030877791809667075e-29 7.681354609588624182e-28 4.935599298653577164e-26 2.734958349931711300e-24 1.307108518411101119e-22 5.388510145388089615e-21 1.916343262384972140e-19 5.880077955107791692e-18 1.556907976625245266e-16 3.557838920530645079e-15 7.018373896010978992e-14 1.195387903554365020e-12 1.758379992759050452e-11 2.234469736147403576e-10 2.453810041971216895e-09 2.329613966311892699e-08 1.912960831822344314e-07 1.359401851835891395e-06 8.365606223767312134e-06 4.461725948701275867e-05 2.064376374170480606e-04 8.296184322273348266e-04 2.900162130551379135e-03 8.835659237644915079e-03 2.351625682760947675e-02 5.484583154788771203e-02 1.125355062265561007e-01 2.041958798039303913e-01 3.298597890101191421e-01 4.785179235095204375e-01 6.302641762573386597e-01 7.639233287638194092e-01 8.655082712572854664e-01 9.321285747723497828e-01 9.698271998070973066e-01 9.882340461157472777e-01 9.959886562594030268e-01 9.988074122157102330e-01 9.996914293967316123e-01 9.999306271713304106e-01 9.999864655813541781e-01 9.999977109483095816e-01 9.999996646720223925e-01 9.999999574814226744e-01 9.999999953363103433e-01 9.999999995577069090e-01 9.999999999637472214e-01 9.999999999974327203e-01 9.999999999998430145e-01 9.999999999999917843e-01 9.999999999999995559e-01 1.000000000000000000e+00 1.000000000000000000e+00 1.000000000000000000e+00 1.000000000000000000e+00 1.000000000000000000e+00 1.000000000000000000e+00 1.000000000000000000e+00 1.000000000000000000e+00 1.000000000000000000e+00 1.000000000000000000e+00 1.000000000000000000e+00 1.000000000000000000e+00 1.000000000000000000e+00 1.000000000000000000e+00 1.000000000000000000e+00 1.000000000000000000e+00 1.000000000000000000e+00 1.000000000000000000e+00 1.000000000000000000e+00 1.000000000000000000e+00 1.000000000000000000e+00 1.000000000000000000e+00 1.000000000000000000e+00 1.000000000000000000e+00 1.000000000000000000e+00 1.000000000000000000e+00 1.000000000000000000e+00 1.000000000000000000e+00 1.000000000000000000e+00 1.000000000000000000e+00 1.000000000000000000e+00 1.000000000000000000e+00 1.000000000000000000e+00 1.000000000000000000e+00 1.000000000000000000e+00 1.000000000000000000e+00 1.000000000000000000e+00 1.000000000000000000e+00 1.000000000000000000e+00
2.255724174540778738e-73 6.793276290192260954e-70 1.676110026871495617e-66 3.388206748976903142e-63 5.611729220653753052e-60 7.615518339297115227e-57 8.468297302794797149e-54 7.716245486688441243e-51 5.761697350806140610e-48 3.525757095185327007e-45 1.768223277636527277e-42 7.268289934303410747e-40 2.448883980878365183e-37 6.763609517466176595e-35 1.531440992744799031e-32 2.842985068082772629e-30 4.327601684256026465e-28 5.402186835995532218e-26 5.530941100668578581e-24 4.645157024844574364e-22 3.200715764534408705e-20 1.809767234572125168e-18 8.398908658854385016e-17 3.200056020127666985e-15 1.001277287144701390e-13 2.573723298025018591e-12 5.436941406371376091e-11 9.443641523476063178e-10 1.349470096858977009e-08 1.587536027977121036e-07 1.538802564457896242e-06 1.230233183275307857e-05 8.122564336192788267e-05 4.436102459003798547e-04 2.008212767769647442e-03 7.555805686110802361e-03 2.371067725333514745e-02 6.234994575700281150e-02 1.382608860060375311e-01 2.607644376935464026e-01 4.231604477615966142e-01 6.000053158375886486e-01 7.582038493833864745e-01 8.744563022260507523e-01 9.446313425483212622e-01 9.794273848203156607e-01 9.935991596827624672e-01 9.983398502337343938e-01 9.996422769087451865e-01 9.999361275742277844e-01 9.999905685362558971e-01 9.999988500884202658e-01 9.999998843808116655e-01 9.999999904227296899e-01 9.999999993469490533e-01 9.999999999633684133e-01 9.999999999983106846e-01 9.999999999999360512e-01 9.999999999999980016e-01 1.000000000000000000e+00 1.000000000000000000e+00 1.000000000000000000e+00 1.000000000000000000e+00 1.000000000000000000e+00 1.000000000000000000e+00 1.000000000000000000e+00 1.000000000000000000e+00 1.000000000000000000e+00 1.000000000000000000e+00 1.000000000000000000e+00 1.000000000000000000e+00 1.000000000000000000e+00 1.000000000000000000e+00 1.000000000000000000e+00 1.000000000000000000e+00 1.000000000000000000e+00 1.000000000000000000e+00 1.000000000000000000e+00 1.000000000000000000e+00 1.000000000000000000e+00 1.000000000000000000e+00 1.000000000000000000e+00 1.000000000000000000e+00 1.000000000000000000e+00 1.000000000000000000e+00 1.000000000000000000e+00 1.000000000000000000e+00 1.000000000000000000e+00 1.000000000000000000e+00 1.000000000000000000e+00 1.000000000000000000e+00 1.000000000000000000e+00 1.000000000000000000e+00 1.000000000000000000e+00 1.000000000000000000e+00 1.000000000000000000e+00 1.000000000000000000e+00 1.000000000000000000e+00 1.000000000000000000e+00 1.000000000000000000e+00
